GlobalSignal	CompCorrVec1	CompCorrVec2	CompCorrVec3	CompCorrVec4	CompCorrVec5	CompCorrVec6	CompCorrVec7	CompCorrVec8	CompCorrVec9	CompCorrVec10	CompCorrVec11	CompCorrVec12
0	-0	-0	-0	0	-0	-0	-0	-0	-0	-0	-0	-0
0	-0	-0	-0	0	-0	-0	-0	-0	-0	-0	-0	-0
2.0256585824578e-05	-5.10334250780328e-06	6.49303096192391e-05	-0.00159831226213738	1.24744917187739e-111	1.45735942946994e-05	-4.24074440695596e-195	-0.211179956016609	0.177703274703355	-0.143653689880454	0.280378356085094	-0.00218411262476185	0.000457215745264668
0	2.67874570231453e-17	-2.58974021531604e-17	-4.2242865845465e-18	-1.55279998949679e-18	-2.5934929488233e-17	-9.36509554751334e-21	-7.92057842239279e-07	-2.37940526079836e-05	-6.85025253454174e-05	-2.45361866055598e-05	-0.000169908459676722	-0.00285008213453108
0	2.32647607205747e-17	1.21608569503836e-16	1.1481970621945e-17	6.14410237541933e-18	-1.07644260087566e-16	-1.12570173122395e-18	1.15909034599808e-07	-1.1689356734896e-05	-7.68937749909318e-05	-4.47004513313501e-05	-0.000296712751159825	0.000114141066178646
0	-9.63981153459327e-22	-3.44224396758969e-20	-9.03133616961547e-21	-8.14241357103106e-18	-7.27686564889028e-18	-5.88242429875981e-19	-1.30832014338315e-06	-6.61623365595513e-06	-7.13027910296072e-06	4.41981381263246e-07	-2.3934777344334e-05	-0.000160637154280662
0	-1.40563673706368e-23	-3.31071886341394e-21	-2.25259903369767e-21	-2.25638989236705e-18	-2.0298947630095e-17	1.51875935088531e-18	-7.44510362940263e-06	6.08787845060697e-06	-6.34511103603181e-06	2.34057308813254e-05	-8.33500650698607e-06	3.39577716251779e-05
0	-0	-0	-0	-4.31512464649231e-17	-0	-4.23750069432135e-18	-1.19244589700007e-10	1.91606872206945e-10	-2.1994367138304e-10	5.52601790489464e-10	-2.62214470885433e-10	-1.35895767800739e-09
0	-0	-0	-0	1.9298798670242e-17	-0	-2.85641678254566e-18	-1.13909173458844e-10	-4.01352388729171e-10	1.29028671535718e-10	-3.48924838687098e-10	2.01480463816546e-10	-1.66699669701216e-09
0	-0	-0	-0	5.10930273783794e-18	-0	-1.31963266406912e-18	-2.2560459155111e-11	-8.27548952803833e-10	3.2504951581823e-11	8.80033599748485e-10	4.86182427219291e-11	-1.34520987389569e-10
0	-0	-0	-0	3.03576608295941e-17	-0	-4.17912697208379e-18	-3.47233780610122e-13	-1.14987968429075e-10	-4.98295318386796e-10	-2.00806570763402e-10	-1.49963202674686e-09	2.14573102829241e-10
0	-0	-0	-0	-1.09504419421036e-17	-0	2.35625375335935e-18	-2.2512294724182e-14	-1.75244335354179e-11	-9.27117313949159e-11	-4.33170422190815e-11	-1.61275847478166e-09	-2.06221522920621e-09
0	-0	-0	-0	4.61870125478825e-17	-0	8.01300199137775e-18	1.54273062732613e-15	3.05601788449943e-12	2.03544167129306e-11	1.13290354701716e-11	3.29927001204611e-09	2.00471937253251e-09
0	-0	-0	-0	-9.32413868337534e-18	-0	3.51647713286093e-18	1.07092980346728e-18	4.89457582190209e-15	3.94426750776256e-14	2.52287145185027e-14	2.06890067494054e-11	-1.06084971127722e-09
0	-0	-0	-0	-5.52943107967607e-18	-0	-5.76013506123956e-18	-6.29404652405857e-20	-7.22765645061046e-16	-7.29391887834586e-15	-5.53083200428869e-15	-3.00186565976246e-11	-4.23320262837763e-09
0	-0	-0	-0	-1.7130394325271e-17	-0	-3.85814243051473e-18	1.98829561173237e-23	5.3328051926657e-19	6.54622264139159e-18	5.7331636783673e-18	1.06797281516045e-13	3.60789104920777e-11
0	-0	-0	-0	3.68628738645072e-17	-0	-3.79996599085327e-18	1.55893163618982e-26	9.79992386335827e-22	1.46528806866942e-20	1.48397364321395e-20	9.73884695488969e-16	8.57677758113971e-13
0	-0	-0	-0	3.3881317890172e-18	-0	-1.73976596899093e-18	3.82601856832349e-28	5.67182719004086e-23	1.03536517973643e-21	1.21497601915449e-21	2.91505708131261e-16	7.22118664395283e-13
0	-0	-0	-0	-2.90566182226115e-17	-0	-1.43140627152096e-18	-5.98318189412272e-31	-2.07608270934485e-25	-4.61358406460271e-24	-6.25718993503161e-24	-5.23651264852925e-18	-3.27142086480858e-14
0	-0	-0	-0	-1.35525271560688e-17	-0	4.58968442064438e-18	4.28395886350905e-34	3.48562548787662e-28	9.43541368125791e-27	1.47965655026616e-26	4.36869036198964e-20	7.03614403583217e-16
0	-0	-0	-0	1.00288700954909e-17	-0	-4.20345559466989e-18	-1.43022842161197e-37	-2.71460722918454e-31	-8.93126821258838e-30	-1.61603089418799e-29	-1.63519297267489e-22	-6.37531800937397e-18
0.00260441783864499	-0	-0	-0	-2.2659825404947e-17	-0	-3.51984541231525e-18	-2.81533837754237e-41	-1.24520768874584e-34	-4.97394654839148e-33	-1.03701824176087e-32	-3.61083161734824e-25	-3.4107818043941e-20
0	-0	-0	-0	8.45677694538693e-18	-0	-3.05526603871974e-19	-2.8535217105492e-46	-2.92783354647611e-39	-1.41528816106799e-37	-3.38836262914235e-37	-4.1273629594259e-29	-9.51518385397402e-24
0	-0	-0	-0	-3.8218126580114e-18	-0	3.71863345712399e-18	-2.13986185940184e-49	-4.98038479231351e-42	-2.88458837941912e-40	-7.86132332069735e-40	-3.48436020124621e-31	-1.93519467386653e-25
0.00163371373909375	-0	-0	-0	1.48535697630514e-17	-0	1.31861192319323e-18	7.0802448884474e-54	3.46643757925082e-46	2.35372370190447e-44	7.18215484167606e-44	1.40721895070259e-34	1.89255689047147e-28
0	-0	-0	-0	1.80519661718836e-17	-0	1.39360080880484e-19	-3.72344123600821e-60	-1.83160515888439e-52	-1.24445173181173e-50	-3.79880861251792e-50	-1.00537529930804e-37	-3.27159940250623e-31
0	-0	-0	-0	-2.5804011705155e-17	-0	3.94754411111946e-18	-0	-0	-0	-0	-1.33257664471567e-44	-4.33823692641809e-38
0.00233777568670796	-0	-0	-0	4.24194099984954e-17	-0	7.17863235212102e-18	-0	-0	-0	-0	-0	-0
0	-0	-0	-0	9.32413868337534e-18	-0	-4.17599650705558e-19	-0	-0	-0	-0	-0	-0
0	-0	-0	-0	2.00577401909818e-17	-0	1.73536784967399e-18	-0	-0	-0	-0	-0	-0
0	-0	-0	-0	-1.49619899803e-17	-0	1.61254228205782e-18	-0	-0	-0	-0	-0	-0
0	-0	-0	-0	-1.05167610731094e-17	-0	-8.8945143081051e-18	-0	-0	-0	-0	-0	-0
0	-0	-0	-0	-1.19262238973405e-17	-0	-1.49136569899279e-18	-0	-0	-0	-0	-0	-0
0	-0	-0	-0	1.88651178012478e-17	-0	-1.45272767899013e-17	-0	-0	-0	-0	-0	-0
0	-0	-0	-0	1.43572084559604e-18	-0	-4.51772301607472e-18	-0	-0	-0	-0	-0	-0
0	-0	-0	-0	-5.96311194867027e-19	-0	-2.89280942077555e-18	-0	-0	-0	-0	-0	-0
0	-0	-0	-0	-6.83047368665868e-18	-0	-3.79958383341027e-19	-0	-0	-0	-0	-0	-0
0.0048886953560339	-0	-0	-0	1.00288700954909e-18	-0	2.20842499736755e-18	-0	-0	-0	-0	-0	-0
0	-0	-0	-0	-2.16840434497101e-19	-0	-4.27353268180416e-18	-0	-0	-0	-0	-0	-0
0	-0	-0	-0	-5.42101086242752e-19	-0	-2.8982423430388e-19	-0	-0	-0	-0	-0	-0
0	-0	-0	-0	-3.14418630020796e-18	-0	2.31667977849359e-18	-0	-0	-0	-0	-0	-0
0.00024174795583256	-0	-0	-0	6.93889390390723e-18	-0	1.01389835514534e-17	-0	-0	-0	-0	-0	-0
0	-0	-0	-0	-1.38235776991902e-17	-0	-1.14863251116818e-18	-0	-0	-0	-0	-0	-0
0	-0	-0	-0	4.33680868994202e-18	-0	3.26745275509062e-18	-0	-0	-0	-0	-0	-0
0	-0	-0	-0	-4.55364912443912e-18	-0	4.24752612334549e-18	-0	-0	-0	-0	-0	-0
0	-0	-0	-0	9.52742659071637e-18	-0	2.09535602507645e-18	-0	-0	-0	-0	-0	-0
0	-0	-0	-0	-3.55076211489003e-18	-0	-8.13275706456011e-19	-0	-0	-0	-0	-0	-0
0	-0	-0	-0	2.05998412772246e-18	-0	-3.41875401529391e-18	-0	-0	-0	-0	-0	-0
0	-0	-0	-0	5.63785129692462e-18	-0	1.31441150004269e-18	-0	-0	-0	-0	-0	-0
0	-0	-0	-0	-1.37693675905659e-17	-0	-2.11553426893907e-18	-0	-0	-0	-0	-0	-0
0	-0	-0	-0	-1.95156391047391e-18	-0	4.33279272806807e-18	-0	-0	-0	-0	-0	-0
0.00230609763709056	-0.000580986657918963	0.00739194822309539	-0.181958804062898	4.53165273759011e-18	0.00165912121876839	-5.35043985153233e-19	0.187192084033722	-0.0440745696534996	-0.022018836329584	0.148591584946324	-0.0218121478005333	0.016960765941691
0.00209395785503094	-0	-0	-0	2.51534904016637e-17	-0	6.90169724612194e-18	-0	-0	-0	-0	-0	-0
0	-0	-0	-0	3.25260651745651e-19	-0	-3.5472879563173e-18	-0	-0	-0	-0	-0	-0
0.00390144794992359	-0	-0	-0	-5.42101086242752e-19	-0	-1.24881111438356e-18	-0	-0	-0	-0	-0	-0
0	-0	-0	-0	-5.42101086242752e-18	-0	-2.48680849661921e-18	-0	-0	-0	-0	-0	-0
0	-0	-0	-0	-6.50521303491303e-19	-0	-6.67961579526371e-19	-0	-0	-0	-0	-0	-0
0	-0	-0	-0	-2.05998412772246e-18	-0	5.80044853557295e-18	-0	-0	-0	-0	-0	-0
0.00284184299566646	-0	-0	-0	1.75640751942652e-17	-0	-3.04580143815091e-18	-0	-0	-0	-0	-0	-0
0.00285156591409149	-0.000584651417218397	0.00743857530243575	-0.18310656745876	8.03161934542448e-18	0.0016695866568947	-1.64586860053106e-19	-0.179523060615268	-0.0244181960399309	0.0389005329307329	-0.118183661141456	0.00964060047863396	0.0257477387353088
0.00476286465517807	-0.0665352837761567	0.00534772359072934	-0.15014000855093	-1.36430496664035e-18	-0.0235092563149498	-7.13899750344115e-19	0.308156354679798	0.872070381453233	0.034089542746546	-0.303954012533625	-0.0103623083905693	-0.15039588290197
0	-0	-0	-0	1.06793913989822e-17	-0	-6.6904617874555e-18	-0	-0	-0	-0	-0	-0
0	-0	-0	-0	2.69695290405769e-18	-0	6.66317144468615e-19	-0	-0	-0	-0	-0	-0
0	-0	-0	-0	-2.27682456221956e-17	-0	-5.98915490307589e-18	-0	-0	-0	-0	-0	-0
0	-0	-0	-0	3.05745012640912e-17	-0	-5.05303377666902e-18	-0	-0	-0	-0	-0	-0
0	-0	-0	-0	2.27682456221956e-18	-0	5.04779239841637e-19	-0	-0	-0	-0	-0	-0
0.00185904129532087	-0	-0	-0	-1.84856470408779e-17	-0	-8.35445801233658e-18	-0	-0	-0	-0	-0	-0
0	-0	-0	-0	2.80808362673746e-17	-0	2.15596685728066e-18	-0	-0	-0	-0	-0	-0
0	-0	-0	-0	-5.31259064517897e-18	-0	-1.10618201572226e-18	-0	-0	-0	-0	-0	-0
0.000744938051367377	-0	-0	-0	0.229810853381913	-0	4.2709915829624e-18	-0	-0	-0	-0	-0	-0
0	-0	-0	-0	1.14549894946163e-17	-0	1.52367165140635e-18	-0	-0	-0	-0	-0	-0
0.00204509187275113	-0.000263070394377233	0.170139416835768	0.0110991025533617	3.88333380247973e-19	-0.0184334532862383	7.82880846912646e-19	-0.0103768122865647	0.0187683562763372	0.185302946571638	0.0769733814615596	0.185270408934388	-0.0462520813441905
0	-0	-0	-0	0	-0	7.79118265337611e-18	-0	-0	-0	-0	-0	-0
0.000949963468248614	-0	-0	-0	0	-0	-1.77291792037598e-19	-0	-0	-0	-0	-0	-0
0.00108003170488225	-0	-0	-0	0	-0	-3.74407112211637e-18	-0	-0	-0	-0	-0	-0
0.0127212557021509	-0	-0	-0	0	-0	-1.24532971798047e-18	-0	-0	-0	-0	-0	-0
0.00109930889849927	-0	-0	-0	0	-0	8.18571594618563e-18	-0	-0	-0	-0	-0	-0
0.00489407120707099	-0	-0	-0	0	-0	2.31219128969472e-18	-0	-0	-0	-0	-0	-0
0	-0	-0	-0	0	-0	-5.98368956567239e-18	-0	-0	-0	-0	-0	-0
0	-0	-0	-0	0	-0	-8.36846414466105e-18	-0	-0	-0	-0	-0	-0
0	-0	-0	-0	0	-0	5.83590273739789e-18	-0	-0	-0	-0	-0	-0
0	-0	-0	-0	0	-0	-5.96693831816288e-18	-0	-0	-0	-0	-0	-0
0	-0	-0	-0	0	-0	-1.11527246182052e-17	-0	-0	-0	-0	-0	-0
0	-0	-0	-0	0	-0	7.3137856509e-18	-0	-0	-0	-0	-0	-0
0	-0	-0	-0	0	-0	1.65669159968677e-18	-0	-0	-0	-0	-0	-0
0	-0	-0	-0	0	-0	-1.11957001406956e-17	-0	-0	-0	-0	-0	-0
0	-0	-0	-0	0	-0	1.0843954871796e-18	-0	-0	-0	-0	-0	-0
0	-0	-0	-0	0	-0	-2.09210417129335e-19	-0	-0	-0	-0	-0	-0
0	-0	-0	-0	0	-0	7.71037176042063e-19	-0	-0	-0	-0	-0	-0
0	-0	-0	-0	0	-0	-1.70300938260063e-18	-0	-0	-0	-0	-0	-0
0	-0	-0	-0	0	-0	-8.31824507909477e-19	-0	-0	-0	-0	-0	-0
0	-0	-0	-0	0	-0	-5.01008190637432e-18	-0	-0	-0	-0	-0	-0
0	-0	-0	-0	0	-0	9.00326777574293e-18	-0	-0	-0	-0	-0	-0
0	-0	-0	-0	0	-0	7.12086123095971e-18	-0	-0	-0	-0	-0	-0
0	-0	-0	-0	0	-0	3.69629442363093e-18	-0	-0	-0	-0	-0	-0
0	-0	-0	-0	0	-0	-9.43786712540979e-20	-0	-0	-0	-0	-0	-0
0	-0	-0	-0	0	-0	-1.83639977612512e-18	-0	-0	-0	-0	-0	-0
0	-0	-0	-0	0	-0	1.06292140026393e-18	-0	-0	-0	-0	-0	-0
0	-0	-0	-0	0	-0	3.13229749175768e-19	-0	-0	-0	-0	-0	-0
0	-0	-0	-0	0	-0	4.21013611209203e-18	-0	-0	-0	-0	-0	-0
0	-0	-0	-0	0	-0	-9.82188032226416e-18	-0	-0	-0	-0	-0	-0
0	-0	-0	-0	0	-0	-5.4782760075479e-18	-0	-0	-0	-0	-0	-0
0	-0	-0	-0	0	-0	-5.73014547303509e-18	-0	-0	-0	-0	-0	-0
0.00103081899646752	-0.000259699361398845	0.00330417954847577	-0.0813350609210062	9.17140805507355e-18	0.000741622402387962	-9.20838782028611e-19	-0.190369516411602	0.00485388582939177	0.0358039097033608	-0.136080241301076	0.0118504696159832	-0.0106117913792985
0	-0	-0	-0	0	-0	-4.85034475940059e-18	-0	-0	-0	-0	-0	-0
0	-0	-0	-0	0	-0	-8.94898404804414e-18	-0	-0	-0	-0	-0	-0
0	-0	-0	-0	0	-0	-1.06279320148615e-17	-0	-0	-0	-0	-0	-0
0	-0	-0	-0	0	-0	-2.69677763224071e-18	-0	-0	-0	-0	-0	-0
0	-0	-0	-0	0	-0	-9.0671121812924e-18	-0	-0	-0	-0	-0	-0
0.000401679220297509	-0	-0	-0	0	-0	0.216739362652648	-0	-0	-0	-0	-0	-0
0	-0	-0	-0	0	-0	4.55055613007993e-17	-0	-0	-0	-0	-0	-0
0	-0	-0	-0	0	-0	-0	-0	-0	-0	-0	-0	-0
0	-0	-0	-0	0	-0	-0	-0	-0	-0	-0	-0	-0
0	-0	-0	-0	0	-0	-0	-0	-0	-0	-0	-0	-0
0	-0	-0	-0	0	-0	-0	-0	-0	-0	-0	-0	-0
0	-0	-0	-0	0	-0	-0	-0	-0	-0	-0	-0	-0
0	-0	-0	-0	0	-0	-0	-0	-0	-0	-0	-0	-0
0	-0	-0	-0	0	-0	-0	-0	-0	-0	-0	-0	-0
0	-0	-0	-0	0	-0	-0	-0	-0	-0	-0	-0	-0
0	-0	-0	-0	0	-0	-0	-0	-0	-0	-0	-0	-0
0	-0	-0	-0	0	-0	-0	-0	-0	-0	-0	-0	-0
0	-0	-0	-0	0	-0	-0	-0	-0	-0	-0	-0	-0
0	-0	-0	-0	0	-0	-0	-0	-0	-0	-0	-0	-0
0	-0	-0	-0	0	-0	-0	-0	-0	-0	-0	-0	-0
0	-0	-0	-0	0	-0	-0	-0	-0	-0	-0	-0	-0
0	-0	-0	-0	0	-0	-0	-0	-0	-0	-0	-0	-0
0	-0	-0	-0	0	-0	-0	-0	-0	-0	-0	-0	-0
0	-0	-0	-0	0	-0	-0	-0	-0	-0	-0	-0	-0
0	-0	-0	-0	0	-0	-0	-0	-0	-0	-0	-0	-0
0	-0	-0	-0	0	-0	-0	-0	-0	-0	-0	-0	-0
0	-0	-0	-0	0	-0	-0	-0	-0	-0	-0	-0	-0
0	-0	-0	-0	0	-0	-0	-0	-0	-0	-0	-0	-0
0	-0	-0	-0	0	-0	-0	-0	-0	-0	-0	-0	-0
0	-0	-0	-0	0	-0	-0	-0	-0	-0	-0	-0	-0
0	-0	-0	-0	0	-0	-0	-0	-0	-0	-0	-0	-0
0	-0	-0	-0	0	-0	-0	-0	-0	-0	-0	-0	-0
0	-0	-0	-0	0	-0	-0	-0	-0	-0	-0	-0	-0
0	-0	-0	-0	0	-0	-0	-0	-0	-0	-0	-0	-0
0	-0	-0	-0	0	-0	-0	-0	-0	-0	-0	-0	-0
0	-0	-0	-0	0	-0	-0	-0	-0	-0	-0	-0	-0
0.00246328621235699	-0.00013273114519114	0.00168875091961388	-0.0415699743042901	1.90751819721668e-18	0.00037903978753114	-8.94739891149654e-19	0.188886362930572	-0.0231660109971735	-0.0293688465560449	0.141919886136975	-0.016501429629688	0.013562418833586
0	-0	-0	-0	0	-0	-0	-0	-0	-0	-0	-0	-0
0.0027518163765082	-0.000693278798815116	0.00882065175708132	-0.217127500942182	-3.02883100070377e-18	0.00197979342548341	7.27679779644266e-19	-0.236197543398975	0.161116174119408	-0.143835755304018	0.311224302659941	-0.0102878533959165	0.00564710602409012
0	-0	-0	-0	0	-0	-0	-0	-0	-0	-0	-0	-0
0	-0	-0	-0	0	-0	-0	-0	-0	-0	-0	-0	-0
0.00143958212509199	-0.000362681091296613	0.00461442584234875	-0.113587836706923	1.02602159692097e-18	0.00103570690654629	9.4118937834226e-19	-0.00136900556510653	-0.0169199172802343	0.00594993133029664	0.00539217160412489	-0.0042985687181056	0.00271747683233721
0	-0	-0	-0	0	-0	-0	-0	-0	-0	-0	-0	-0
0	-0	-0	-0	0	-0	-0	-0	-0	-0	-0	-0	-0
0.00186398713777763	-0	-0	-0	0	-0	-0	-0	-0	-0	-0	-0	-0
0	-0	-0	-0	0	-0	-0	-0	-0	-0	-0	-0	-0
0	-0	-0	-0	0	-0	-0	-0	-0	-0	-0	-0	-0
0	-0	-0	-0	0	-0	-0	-0	-0	-0	-0	-0	-0
0	-0	-0	-0	0	-0	-0	-0	-0	-0	-0	-0	-0
0	-0	-0	-0	0	-0	-0	-0	-0	-0	-0	-0	-0
0	-0	-0	-0	0	-0	-0	-0	-0	-0	-0	-0	-0
0	-0	-0	-0	0	-0	-0	-0	-0	-0	-0	-0	-0
0.00193819697761427	-0	-0	-0	0	-0	-0	-0	-0	-0	-0	-0	-0
0	-0	-0	-0	0	-0	-0	-0	-0	-0	-0	-0	-0
0.00477664897731557	-0	-0	-0	0	-0	-0	-0	-0	-0	-0	-0	-0
0.00526052208471761	-0	-0	-0	0	-0	-0	-0	-0	-0	-0	-0	-0
0	-0	-0	-0	0	-0	-0	-0	-0	-0	-0	-0	-0
0	-0	-0	-0	0	-0	-0	-0	-0	-0	-0	-0	-0
0	-0	-0	-0	0	-0	-0	-0	-0	-0	-0	-0	-0
0	-0	-0	-0	0	-0	-0	-0	-0	-0	-0	-0	-0
0	-0	-0	-0	0	-0	-0	-0	-0	-0	-0	-0	-0
0.00404156017272865	-0	-0	-0	0	-0	-0	-0	-0	-0	-0	-0	-0
0	-0	-0	-0	0	-0	-0	-0	-0	-0	-0	-0	-0
0	-0	-0	-0	0	-0	-0	-0	-0	-0	-0	-0	-0
0	-0	-0	-0	0	-0	-0	-0	-0	-0	-0	-0	-0
0	-0	-0	-0	0	-0	-0	-0	-0	-0	-0	-0	-0
0	-0	-0	-0	0	-0	-0	-0	-0	-0	-0	-0	-0
0.00252896120598571	-0.00063713378628928	0.00810631345013105	-0.19954348383236	4.78963382703315e-18	0.00181946034322613	1.07127828346037e-18	0.186977275916437	-0.0467023722522129	-0.0210943778542956	0.149416291337174	-0.0224772285681481	0.0173423088874448
0.00825852679308659	-0.00044689406359234	0.00568587545730431	-0.139962438458258	5.75431832717209e-18	0.00127619354651421	-6.34495234885062e-19	0.175611933828872	-0.0236939128332691	-0.0219959915848751	0.133569432551012	-0.0218706411809447	-0.0179600327042837
0	-0	-0	-0	0	-0	-0	-0	-0	-0	-0	-0	-0
0	-0	-0	-0	0	-0	-0	-0	-0	-0	-0	-0	-0
0.00164592225280953	-0.000211723210057275	0.136930890969369	0.00893273310710426	-4.03452380689064e-19	-0.014835534463849	7.9094774296599e-19	-0.00954091408706915	0.0199237672906855	0.194321146469518	0.0815942003102202	0.205398136949346	-0.0433690430651328
0.00357596492060103	-0.000900910644301799	0.0114623713738454	-0.282155573059065	-5.05991012910117e-18	0.00257272683598865	1.63476892561633e-18	-0.00341064850498243	-0.0420107435010844	0.0147622571978764	0.0134311437117358	-0.0106738570216994	0.00683824251657068
0	-0	-0	-0	0	-0	-0	-0	-0	-0	-0	-0	-0
0	-0	-0	-0	0	-0	-0	-0	-0	-0	-0	-0	-0
0.000137937958078662	-0	-0	-0	0	-0	-0	-0	-0	-0	-0	-0	-0
0.000137937958078662	-0	-0	-0	0	-0	-0	-0	-0	-0	-0	-0	-0
0.000137937958078662	-0	-0	-0	0	-0	-0	-0	-0	-0	-0	-0	-0
0.00229056004415698	-0.000276902543438289	0.179085287694421	0.0116826894724656	-5.99978582830843e-18	-0.0194026777942594	1.31680676447869e-18	-0.010961216671589	0.0199195366128469	0.19613322508031	0.081403520270195	0.190731760023575	-0.0441355946003116
0	-0	-0	-0	0	-0	-0	-0	-0	-0	-0	-0	-0
0	-0	-0	-0	0	-0	-0	-0	-0	-0	-0	-0	-0
0	-0	-0	-0	0	-0	-0	-0	-0	-0	-0	-0	-0
0	-0	-0	-0	0	-0	-0	-0	-0	-0	-0	-0	-0
0	-0	-0	-0	0	-0	-0	-0	-0	-0	-0	-0	-0
0	-0	-0	-0	0	-0	-0	-0	-0	-0	-0	-0	-0
0	-0	-0	-0	0	-0	-0	-0	-0	-0	-0	-0	-0
0	-0	-0	-0	0	-0	-0	-0	-0	-0	-0	-0	-0
0	-0	-0	-0	0	-0	-0	-0	-0	-0	-0	-0	-0
0.0065068369269099	-0	-0	-0	0	-0	-0	-0	-0	-0	-0	-0	-0
0	-0	-0	-0	0	-0	-0	-0	-0	-0	-0	-0	-0
0	-0	-0	-0	0	-0	-0	-0	-0	-0	-0	-0	-0
0.00235179950697247	-0.000592500557510401	0.00753844065707598	-0.185564834203774	3.44300364213152e-18	0.00169200141466944	-1.21285146521856e-18	-0.191634857966529	-0.0106631668614021	0.041257499543089	-0.131119071586174	0.00790453233119378	-0.00804426295010994
0	-0	-0	-0	0	-0	-0	-0	-0	-0	-0	-0	-0
0	-0	-0	-0	0	-0	-0	-0	-0	-0	-0	-0	-0
0	-0	-0	-0	0	-0	-0	-0	-0	-0	-0	-0	-0
0	-0	-0	-0	0	-0	-0	-0	-0	-0	-0	-0	-0
0.00429626309014836	-0	-0	-0	0	-0	-0	-0	-0	-0	-0	-0	-0
0.00228369112099434	-0	-0	-0	0	-0	-0	-0	-0	-0	-0	-0	-0
0	-0	-0	-0	0	-0	-0	-0	-0	-0	-0	-0	-0
0	-0	-0	-0	0	-0	-0	-0	-0	-0	-0	-0	-0
0	-0	-0	-0	0	-0	-0	-0	-0	-0	-0	-0	-0
0	-0	-0	-0	0	-0	-0	-0	-0	-0	-0	-0	-0
0	-0	-0	-0	0	-0	-0	-0	-0	-0	-0	-0	-0
0	-0	-0	-0	0	-0	-0	-0	-0	-0	-0	-0	-0
0	-0	-0	-0	0	-0	-0	-0	-0	-0	-0	-0	-0
0	-0	-0	-0	0	-0	-0	-0	-0	-0	-0	-0	-0
0	-0	-0	-0	0	-0	-0	-0	-0	-0	-0	-0	-0
0	-0	-0	-0	0	-0	-0	-0	-0	-0	-0	-0	-0
0	-0	-0	-0	0	-0	-0	-0	-0	-0	-0	-0	-0
0	-0	-0	-0	0	-0	-0	-0	-0	-0	-0	-0	-0
0	-0	-0	-0	0	-0	-0	-0	-0	-0	-0	-0	-0
0	-0	-0	-0	0	-0	-0	-0	-0	-0	-0	-0	-0
0	-0	-0	-0	0	-0	-0	-0	-0	-0	-0	-0	-0
0	-0	-0	-0	0	-0	-0	-0	-0	-0	-0	-0	-0
0	-0	-0	-0	0	-0	-0	-0	-0	-0	-0	-0	-0
0	-0	-0	-0	0	-0	-0	-0	-0	-0	-0	-0	-0
0.00138545854052203	-0.000349045467197698	0.00444093850670423	-0.109317305155462	-5.55515970544892e-18	0.000996767710675393	-1.79054999649221e-18	-0.190708655917399	0.000688044897706725	0.0372680983804844	-0.134750471919582	0.010791742737037	-0.00994448994153145
0.000623616469090011	-0	-0	-0	0	-0	0.336492975539422	-0	-0	-0	-0	-0	-0
0	-0	-0	-0	0	-0	-0	-0	-0	-0	-0	-0	-0
0	-0	-0	-0	0	-0	-0	-0	-0	-0	-0	-0	-0
0	-0	-0	-0	0	-0	-0	-0	-0	-0	-0	-0	-0
0	-0	-0	-0	0	-0	-0	-0	-0	-0	-0	-0	-0
0	-0	-0	-0	0	-0	-0	-0	-0	-0	-0	-0	-0
0	-0	-0	-0	0	-0	-0	-0	-0	-0	-0	-0	-0
0.00119377381109335	-0.000153561094963953	0.0993148438754458	0.00647883751893419	-7.35939282265979e-19	-0.0107600905730987	-1.3014632646748e-18	-0.0136454291842532	0.0300392243416643	0.286904064753535	0.1139916423834	-0.323298355879666	0.00206350330728465
0	-0	-0	-0	0	-0	-0	-0	-0	-0	-0	-0	-0
0	-0	-0	-0	0	-0	-0	-0	-0	-0	-0	-0	-0
0.00314601613192713	-0	-0	-0	0	-0	-0	-0	-0	-0	-0	-0	-0
0	-0	-0	-0	0	-0	-0	-0	-0	-0	-0	-0	-0
0	-0	-0	-0	0	-0	-0	-0	-0	-0	-0	-0	-0
0.00261481924867603	-0.000658764430402035	0.00838152218192526	-0.206317970096881	-5.8542417451685e-18	0.00188123088500483	7.1089979164744e-19	-0.00249538512983413	-0.0307383888352885	0.0107987638565295	0.00981907483141612	-0.00780313824085174	0.00496850846396861
0	-0	-0	-0	0	-0	-0	-0	-0	-0	-0	-0	-0
0	-0	-0	-0	0	-0	-0	-0	-0	-0	-0	-0	-0
0	-0	-0	-0	0	-0	-0	-0	-0	-0	-0	-0	-0
0	-0	-0	-0	0	-0	-0	-0	-0	-0	-0	-0	-0
0	-0	-0	-0	0	-0	-0	-0	-0	-0	-0	-0	-0
0	-0	-0	-0	0	-0	-0	-0	-0	-0	-0	-0	-0
0	-0	-0	-0	0	-0	-0	-0	-0	-0	-0	-0	-0
0	-0	-0	-0	0	-0	-0	-0	-0	-0	-0	-0	-0
0	-0	-0	-0	0	-0	-0	-0	-0	-0	-0	-0	-0
0	-0	-0	-0	0	-0	-0	-0	-0	-0	-0	-0	-0
0	-0	-0	-0	0	-0	-0	-0	-0	-0	-0	-0	-0
0	-0	-0	-0	0	-0	-0	-0	-0	-0	-0	-0	-0
0	-0	-0	-0	0	-0	-0	-0	-0	-0	-0	-0	-0
0	-0	-0	-0	0	-0	-0	-0	-0	-0	-0	-0	-0
0	-0	-0	-0	0	-0	-0	-0	-0	-0	-0	-0	-0
0	-0	-0	-0	0	-0	-0	-0	-0	-0	-0	-0	-0
0	-0	-0	-0	0	-0	-0	-0	-0	-0	-0	-0	-0
0	-0	-0	-0	0	-0	-0	-0	-0	-0	-0	-0	-0
0.0025411159293147	-0.000640195986246151	0.00814527410993525	-0.20050253208994	-7.55553388950836e-19	0.00182820505509743	-5.02074585420787e-19	0.186969671571583	-0.0468467826344763	-0.0210458250104066	0.149460906346088	-0.0225080286275322	0.0173740257934661
0	-0	-0	-0	0	-0	-0	-0	-0	-0	-0	-0	-0
0.00261599685692882	-0.000336508757386994	0.217635298253529	0.0141975124840027	7.86073044831592e-19	-0.023579310299805	-2.08733162996461e-19	-0.00241026146872993	-0.0200220335264819	-0.17920595581731	-0.0832362795325758	-0.329078433061805	0.0331777908019962
0	-0	-0	-0	0	-0	-0	-0	-0	-0	-0	-0	-0
0.00097986927422808	-0	-0	-0	0.302286336024494	-0	-2.09856217713071e-18	-0	-0	-0	-0	-0	-0
0.000940385107237886	-0	-0	-0	0.290105604896	-0	-2.268537866843e-18	-0	-0	-0	-0	-0	-0
0	-0	-0	-0	0	-0	-0	-0	-0	-0	-0	-0	-0
0	-0	-0	-0	0	-0	-0	-0	-0	-0	-0	-0	-0
0	-0	-0	-0	0	-0	-0	-0	-0	-0	-0	-0	-0
0	-0	-0	-0	0	-0	-0	-0	-0	-0	-0	-0	-0
0	-0	-0	-0	0	-0	-0	-0	-0	-0	-0	-0	-0
0	-0	-0	-0	0	-0	-0	-0	-0	-0	-0	-0	-0
0	-0	-0	-0	0	-0	-0	-0	-0	-0	-0	-0	-0
0	-0	-0	-0	0	-0	-0	-0	-0	-0	-0	-0	-0
0.000944582516985217	-0.00711112593967048	0.00516589766369602	0.0011436109245095	-8.05395983940831e-19	0.266545783484824	3.00923526324462e-19	0.00691341885830595	0.0301208776850243	-0.0167536885065085	-0.0228985524596506	-0.0100869022751274	0.182022821658215
0.00413673385952244	-0.0103964014796573	0.24053895922269	0.0168299913923698	-6.60854443703315e-18	0.35089840951296	-1.81134412721187e-19	-0.00300358074297771	0.0631872699762002	0.175919874421159	0.048867693565821	0.162070902779648	0.26222463644092
0	-0	-0	-0	0	-0	-0	-0	-0	-0	-0	-0	-0
0	-0	-0	-0	0	-0	-0	-0	-0	-0	-0	-0	-0
0	-0	-0	-0	0	-0	-0	-0	-0	-0	-0	-0	-0
0	-0	-0	-0	0	-0	-0	-0	-0	-0	-0	-0	-0
0	-0	-0	-0	0	-0	-0	-0	-0	-0	-0	-0	-0
0	-0	-0	-0	0	-0	-0	-0	-0	-0	-0	-0	-0
0	-0	-0	-0	0	-0	-0	-0	-0	-0	-0	-0	-0
0	-0	-0	-0	0	-0	-0	-0	-0	-0	-0	-0	-0
0	-0	-0	-0	0	-0	-0	-0	-0	-0	-0	-0	-0
0	-0	-0	-0	0	-0	-0	-0	-0	-0	-0	-0	-0
0	-0	-0	-0	0	-0	-0	-0	-0	-0	-0	-0	-0
0	-0	-0	-0	0	-0	-0	-0	-0	-0	-0	-0	-0
0	-0	-0	-0	0	-0	-0	-0	-0	-0	-0	-0	-0
0	-0	-0	-0	0	-0	-0	-0	-0	-0	-0	-0	-0
0	-0	-0	-0	0	-0	-0	-0	-0	-0	-0	-0	-0
0	-0	-0	-0	0	-0	-0	-0	-0	-0	-0	-0	-0
0.000965843898394553	-0	-0	-0	0	-0	-0	-0	-0	-0	-0	-0	-0
0	-0	-0	-0	0	-0	-0	-0	-0	-0	-0	-0	-0
0	-0	-0	-0	0	-0	-0	-0	-0	-0	-0	-0	-0
0	-0	-0	-0	0	-0	-0	-0	-0	-0	-0	-0	-0
0	-0	-0	-0	0	-0	-0	-0	-0	-0	-0	-0	-0
0	-0	-0	-0	0	-0	-0	-0	-0	-0	-0	-0	-0
0	-0	-0	-0	0	-0	-0	-0	-0	-0	-0	-0	-0
0	-0	-0	-0	0	-0	-0	-0	-0	-0	-0	-0	-0
0	-0	-0	-0	0	-0	-0	-0	-0	-0	-0	-0	-0
0	-0	-0	-0	0	-0	-0	-0	-0	-0	-0	-0	-0
0	-0	-0	-0	0	-0	-0	-0	-0	-0	-0	-0	-0
0.00204030361028651	-0	-0	-0	0	-0	-0	-0	-0	-0	-0	-0	-0
0	-0	-0	-0	0	-0	-0	-0	-0	-0	-0	-0	-0
0.00277418867221099	-0	-0	-0	0	-0	-0	-0	-0	-0	-0	-0	-0
0	-0	-0	-0	0	-0	-0	-0	-0	-0	-0	-0	-0
0	-0	-0	-0	0	-0	-0	-0	-0	-0	-0	-0	-0
0.000825662002247943	-0	-0	-0	0	-0	-0	-0	-0	-0	-0	-0	-0
0	-0	-0	-0	0	-0	-0	-0	-0	-0	-0	-0	-0
0	-0	-0	-0	0	-0	-0	-0	-0	-0	-0	-0	-0
0	-0	-0	-0	0	-0	-0	-0	-0	-0	-0	-0	-0
0	-0	-0	-0	0	-0	-0	-0	-0	-0	-0	-0	-0
0	-0	-0	-0	0	-0	-0	-0	-0	-0	-0	-0	-0
0.000953704968766356	-0.000182116833330439	0.00231708970281072	-0.0570370433484896	8.4562475497949e-18	0.000520070294831144	7.6657468850253e-19	-0.190073939914371	0.00847070532166644	0.0345364655300072	-0.13724417520384	0.0127677745415436	-0.0111926182249261
0.00891992550064888	-0	-0	-0	0	-0	-0	-0	-0	-0	-0	-0	-0
0	-0	-0	-0	0	-0	-0	-0	-0	-0	-0	-0	-0
0	-0	-0	-0	0	-0	-0	-0	-0	-0	-0	-0	-0
0	-0	-0	-0	0	-0	-0	-0	-0	-0	-0	-0	-0
0	-0	-0	-0	0	-0	-0	-0	-0	-0	-0	-0	-0
0	-0	-0	-0	0	-0	-0	-0	-0	-0	-0	-0	-0
0	-0	-0	-0	0	-0	-0	-0	-0	-0	-0	-0	-0
0	-0	-0	-0	0	-0	-0	-0	-0	-0	-0	-0	-0
0	-0	-0	-0	0	-0	-0	-0	-0	-0	-0	-0	-0
0.0013986766780368	-0.0105296952119592	0.00764932703433628	0.00169338506705029	5.87851453306325e-18	0.394683751059839	9.21404517022047e-19	0.0102385864254731	0.0446000300035185	-0.0247997705307175	-0.0339153534207035	-0.0149077513774793	0.269887387576359
0	-0	-0	-0	0	-0	-0	-0	-0	-0	-0	-0	-0
0	-0	-0	-0	0	-0	-0	-0	-0	-0	-0	-0	-0
0	-0	-0	-0	0	-0	-0	-0	-0	-0	-0	-0	-0
0	-0	-0	-0	0	-0	-0	-0	-0	-0	-0	-0	-0
0	-0	-0	-0	0	-0	-0	-0	-0	-0	-0	-0	-0
0	-0	-0	-0	0	-0	-0	-0	-0	-0	-0	-0	-0
0	-0	-0	-0	0	-0	-0	-0	-0	-0	-0	-0	-0
0	-0	-0	-0	0	-0	-0	-0	-0	-0	-0	-0	-0
0.00249564002495933	-0	-0	-0	0	-0	-0	-0	-0	-0	-0	-0	-0
0.000674886630047952	-0	-0	-0	0	-0	-0	-0	-0	-0	-0	-0	-0
0	-0	-0	-0	0	-0	-0	-0	-0	-0	-0	-0	-0
0	-0	-0	-0	0	-0	-0	-0	-0	-0	-0	-0	-0
0	-0	-0	-0	0	-0	-0	-0	-0	-0	-0	-0	-0
0	-0	-0	-0	0	-0	-0	-0	-0	-0	-0	-0	-0
0	-0	-0	-0	0	-0	-0	-0	-0	-0	-0	-0	-0
0	-0	-0	-0	0	-0	-0	-0	-0	-0	-0	-0	-0
0	-0	-0	-0	0	-0	-0	-0	-0	-0	-0	-0	-0
0	-0	-0	-0	0	-0	-0	-0	-0	-0	-0	-0	-0
0.00106719389549338	-0.00803418447455739	0.00583645616164437	0.00129205715277406	2.79242939908101e-18	0.301144715140812	2.50238129609916e-21	0.00781161856671093	0.0340289356926893	-0.0189289502572829	-0.0258784692578168	-0.011405050313933	0.205778665483547
0	-0	-0	-0	0	-0	-0	-0	-0	-0	-0	-0	-0
0	-0	-0	-0	0	-0	-0	-0	-0	-0	-0	-0	-0
0	-0	-0	-0	0	-0	-0	-0	-0	-0	-0	-0	-0
0	-0	-0	-0	0	-0	-0	-0	-0	-0	-0	-0	-0
0	-0	-0	-0	0	-0	-0	-0	-0	-0	-0	-0	-0
0	-0	-0	-0	0	-0	-0	-0	-0	-0	-0	-0	-0
0.00128376853683644	-0	-0	-0	0	-0	-0	-0	-0	-0	-0	-0	-0
0	-0	-0	-0	0	-0	-0	-0	-0	-0	-0	-0	-0
0	-0	-0	-0	0	-0	-0	-0	-0	-0	-0	-0	-0
0	-0	-0	-0	0	-0	-0	-0	-0	-0	-0	-0	-0
0	-0	-0	-0	0	-0	-0	-0	-0	-0	-0	-0	-0
0	-0	-0	-0	0	-0	-0	-0	-0	-0	-0	-0	-0
0	-0	-0	-0	0	-0	-0	-0	-0	-0	-0	-0	-0
0.00188157710427906	-0.000474035086741175	0.00603119326297875	-0.148462716469664	6.86131097989465e-18	0.00135370005512733	-7.70353781876633e-19	0.231770052713058	-0.215550350519722	0.162948720356824	-0.293799137347463	-0.00352267885161734	0.00318863894482765
0	-0	-0	-0	0	-0	-0	-0	-0	-0	-0	-0	-0
0	-0	-0	-0	0	-0	-0	-0	-0	-0	-0	-0	-0
0.00165102625328408	-0	-0	-0	0	-0	-0	-0	-0	-0	-0	-0	-0
0	-0	-0	-0	0	-0	-0	-0	-0	-0	-0	-0	-0
0	-0	-0	-0	0	-0	-0	-0	-0	-0	-0	-0	-0
0	-0	-0	-0	0	-0	-0	-0	-0	-0	-0	-0	-0
0	-0	-0	-0	0	-0	-0	-0	-0	-0	-0	-0	-0
0	-0	-0	-0	0	-0	-0	-0	-0	-0	-0	-0	-0
0	-0	-0	-0	0	-0	-0	-0	-0	-0	-0	-0	-0
0	-0	-0	-0	0	-0	-0	-0	-0	-0	-0	-0	-0
0	-0	-0	-0	0	-0	-0	-0	-0	-0	-0	-0	-0
0	-0	-0	-0	0	-0	-0	-0	-0	-0	-0	-0	-0
0	-0	-0	-0	0	-0	-0	-0	-0	-0	-0	-0	-0
0	-0	-0	-0	0	-0	-0	-0	-0	-0	-0	-0	-0
0	-0	-0	-0	0	-0	-0	-0	-0	-0	-0	-0	-0
0	-0	-0	-0	0	-0	-0	-0	-0	-0	-0	-0	-0
0	-0	-0	-0	0	-0	-0	-0	-0	-0	-0	-0	-0
0	-0	-0	-0	0	-0	-0	-0	-0	-0	-0	-0	-0
0	-0	-0	-0	0	-0	-0	-0	-0	-0	-0	-0	-0
0	-0	-0	-0	0	-0	-0	-0	-0	-0	-0	-0	-0
0	-0	-0	-0	0	-0	-0	-0	-0	-0	-0	-0	-0
0.00119148469352069	-0.000300176670282809	0.00381917617946948	-0.0940121209116706	6.66711544184681e-18	0.000857213287536251	2.46461470440948e-18	-0.190522370053354	0.00296825502339467	0.0364687632300813	-0.135480864860614	0.0113678066443971	-0.0102919576299748
0	-0	-0	-0	0	-0	-0	-0	-0	-0	-0	-0	-0
0	-0	-0	-0	0	-0	-0	-0	-0	-0	-0	-0	-0
0	-0	-0	-0	0	-0	-0	-0	-0	-0	-0	-0	-0
0	-0	-0	-0	0	-0	-0	-0	-0	-0	-0	-0	-0
0	-0	-0	-0	0	-0	-0	-0	-0	-0	-0	-0	-0
0	-0	-0	-0	0	-0	-0	-0	-0	-0	-0	-0	-0
0	-0	-0	-0	0	-0	-0	-0	-0	-0	-0	-0	-0
0.00392980490217737	-0.000990055312344881	0.0125965674204484	-0.310074729144108	1.0703260522738e-17	0.00282729689930563	-7.52130664008159e-19	-0.237307447921791	0.147250352232876	-0.13893796870255	0.315585949627085	-0.0138194226842878	0.0078859459228611
0	-0	-0	-0	0	-0	-0	-0	-0	-0	-0	-0	-0
0	-0	-0	-0	0	-0	-0	-0	-0	-0	-0	-0	-0
0	-0	-0	-0	0	-0	-0	-0	-0	-0	-0	-0	-0
0	-0	-0	-0	0	-0	-0	-0	-0	-0	-0	-0	-0
0	-0	-0	-0	0	-0	-0	-0	-0	-0	-0	-0	-0
0	-0	-0	-0	0	-0	-0	-0	-0	-0	-0	-0	-0
0	-0	-0	-0	0	-0	-0	-0	-0	-0	-0	-0	-0
0.000279071241940217	-0	-0	-0	0.0860925282940113	-0	-1.82809893224424e-18	-0	-0	-0	-0	-0	-0
0	-0	-0	-0	0	-0	-0	-0	-0	-0	-0	-0	-0
0	-0	-0	-0	0	-0	-0	-0	-0	-0	-0	-0	-0
0	-0	-0	-0	0	-0	-0	-0	-0	-0	-0	-0	-0
0	-0	-0	-0	0	-0	-0	-0	-0	-0	-0	-0	-0
0	-0	-0	-0	0	-0	-0	-0	-0	-0	-0	-0	-0
0	-0	-0	-0	0	-0	-0	-0	-0	-0	-0	-0	-0
0	-0	-0	-0	0	-0	-0	-0	-0	-0	-0	-0	-0
0	-0	-0	-0	0	-0	-0	-0	-0	-0	-0	-0	-0
0	-0	-0	-0	0	-0	-0	-0	-0	-0	-0	-0	-0
0	-0	-0	-0	0	-0	-0	-0	-0	-0	-0	-0	-0
0	-0	-0	-0	0	-0	-0	-0	-0	-0	-0	-0	-0
0	-0	-0	-0	0	-0	-0	-0	-0	-0	-0	-0	-0
0	-0	-0	-0	0	-0	-0	-0	-0	-0	-0	-0	-0
0	-0	-0	-0	0	-0	-0	-0	-0	-0	-0	-0	-0
0	-0	-0	-0	0	-0	-0	-0	-0	-0	-0	-0	-0
0	-0	-0	-0	0	-0	-0	-0	-0	-0	-0	-0	-0
0	-0	-0	-0	0	-0	-0	-0	-0	-0	-0	-0	-0
0	-0	-0	-0	0	-0	-0	-0	-0	-0	-0	-0	-0
0.00206887790018398	-0.000266130110031447	0.172118272108815	0.0112281938481482	-2.78078317427006e-18	-0.0186478488502804	-1.19641817293104e-18	-0.00580172040113331	-3.62067909331688e-05	0.0073250347310135	-0.000815759352120186	-0.0601061500003438	-0.00433605263421502
0	-0	-0	-0	0	-0	-0	-0	-0	-0	-0	-0	-0
0	-0	-0	-0	0	-0	-0	-0	-0	-0	-0	-0	-0
0	-0	-0	-0	0	-0	-0	-0	-0	-0	-0	-0	-0
0	-0	-0	-0	0	-0	-0	-0	-0	-0	-0	-0	-0
0	-0	-0	-0	0	-0	-0	-0	-0	-0	-0	-0	-0
0	-0	-0	-0	0	-0	-0	-0	-0	-0	-0	-0	-0
0	-0	-0	-0	0	-0	-0	-0	-0	-0	-0	-0	-0
0	-0	-0	-0	0	-0	-0	-0	-0	-0	-0	-0	-0
0	-0	-0	-0	0	-0	-0	-0	-0	-0	-0	-0	-0
0	-0	-0	-0	0	-0	-0	-0	-0	-0	-0	-0	-0
0	-0	-0	-0	0	-0	-0	-0	-0	-0	-0	-0	-0
0	-0	-0	-0	0	-0	-0	-0	-0	-0	-0	-0	-0
0.00368193577373633	-0	-0	-0	0	-0	-0	-0	-0	-0	-0	-0	-0
0	-0	-0	-0	0	-0	-0	-0	-0	-0	-0	-0	-0
0	-0	-0	-0	0	-0	-0	-0	-0	-0	-0	-0	-0
0.00890927670414082	-0.000750935500756417	0.161967769366518	-0.149754589717514	1.31401279898744e-18	-0.0153863879117692	1.1625508654125e-18	0.192507444139369	-0.0708817248039964	-0.299259696274854	0.0323707826075554	0.213482215029657	0.00764586260088431
0	-0	-0	-0	0	-0	-0	-0	-0	-0	-0	-0	-0
0	-0	-0	-0	0	-0	-0	-0	-0	-0	-0	-0	-0
0	-0	-0	-0	0	-0	-0	-0	-0	-0	-0	-0	-0
0	-0	-0	-0	0	-0	-0	-0	-0	-0	-0	-0	-0
0	-0	-0	-0	0	-0	-0	-0	-0	-0	-0	-0	-0
0.00300186466164271	-0.00038614486269656	0.249737192620464	0.0162916904491212	8.5620617345236e-18	-0.027057333095568	-1.61717828848968e-19	-0.000840904266809233	-0.0235881370112909	-0.21147257321441	-0.0924338809525132	0.133816899566188	-0.0237759163688596
0	-0	-0	-0	0	-0	-0	-0	-0	-0	-0	-0	-0
0	-0	-0	-0	0	-0	-0	-0	-0	-0	-0	-0	-0
0	-0	-0	-0	0	-0	-0	-0	-0	-0	-0	-0	-0
0	-0	-0	-0	0	-0	-0	-0	-0	-0	-0	-0	-0
0.00132509142891448	-0.000333836880251459	0.00424743821591082	-0.104554138472416	-7.04349254672578e-18	0.000953336611236628	-1.13190543364999e-18	-0.00126578663437131	-0.0155682591588004	0.0054651059632323	0.00498657536704111	-0.00395271435547455	0.0025095273673554
0	-0	-0	-0	0	-0	-0	-0	-0	-0	-0	-0	-0
0	-0	-0	-0	0	-0	-0	-0	-0	-0	-0	-0	-0
0.00239385357599427	-0	-0	-0	0	-0	-0	-0	-0	-0	-0	-0	-0
0.000203446157306382	-0	-0	-0	0	-0	-0	-0	-0	-0	-0	-0	-0
0	-0	-0	-0	0	-0	-0	-0	-0	-0	-0	-0	-0
0	-0	-0	-0	0	-0	-0	-0	-0	-0	-0	-0	-0
0.00456130712017357	-0	-0	-0	0	-0	-0	-0	-0	-0	-0	-0	-0
0	-0	-0	-0	0	-0	-0	-0	-0	-0	-0	-0	-0
0	-0	-0	-0	0	-0	-0	-0	-0	-0	-0	-0	-0
0.00262105294927759	-0.000500508631832095	0.00636801868216431	-0.156753947496129	2.43733730572425e-19	0.00142930044938728	8.29972793022443e-19	-0.00189474180420423	-0.0233441365159164	0.00820058798171366	0.00746558579079314	-0.00593794278424222	0.00378260953510152
0	-0	-0	-0	0	-0	-0	-0	-0	-0	-0	-0	-0
0	-0	-0	-0	0	-0	-0	-0	-0	-0	-0	-0	-0
0	-0	-0	-0	0	-0	-0	-0	-0	-0	-0	-0	-0
0	-0	-0	-0	0	-0	-0	-0	-0	-0	-0	-0	-0
0	-0	-0	-0	0	-0	-0	-0	-0	-0	-0	-0	-0
0	-0	-0	-0	0	-0	-0	-0	-0	-0	-0	-0	-0
0	-0	-0	-0	0	-0	-0	-0	-0	-0	-0	-0	-0
0	-0	-0	-0	0	-0	-0	-0	-0	-0	-0	-0	-0
0	-0	-0	-0	0	-0	-0	-0	-0	-0	-0	-0	-0
0	-0	-0	-0	0	-0	-0	-0	-0	-0	-0	-0	-0
0	-0	-0	-0	0	-0	-0	-0	-0	-0	-0	-0	-0
0	-0	-0	-0	0	-0	-0	-0	-0	-0	-0	-0	-0
0	-0	-0	-0	0	-0	-0	-0	-0	-0	-0	-0	-0
0	-0	-0	-0	0	-0	-0	-0	-0	-0	-0	-0	-0
0	-0	-0	-0	0	-0	-0	-0	-0	-0	-0	-0	-0
0	-0	-0	-0	0	-0	-0	-0	-0	-0	-0	-0	-0
0	-0	-0	-0	0	-0	-0	-0	-0	-0	-0	-0	-0
0	-0	-0	-0	0	-0	-0	-0	-0	-0	-0	-0	-0
0	-0	-0	-0	0	-0	-0	-0	-0	-0	-0	-0	-0
0	-0	-0	-0	0	-0	-0	-0	-0	-0	-0	-0	-0
0	-0	-0	-0	0	-0	-0	-0	-0	-0	-0	-0	-0
0	-0	-0	-0	0	-0	-0	-0	-0	-0	-0	-0	-0
0.00199250728146933	-0.000256306175443609	0.165764693228267	0.0108137159753113	9.21344206508104e-18	-0.017959481617832	7.15278326817147e-20	-0.0105161049266954	0.0199251371610524	0.195578703254569	0.0814659792419934	0.195321426508932	-0.0434563951999615
0	-0	-0	-0	0	-0	-0	-0	-0	-0	-0	-0	-0
0	-0	-0	-0	0	-0	-0	-0	-0	-0	-0	-0	-0
0	-0	-0	-0	0	-0	-0	-0	-0	-0	-0	-0	-0
0.00733712233955766	-0.000256260126057759	0.165734911026152	0.010811773123259	-8.22566929968452e-18	-0.0179562549179789	-9.75389563049461e-19	-0.0158839315869796	0.0300270723205017	0.289739735915543	0.11368471110225	-0.346442885057319	0.000543974287254164
0	-0	-0	-0	0	-0	-0	-0	-0	-0	-0	-0	-0
0	-0	-0	-0	0	-0	-0	-0	-0	-0	-0	-0	-0
2.67408265430997e-05	-0	-0	-0	0	-0	-0	-0	-0	-0	-0	-0	-0
0.0160820408465518	-0	-0	-0	0	-0	-0	-0	-0	-0	-0	-0	-0
0.00748674561313677	-0	-0	-0	0	-0	-0	-0	-0	-0	-0	-0	-0
0.00197821001682156	-0	-0	-0	0	-0	-0	-0	-0	-0	-0	-0	-0
0	-0	-0	-0	0	-0	-0	-0	-0	-0	-0	-0	-0
0	-0	-0	-0	0	-0	-0	-0	-0	-0	-0	-0	-0
0	-0	-0	-0	0	-0	-0	-0	-0	-0	-0	-0	-0
0	-0	-0	-0	0	-0	-0	-0	-0	-0	-0	-0	-0
0	-0	-0	-0	0	-0	-0	-0	-0	-0	-0	-0	-0
0	-0	-0	-0	0	-0	-0	-0	-0	-0	-0	-0	-0
0.00224660261317926	-0.000565997780367081	0.00720124331571824	-0.177264448011152	-4.11104793971914e-18	0.00161631754255149	2.97219435775257e-19	0.187247055673733	-0.0433751348645219	-0.0222649536748417	0.148372604078608	-0.0216310905743199	0.0168838225524226
0	-0	-0	-0	0	-0	-0	-0	-0	-0	-0	-0	-0
0.00272980085863635	-0	-0	-0	0	-0	-0	-0	-0	-0	-0	-0	-0
0	-0	-0	-0	0	-0	-0	-0	-0	-0	-0	-0	-0
0	-0	-0	-0	0	-0	-0	-0	-0	-0	-0	-0	-0
0	-0	-0	-0	0	-0	-0	-0	-0	-0	-0	-0	-0
0	-0	-0	-0	0	-0	-0	-0	-0	-0	-0	-0	-0
0	-0	-0	-0	0	-0	-0	-0	-0	-0	-0	-0	-0
0	-0	-0	-0	0	-0	-0	-0	-0	-0	-0	-0	-0
0	-0	-0	-0	0	-0	-0	-0	-0	-0	-0	-0	-0
0	-0	-0	-0	0	-0	-0	-0	-0	-0	-0	-0	-0
0	-0	-0	-0	0	-0	-0	-0	-0	-0	-0	-0	-0
0	-0	-0	-0	0	-0	-0	-0	-0	-0	-0	-0	-0
0	-0	-0	-0	0	-0	-0	-0	-0	-0	-0	-0	-0
0.000128711436179727	-0	-0	-0	0	-0	-0	-0	-0	-0	-0	-0	-0
0	-0	-0	-0	0	-0	-0	-0	-0	-0	-0	-0	-0
0	-0	-0	-0	0	-0	-0	-0	-0	-0	-0	-0	-0
0	-0	-0	-0	0	-0	-0	-0	-0	-0	-0	-0	-0
0	-0	-0	-0	0	-0	-0	-0	-0	-0	-0	-0	-0
0	-0	-0	-0	0	-0	-0	-0	-0	-0	-0	-0	-0
0	-0	-0	-0	0	-0	-0	-0	-0	-0	-0	-0	-0
0	-0	-0	-0	0	-0	-0	-0	-0	-0	-0	-0	-0
0	-0	-0	-0	0	-0	-0	-0	-0	-0	-0	-0	-0
0	-0	-0	-0	0	-0	-0	-0	-0	-0	-0	-0	-0
0.0060950365667675	-0	-0	-0	0	-0	-0	-0	-0	-0	-0	-0	-0
0	-0	-0	-0	0	-0	-0	-0	-0	-0	-0	-0	-0
0	-0	-0	-0	0	-0	-0	-0	-0	-0	-0	-0	-0
0	-0	-0	-0	0	-0	-0	-0	-0	-0	-0	-0	-0
0	-0	-0	-0	0	-0	-0	-0	-0	-0	-0	-0	-0
0	-0	-0	-0	0	-0	-0	-0	-0	-0	-0	-0	-0
0	-0	-0	-0	0	-0	-0	-0	-0	-0	-0	-0	-0
0	-0	-0	-0	0	-0	-0	-0	-0	-0	-0	-0	-0
0	-0	-0	-0	0	-0	-0	-0	-0	-0	-0	-0	-0
0	-0	-0	-0	0	-0	-0	-0	-0	-0	-0	-0	-0
0	-0	-0	-0	0	-0	-0	-0	-0	-0	-0	-0	-0
0	-0	-0	-0	0	-0	-0	-0	-0	-0	-0	-0	-0
0.000877925602286731	-0	-0	-0	0.270837060205217	-0	-1.5133360296525e-18	-0	-0	-0	-0	-0	-0
0	-0	-0	-0	0	-0	-0	-0	-0	-0	-0	-0	-0
0	-0	-0	-0	0	-0	-0	-0	-0	-0	-0	-0	-0
0	-0	-0	-0	0	-0	-0	-0	-0	-0	-0	-0	-0
0	-0	-0	-0	0	-0	-0	-0	-0	-0	-0	-0	-0
0	-0	-0	-0	0	-0	-0	-0	-0	-0	-0	-0	-0
0	-0	-0	-0	0	-0	-0	-0	-0	-0	-0	-0	-0
0	-0	-0	-0	0	-0	-0	-0	-0	-0	-0	-0	-0
0	-0	-0	-0	0	-0	-0	-0	-0	-0	-0	-0	-0
0	-0	-0	-0	0	-0	-0	-0	-0	-0	-0	-0	-0
0	-0	-0	-0	0	-0	-0	-0	-0	-0	-0	-0	-0
0.0020898286098082	-0.000268825104577585	0.173861245891684	0.0113418973339361	3.89306930469917e-18	-0.0188366882526993	-2.41414309672478e-19	-0.010785177042454	0.0199128315078875	0.195887066542171	0.0814265866094463	0.192549598626921	-0.0450044200031667
0	-0	-0	-0	0	-0	-0	-0	-0	-0	-0	-0	-0
0.000961950283627203	-0.000123740475358031	0.0800285123920434	0.00522068714441138	-4.19842468218435e-18	-0.00867054720289157	7.47022167191423e-19	-0.00269794702420803	-1.74393667296788e-05	0.00342333719660545	-0.000369773637753478	-0.0279122937734741	-0.00189973655648846
0.0018639829385913	-0.000239773446514165	0.155072236308446	0.0101161899222213	-8.09374391814966e-18	-0.0168010263414922	-1.49499528027896e-18	-0.0101527525147701	0.0199269456322531	0.195111145454665	0.0815143480332713	0.199051570001565	-0.0437721037824882
0	-0	-0	-0	0	-0	-0	-0	-0	-0	-0	-0	-0
0.00376459585977702	-0	-0	-0	0	-0	-0	-0	-0	-0	-0	-0	-0
0	-0	-0	-0	0	-0	-0	-0	-0	-0	-0	-0	-0
0	-0	-0	-0	0	-0	-0	-0	-0	-0	-0	-0	-0
0.000705126891867882	-0	-0	-0	0	-0	-0	-0	-0	-0	-0	-0	-0
0	-0	-0	-0	0	-0	-0	-0	-0	-0	-0	-0	-0
0.000389829167487345	-0.00293476139470279	0.00213196576196525	0.000471968183419118	3.49644612714735e-18	0.110003434326508	-2.6107777577545e-19	0.00285307827652496	0.012429265596902	-0.0069134871270885	-0.00944965065981194	-0.00416201208525114	0.0750474401299159
0.000713825489341771	-0	-0	-0	0.220212733891469	-0	-9.13000601105404e-21	-0	-0	-0	-0	-0	-0
0	-0	-0	-0	0	-0	-0	-0	-0	-0	-0	-0	-0
0	-0	-0	-0	0	-0	-0	-0	-0	-0	-0	-0	-0
0.00207593809245861	-0.000267038297869254	0.172705637895344	0.0112665108544106	3.71123515372531e-18	-0.0187114859544368	1.47791472017186e-18	0.00447575376128249	-0.0301065466089898	-0.275294384400124	-0.115252168987697	0.228466774052808	-0.00908883150794118
0	-0	-0	-0	0	-0	-0	-0	-0	-0	-0	-0	-0
0	-0	-0	-0	0	-0	-0	-0	-0	-0	-0	-0	-0
0	-0	-0	-0	0	-0	-0	-0	-0	-0	-0	-0	-0
0.00777416412346171	-0	-0	-0	0	-0	-0	-0	-0	-0	-0	-0	-0
0	-0	-0	-0	0	-0	-0	-0	-0	-0	-0	-0	-0
0	-0	-0	-0	0	-0	-0	-0	-0	-0	-0	-0	-0
0	-0	-0	-0	0	-0	-0	-0	-0	-0	-0	-0	-0
0	-0	-0	-0	0	-0	-0	-0	-0	-0	-0	-0	-0
0.00778402873467393	-0.000678393023677512	0.00863125863147735	-0.212465435463304	-1.56784805920036e-18	0.00193728417840962	-9.87686024523304e-19	-0.191955716136972	-0.0146685864154465	0.0426639186998749	-0.129838700167908	0.00689101236356593	-0.00741815106915654
0	-0	-0	-0	0	-0	-0	-0	-0	-0	-0	-0	-0
0	-0	-0	-0	0	-0	-0	-0	-0	-0	-0	-0	-0
0.00196571435186432	-0	-0	-0	0	-0	-0	-0	-0	-0	-0	-0	-0
0	-0	-0	-0	0	-0	-0	-0	-0	-0	-0	-0	-0
0	-0	-0	-0	0	-0	-0	-0	-0	-0	-0	-0	-0
0	-0	-0	-0	0	-0	-0	-0	-0	-0	-0	-0	-0
0	-0	-0	-0	0	-0	-0	-0	-0	-0	-0	-0	-0
0	-0	-0	-0	0	-0	-0	-0	-0	-0	-0	-0	-0
0	-0	-0	-0	0	-0	-0	-0	-0	-0	-0	-0	-0
0	-0	-0	-0	0	-0	-0	-0	-0	-0	-0	-0	-0
0	-0	-0	-0	0	-0	-0	-0	-0	-0	-0	-0	-0
0	-0	-0	-0	0	-0	-0	-0	-0	-0	-0	-0	-0
0	-0	-0	-0	0	-0	-0	-0	-0	-0	-0	-0	-0
0	-0	-0	-0	0	-0	-0	-0	-0	-0	-0	-0	-0
0	-0	-0	-0	0	-0	-0	-0	-0	-0	-0	-0	-0
0	-0	-0	-0	0	-0	-0	-0	-0	-0	-0	-0	-0
0	-0	-0	-0	0	-0	-0	-0	-0	-0	-0	-0	-0
0	-0	-0	-0	0	-0	-0	-0	-0	-0	-0	-0	-0
0	-0	-0	-0	0	-0	-0	-0	-0	-0	-0	-0	-0
0	-0	-0	-0	0	-0	-0	-0	-0	-0	-0	-0	-0
0	-0	-0	-0	0	-0	-0	-0	-0	-0	-0	-0	-0
0	-0	-0	-0	0	-0	-0	-0	-0	-0	-0	-0	-0
0	-0	-0	-0	0	-0	-0	-0	-0	-0	-0	-0	-0
0	-0	-0	-0	0	-0	-0	-0	-0	-0	-0	-0	-0
0	-0	-0	-0	0	-0	-0	-0	-0	-0	-0	-0	-0
0	-0	-0	-0	0	-0	-0	-0	-0	-0	-0	-0	-0
0	-0	-0	-0	0	-0	-0	-0	-0	-0	-0	-0	-0
0	-0	-0	-0	0	-0	-0	-0	-0	-0	-0	-0	-0
0.0147721274573668	-0	-0	-0	0	-0	-0	-0	-0	-0	-0	-0	-0
0	-0	-0	-0	0	-0	-0	-0	-0	-0	-0	-0	-0
0	-0	-0	-0	0	-0	-0	-0	-0	-0	-0	-0	-0
0	-0	-0	-0	0	-0	-0	-0	-0	-0	-0	-0	-0
0	-0	-0	-0	0	-0	-0	-0	-0	-0	-0	-0	-0
0.00300954993765353	-0	-0	-0	0	-0	-0	-0	-0	-0	-0	-0	-0
0	-0	-0	-0	0	-0	-0	-0	-0	-0	-0	-0	-0
0	-0	-0	-0	0	-0	-0	-0	-0	-0	-0	-0	-0
0.00187146400154079	-0.000240735773051512	0.155694616018855	0.0101567910736876	7.74786992553919e-19	-0.0168684569671028	2.32812923610075e-18	-0.0155444896385404	0.0300293419046039	0.289321023641884	0.113737047530551	-0.34286933927256	0.000521015859523192
0	-0	-0	-0	0	-0	-0	-0	-0	-0	-0	-0	-0
0	-0	-0	-0	0	-0	-0	-0	-0	-0	-0	-0	-0
0.000110469031728341	-1.42101839680245e-05	0.0091903629793377	0.000599536445508156	4.51330918032613e-18	-0.000995713573088952	1.16597530913794e-19	-0.0052364880178957	0.019958378903316	0.188885402726621	0.0821915262435107	0.249923673882945	-0.0399707930741027
0	-0	-0	-0	0	-0	-0	-0	-0	-0	-0	-0	-0
0	-0	-0	-0	0	-0	-0	-0	-0	-0	-0	-0	-0
0	-0	-0	-0	0	-0	-0	-0	-0	-0	-0	-0	-0
0	-0	-0	-0	0	-0	-0	-0	-0	-0	-0	-0	-0
0	-0	-0	-0	0	-0	-0	-0	-0	-0	-0	-0	-0
0	-0	-0	-0	0	-0	-0	-0	-0	-0	-0	-0	-0
0	-0	-0	-0	0	-0	-0	-0	-0	-0	-0	-0	-0
0	-0	-0	-0	0	-0	-0	-0	-0	-0	-0	-0	-0
0	-0	-0	-0	0	-0	-0	-0	-0	-0	-0	-0	-0
0	-0	-0	-0	0	-0	-0	-0	-0	-0	-0	-0	-0
0	-0	-0	-0	0	-0	-0	-0	-0	-0	-0	-0	-0
0	-0	-0	-0	0	-0	-0	-0	-0	-0	-0	-0	-0
0	-0	-0	-0	0	-0	-0	-0	-0	-0	-0	-0	-0
0	-0	-0	-0	0	-0	-0	-0	-0	-0	-0	-0	-0
0	-0	-0	-0	0	-0	-0	-0	-0	-0	-0	-0	-0
0.00242377933660916	-0	-0	-0	0	-0	-0	-0	-0	-0	-0	-0	-0
0.00309337215701036	-0	-0	-0	0	-0	-0	-0	-0	-0	-0	-0	-0
0.0175439230481421	-0	-0	-0	0	-0	-0	-0	-0	-0	-0	-0	-0
0	-0	-0	-0	0	-0	-0	-0	-0	-0	-0	-0	-0
0	-0	-0	-0	0	-0	-0	-0	-0	-0	-0	-0	-0
0	-0	-0	-0	0	-0	-0	-0	-0	-0	-0	-0	-0
0	-0	-0	-0	0	-0	-0	-0	-0	-0	-0	-0	-0
0	-0	-0	-0	0	-0	-0	-0	-0	-0	-0	-0	-0
0	-0	-0	-0	0	-0	-0	-0	-0	-0	-0	-0	-0
0	-0	-0	-0	0	-0	-0	-0	-0	-0	-0	-0	-0
0	-0	-0	-0	0	-0	-0	-0	-0	-0	-0	-0	-0
0	-0	-0	-0	0	-0	-0	-0	-0	-0	-0	-0	-0
0	-0	-0	-0	0	-0	-0	-0	-0	-0	-0	-0	-0
0	-0	-0	-0	0	-0	-0	-0	-0	-0	-0	-0	-0
0	-0	-0	-0	0	-0	-0	-0	-0	-0	-0	-0	-0
0	-0	-0	-0	0	-0	-0	-0	-0	-0	-0	-0	-0
0	-0	-0	-0	0	-0	-0	-0	-0	-0	-0	-0	-0
0	-0	-0	-0	0	-0	-0	-0	-0	-0	-0	-0	-0
0	-0	-0	-0	0	-0	-0	-0	-0	-0	-0	-0	-0
0	-0	-0	-0	0	-0	-0	-0	-0	-0	-0	-0	-0
0	-0	-0	-0	0	-0	-0	-0	-0	-0	-0	-0	-0
0	-0	-0	-0	0	-0	-0	-0	-0	-0	-0	-0	-0
0	-0	-0	-0	0	-0	-0	-0	-0	-0	-0	-0	-0
0	-0	-0	-0	0	-0	-0	-0	-0	-0	-0	-0	-0
0	-0	-0	-0	0	-0	-0	-0	-0	-0	-0	-0	-0
0	-0	-0	-0	0	-0	-0	-0	-0	-0	-0	-0	-0
0	-0	-0	-0	0	-0	-0	-0	-0	-0	-0	-0	-0
0	-0	-0	-0	0	-0	-0	-0	-0	-0	-0	-0	-0
0.000913870875249233	-0	-0	-0	0.281926054571118	-0	7.62619165743264e-20	-0	-0	-0	-0	-0	-0
0	-0	-0	-0	0	-0	-0	-0	-0	-0	-0	-0	-0
0	-0	-0	-0	0	-0	-0	-0	-0	-0	-0	-0	-0
0	-0	-0	-0	0	-0	-0	-0	-0	-0	-0	-0	-0
0	-0	-0	-0	0	-0	-0	-0	-0	-0	-0	-0	-0
0	-0	-0	-0	0	-0	-0	-0	-0	-0	-0	-0	-0
0	-0	-0	-0	0	-0	-0	-0	-0	-0	-0	-0	-0
0	-0	-0	-0	0	-0	-0	-0	-0	-0	-0	-0	-0
0	-0	-0	-0	0	-0	-0	-0	-0	-0	-0	-0	-0
0.00430877393677924	-0	-0	-0	0	-0	-0	-0	-0	-0	-0	-0	-0
0	-0	-0	-0	0	-0	-0	-0	-0	-0	-0	-0	-0
0	-0	-0	-0	0	-0	-0	-0	-0	-0	-0	-0	-0
0.00091689121226753	-0	-0	-0	0.282857818261269	-0	7.58824888273483e-19	-0	-0	-0	-0	-0	-0
0	-0	-0	-0	0	-0	-0	-0	-0	-0	-0	-0	-0
0	-0	-0	-0	0	-0	-0	-0	-0	-0	-0	-0	-0
0	-0	-0	-0	0	-0	-0	-0	-0	-0	-0	-0	-0
0	-0	-0	-0	0	-0	-0	-0	-0	-0	-0	-0	-0
0	-0	-0	-0	0	-0	-0	-0	-0	-0	-0	-0	-0
0	-0	-0	-0	0	-0	-0	-0	-0	-0	-0	-0	-0
0	-0	-0	-0	0	-0	-0	-0	-0	-0	-0	-0	-0
0	-0	-0	-0	0	-0	-0	-0	-0	-0	-0	-0	-0
0	-0	-0	-0	0	-0	-0	-0	-0	-0	-0	-0	-0
0	-0	-0	-0	0	-0	-0	-0	-0	-0	-0	-0	-0
0	-0	-0	-0	0	-0	-0	-0	-0	-0	-0	-0	-0
0	-0	-0	-0	0	-0	-0	-0	-0	-0	-0	-0	-0
0	-0	-0	-0	0	-0	-0	-0	-0	-0	-0	-0	-0
0	-0	-0	-0	0	-0	-0	-0	-0	-0	-0	-0	-0
0	-0	-0	-0	0	-0	-0	-0	-0	-0	-0	-0	-0
0	-0	-0	-0	0	-0	-0	-0	-0	-0	-0	-0	-0
0	-0	-0	-0	0	-0	-0	-0	-0	-0	-0	-0	-0
0	-0	-0	-0	0	-0	-0	-0	-0	-0	-0	-0	-0
0	-0	-0	-0	0	-0	-0	-0	-0	-0	-0	-0	-0
0	-0	-0	-0	0	-0	-0	-0	-0	-0	-0	-0	-0
0	-0	-0	-0	0	-0	-0	-0	-0	-0	-0	-0	-0
0	-0	-0	-0	0	-0	-0	-0	-0	-0	-0	-0	-0
0.00307933495715218	-0.000775792185288382	0.00987047738080205	-0.242969810601513	6.43056825643624e-19	0.00221542656518683	8.30276776343976e-19	-0.192322537038872	-0.019220046955689	0.0442659339563021	-0.12840721662302	0.00573771353919608	-0.00674463473842723
0	-0	-0	-0	0	-0	-0	-0	-0	-0	-0	-0	-0
0.00274715980188682	-0.000692105644789288	0.00880572560740478	-0.216760081655366	-1.12486637139861e-17	0.00197644325433929	1.37798509044488e-18	-0.191999906666665	-0.0153216162316203	0.0429001307573944	-0.129658798290949	0.00672940552284607	-0.00736911311397038
0	-0	-0	-0	0	-0	-0	-0	-0	-0	-0	-0	-0
0	-0	-0	-0	0	-0	-0	-0	-0	-0	-0	-0	-0
0	-0	-0	-0	0	-0	-0	-0	-0	-0	-0	-0	-0
0	-0	-0	-0	0	-0	-0	-0	-0	-0	-0	-0	-0
0	-0	-0	-0	0	-0	-0	-0	-0	-0	-0	-0	-0
0	-0	-0	-0	0	-0	-0	-0	-0	-0	-0	-0	-0
0.00364263628594072	-0.000917707493275204	0.011676079272692	-0.287416166412668	-7.15951951688737e-18	0.00262069352878357	-2.30101843352959e-19	0.230102825489964	-0.236264282035323	0.170240818738706	-0.28722234532648	-0.00878913768891016	0.00657500369687932
0	-0	-0	-0	0	-0	-0	-0	-0	-0	-0	-0	-0
0.0004056494744655	-0	-0	-0	0	-0	-0	-0	-0	-0	-0	-0	-0
0	-0	-0	-0	0	-0	-0	-0	-0	-0	-0	-0	-0
0	-0	-0	-0	0	-0	-0	-0	-0	-0	-0	-0	-0
0	-0	-0	-0	0	-0	-0	-0	-0	-0	-0	-0	-0
0	-0	-0	-0	0	-0	-0	-0	-0	-0	-0	-0	-0
0	-0	-0	-0	0	-0	-0	-0	-0	-0	-0	-0	-0
0	-0	-0	-0	0	-0	-0	-0	-0	-0	-0	-0	-0
0.00488818099396064	-0	-0	-0	0	-0	-0	-0	-0	-0	-0	-0	-0
0	-0	-0	-0	0	-0	-0	-0	-0	-0	-0	-0	-0
0	-0	-0	-0	0	-0	-0	-0	-0	-0	-0	-0	-0
0	-0	-0	-0	0	-0	-0	-0	-0	-0	-0	-0	-0
0	-0	-0	-0	0	-0	-0	-0	-0	-0	-0	-0	-0
0.00085423939478309	-0	-0	-0	0.263529945808522	-0	2.93544913378658e-18	-0	-0	-0	-0	-0	-0
0	-0	-0	-0	0	-0	-0	-0	-0	-0	-0	-0	-0
0.00253724181016241	-0	-0	-0	0.215997284518973	-0	-7.57325209822924e-19	-0	-0	-0	-0	-0	-0
0	-0	-0	-0	0	-0	-0	-0	-0	-0	-0	-0	-0
0	-0	-0	-0	0	-0	-0	-0	-0	-0	-0	-0	-0
0.000560550683236979	-0	-0	-0	0.172927977892989	-0	-1.60352270465855e-19	-0	-0	-0	-0	-0	-0
0	-0	-0	-0	0	-0	-0	-0	-0	-0	-0	-0	-0
0	-0	-0	-0	0	-0	-0	-0	-0	-0	-0	-0	-0
0	-0	-0	-0	0	-0	-0	-0	-0	-0	-0	-0	-0
0	-0	-0	-0	0	-0	-0	-0	-0	-0	-0	-0	-0
0	-0	-0	-0	0	-0	-0	-0	-0	-0	-0	-0	-0
0	-0	-0	-0	0	-0	-0	-0	-0	-0	-0	-0	-0
0	-0	-0	-0	0	-0	-0	-0	-0	-0	-0	-0	-0
0	-0	-0	-0	0	-0	-0	-0	-0	-0	-0	-0	-0
0	-0	-0	-0	0	-0	-0	-0	-0	-0	-0	-0	-0
0	-0	-0	-0	0	-0	-0	-0	-0	-0	-0	-0	-0
0	-0	-0	-0	0	-0	-0	-0	-0	-0	-0	-0	-0
0	-0	-0	-0	0	-0	-0	-0	-0	-0	-0	-0	-0
0	-0	-0	-0	0	-0	-0	-0	-0	-0	-0	-0	-0
0	-0	-0	-0	0	-0	-0	-0	-0	-0	-0	-0	-0
0	-0	-0	-0	0	-0	-0	-0	-0	-0	-0	-0	-0
0	-0	-0	-0	0	-0	-0	-0	-0	-0	-0	-0	-0
0	-0	-0	-0	0	-0	-0	-0	-0	-0	-0	-0	-0
0	-0	-0	-0	0	-0	-0	-0	-0	-0	-0	-0	-0
0	-0	-0	-0	0	-0	-0	-0	-0	-0	-0	-0	-0
0	-0	-0	-0	0	-0	-0	-0	-0	-0	-0	-0	-0
0	-0	-0	-0	0	-0	-0	-0	-0	-0	-0	-0	-0
0	-0	-0	-0	0	-0	-0	-0	-0	-0	-0	-0	-0
0	-0	-0	-0	0	-0	-0	-0	-0	-0	-0	-0	-0
0	-0	-0	-0	0	-0	-0	-0	-0	-0	-0	-0	-0
0	-0	-0	-0	0	-0	-0	-0	-0	-0	-0	-0	-0
0.00079196361698427	-0	-0	-0	0.244318080318902	-0	1.93304343995642e-18	-0	-0	-0	-0	-0	-0
0	-0	-0	-0	0	-0	-0	-0	-0	-0	-0	-0	-0
0	-0	-0	-0	0	-0	-0	-0	-0	-0	-0	-0	-0
0	-0	-0	-0	0	-0	-0	-0	-0	-0	-0	-0	-0
0	-0	-0	-0	0	-0	-0	-0	-0	-0	-0	-0	-0
0	-0	-0	-0	0	-0	-0	-0	-0	-0	-0	-0	-0
0.00407172090926989	-0.00102580891849803	0.0130514639346259	-0.321272375988109	-3.17322364843102e-18	0.00292939832591025	-1.23885645292264e-18	0.185505618855796	-0.0648153991765447	-0.0147313865078655	0.155237201718274	-0.0270958925045554	0.0202880540324981
0	-0	-0	-0	0	-0	-0	-0	-0	-0	-0	-0	-0
0	-0	-0	-0	0	-0	-0	-0	-0	-0	-0	-0	-0
0	-0	-0	-0	0	-0	-0	-0	-0	-0	-0	-0	-0
0	-0	-0	-0	0	-0	-0	-0	-0	-0	-0	-0	-0
0	-0	-0	-0	0	-0	-0	-0	-0	-0	-0	-0	-0
0	-0	-0	-0	0	-0	-0	-0	-0	-0	-0	-0	-0
0	-0	-0	-0	0	-0	-0	-0	-0	-0	-0	-0	-0
0	-0	-0	-0	0	-0	-0	-0	-0	-0	-0	-0	-0
0	-0	-0	-0	0	-0	-0	-0	-0	-0	-0	-0	-0
0	-0	-0	-0	0	-0	-0	-0	-0	-0	-0	-0	-0
0	-0	-0	-0	0	-0	-0	-0	-0	-0	-0	-0	-0
0	-0	-0	-0	0	-0	-0	-0	-0	-0	-0	-0	-0
0.00532052585195285	-0	-0	-0	0	-0	-0	-0	-0	-0	-0	-0	-0
0	-0	-0	-0	0	-0	-0	-0	-0	-0	-0	-0	-0
0.0107159989344618	-0	-0	-0	0	-0	-0	-0	-0	-0	-0	-0	-0
0	-0	-0	-0	0	-0	-0	-0	-0	-0	-0	-0	-0
0	-0	-0	-0	0	-0	-0	-0	-0	-0	-0	-0	-0
0	-0	-0	-0	0	-0	-0	-0	-0	-0	-0	-0	-0
0	-0	-0	-0	0	-0	-0	-0	-0	-0	-0	-0	-0
0	-0	-0	-0	0	-0	-0	-0	-0	-0	-0	-0	-0
0	-0	-0	-0	0	-0	-0	-0	-0	-0	-0	-0	-0
0	-0	-0	-0	0	-0	-0	-0	-0	-0	-0	-0	-0
0.00815937951572677	-0	-0	-0	0	-0	-0	-0	-0	-0	-0	-0	-0
0	-0	-0	-0	0	-0	-0	-0	-0	-0	-0	-0	-0
0	-0	-0	-0	0	-0	-0	-0	-0	-0	-0	-0	-0
0	-0	-0	-0	0	-0	-0	-0	-0	-0	-0	-0	-0
0	-0	-0	-0	0	-0	-0	-0	-0	-0	-0	-0	-0
0	-0	-0	-0	0	-0	-0	-0	-0	-0	-0	-0	-0
0	-0	-0	-0	0	-0	-0	-0	-0	-0	-0	-0	-0
0	-0	-0	-0	0	-0	-0	-0	-0	-0	-0	-0	-0
0	-0	-0	-0	0	-0	-0	-0	-0	-0	-0	-0	-0
0	-0	-0	-0	0	-0	-0	-0	-0	-0	-0	-0	-0
0	-0	-0	-0	0	-0	-0	-0	-0	-0	-0	-0	-0
0	-0	-0	-0	0	-0	-0	-0	-0	-0	-0	-0	-0
0	-0	-0	-0	0	-0	-0	-0	-0	-0	-0	-0	-0
0	-0	-0	-0	0	-0	-0	-0	-0	-0	-0	-0	-0
0	-0	-0	-0	0	-0	-0	-0	-0	-0	-0	-0	-0
0	-0	-0	-0	0	-0	-0	-0	-0	-0	-0	-0	-0
0	-0	-0	-0	0	-0	-0	-0	-0	-0	-0	-0	-0
0	-0	-0	-0	0	-0	-0	-0	-0	-0	-0	-0	-0
0	-0	-0	-0	0	-0	-0	-0	-0	-0	-0	-0	-0
0.00110874605124431	-0	-0	-0	0	-0	0.598260752229958	-0	-0	-0	-0	-0	-0
0	-0	-0	-0	0	-0	-0	-0	-0	-0	-0	-0	-0
0	-0	-0	-0	0	-0	-0	-0	-0	-0	-0	-0	-0
0	-0	-0	-0	0	-0	-0	-0	-0	-0	-0	-0	-0
0	-0	-0	-0	0	-0	-0	-0	-0	-0	-0	-0	-0
0	-0	-0	-0	0	-0	-0	-0	-0	-0	-0	-0	-0
0	-0	-0	-0	0	-0	-0	-0	-0	-0	-0	-0	-0
0	-0	-0	-0	0	-0	-0	-0	-0	-0	-0	-0	-0
0.00350186960634611	-0	-0	-0	0	-0	-0	-0	-0	-0	-0	-0	-0
0	-0	-0	-0	0	-0	-0	-0	-0	-0	-0	-0	-0
0	-0	-0	-0	0	-0	-0	-0	-0	-0	-0	-0	-0
0	-0	-0	-0	0	-0	-0	-0	-0	-0	-0	-0	-0
0	-0	-0	-0	0	-0	-0	-0	-0	-0	-0	-0	-0
0	-0	-0	-0	0	-0	-0	-0	-0	-0	-0	-0	-0
0	-0	-0	-0	0	-0	-0	-0	-0	-0	-0	-0	-0
0	-0	-0	-0	0	-0	-0	-0	-0	-0	-0	-0	-0
0	-0	-0	-0	0	-0	-0	-0	-0	-0	-0	-0	-0
0	-0	-0	-0	0	-0	-0	-0	-0	-0	-0	-0	-0
0	-0	-0	-0	0	-0	-0	-0	-0	-0	-0	-0	-0
0	-0	-0	-0	0	-0	-0	-0	-0	-0	-0	-0	-0
0	-0	-0	-0	0	-0	-0	-0	-0	-0	-0	-0	-0
0	-0	-0	-0	0	-0	-0	-0	-0	-0	-0	-0	-0
0	-0	-0	-0	0	-0	-0	-0	-0	-0	-0	-0	-0
0	-0	-0	-0	0	-0	-0	-0	-0	-0	-0	-0	-0
0	-0	-0	-0	0	-0	-0	-0	-0	-0	-0	-0	-0
0	-0	-0	-0	0	-0	-0	-0	-0	-0	-0	-0	-0
0	-0	-0	-0	0	-0	-0	-0	-0	-0	-0	-0	-0
0	-0	-0	-0	0	-0	-0	-0	-0	-0	-0	-0	-0
0	-0	-0	-0	0	-0	-0	-0	-0	-0	-0	-0	-0
0	-0	-0	-0	0	-0	-0	-0	-0	-0	-0	-0	-0
0	-0	-0	-0	0	-0	-0	-0	-0	-0	-0	-0	-0
0	-0	-0	-0	0	-0	-0	-0	-0	-0	-0	-0	-0
0	-0	-0	-0	0	-0	-0	-0	-0	-0	-0	-0	-0
0	-0	-0	-0	0	-0	-0	-0	-0	-0	-0	-0	-0
0.000914537100810972	-0	-0	-0	0.282131582889355	-0	-4.20584945536262e-19	-0	-0	-0	-0	-0	-0
0	-0	-0	-0	0	-0	-0	-0	-0	-0	-0	-0	-0
0	-0	-0	-0	0	-0	-0	-0	-0	-0	-0	-0	-0
0	-0	-0	-0	0	-0	-0	-0	-0	-0	-0	-0	-0
0	-0	-0	-0	0	-0	-0	-0	-0	-0	-0	-0	-0
0	-0	-0	-0	0	-0	-0	-0	-0	-0	-0	-0	-0
0	-0	-0	-0	0	-0	-0	-0	-0	-0	-0	-0	-0
0	-0	-0	-0	0	-0	-0	-0	-0	-0	-0	-0	-0
0	-0	-0	-0	0	-0	-0	-0	-0	-0	-0	-0	-0
0	-0	-0	-0	0	-0	-0	-0	-0	-0	-0	-0	-0
0	-0	-0	-0	0	-0	-0	-0	-0	-0	-0	-0	-0
0	-0	-0	-0	0	-0	-0	-0	-0	-0	-0	-0	-0
0	-0	-0	-0	0	-0	-0	-0	-0	-0	-0	-0	-0
0	-0	-0	-0	0	-0	-0	-0	-0	-0	-0	-0	-0
0	-0	-0	-0	0	-0	-0	-0	-0	-0	-0	-0	-0
0	-0	-0	-0	0	-0	-0	-0	-0	-0	-0	-0	-0
0	-0	-0	-0	0	-0	-0	-0	-0	-0	-0	-0	-0
0	-0	-0	-0	0	-0	-0	-0	-0	-0	-0	-0	-0
0	-0	-0	-0	0	-0	-0	-0	-0	-0	-0	-0	-0
0	-0	-0	-0	0	-0	-0	-0	-0	-0	-0	-0	-0
0	-0	-0	-0	0	-0	-0	-0	-0	-0	-0	-0	-0
0	-0	-0	-0	0	-0	-0	-0	-0	-0	-0	-0	-0
0	-0	-0	-0	0	-0	-0	-0	-0	-0	-0	-0	-0
0	-0	-0	-0	0	-0	-0	-0	-0	-0	-0	-0	-0
0	-0	-0	-0	0	-0	-0	-0	-0	-0	-0	-0	-0
0	-0	-0	-0	0	-0	-0	-0	-0	-0	-0	-0	-0
0	-0	-0	-0	0	-0	-0	-0	-0	-0	-0	-0	-0
0.00229412353827623	-0.00602000653358277	0.00437325086788006	0.000968137155189046	-1.23759454527734e-18	0.225647439194686	-3.98174843980766e-19	0.00582355475987107	0.0247189351576183	-0.0152721169891893	-0.019410805437143	-0.0129702562696124	0.103486364210466
0.0172789937519578	-0	-0	-0	0	-0	-0	-0	-0	-0	-0	-0	-0
0	-0	-0	-0	0	-0	-0	-0	-0	-0	-0	-0	-0
0	-0	-0	-0	0	-0	-0	-0	-0	-0	-0	-0	-0
0	-0	-0	-0	0	-0	-0	-0	-0	-0	-0	-0	-0
0	-0	-0	-0	0	-0	-0	-0	-0	-0	-0	-0	-0
0	-0	-0	-0	0	-0	-0	-0	-0	-0	-0	-0	-0
0	-0	-0	-0	0	-0	-0	-0	-0	-0	-0	-0	-0
0	-0	-0	-0	0	-0	-0	-0	-0	-0	-0	-0	-0
0	-0	-0	-0	0	-0	-0	-0	-0	-0	-0	-0	-0
0	-0	-0	-0	0	-0	-0	-0	-0	-0	-0	-0	-0
0	-0	-0	-0	0	-0	-0	-0	-0	-0	-0	-0	-0
0	-0	-0	-0	0	-0	-0	-0	-0	-0	-0	-0	-0
0	-0	-0	-0	0	-0	-0	-0	-0	-0	-0	-0	-0
0	-0	-0	-0	0	-0	-0	-0	-0	-0	-0	-0	-0
0	-0	-0	-0	0	-0	-0	-0	-0	-0	-0	-0	-0
0	-0	-0	-0	0	-0	-0	-0	-0	-0	-0	-0	-0
0	-0	-0	-0	0	-0	-0	-0	-0	-0	-0	-0	-0
0	-0	-0	-0	0	-0	-0	-0	-0	-0	-0	-0	-0
0	-0	-0	-0	0	-0	-0	-0	-0	-0	-0	-0	-0
0	-0	-0	-0	0	-0	-0	-0	-0	-0	-0	-0	-0
0	-0	-0	-0	0	-0	-0	-0	-0	-0	-0	-0	-0
0	-0	-0	-0	0	-0	-0	-0	-0	-0	-0	-0	-0
0	-0	-0	-0	0	-0	-0	-0	-0	-0	-0	-0	-0
0	-0	-0	-0	0	-0	-0	-0	-0	-0	-0	-0	-0
0	-0	-0	-0	0	-0	-0	-0	-0	-0	-0	-0	-0
0	-0	-0	-0	0	-0	-0	-0	-0	-0	-0	-0	-0
6.6138884712476e-06	-0	-0	-0	0	-0	0.00356874316488706	-0	-0	-0	-0	-0	-0
0	-0	-0	-0	0	-0	-0	-0	-0	-0	-0	-0	-0
0	-0	-0	-0	0	-0	-0	-0	-0	-0	-0	-0	-0
0	-0	-0	-0	0	-0	-0	-0	-0	-0	-0	-0	-0
0	-0	-0	-0	0	-0	-0	-0	-0	-0	-0	-0	-0
0	-0	-0	-0	0	-0	-0	-0	-0	-0	-0	-0	-0
0	-0	-0	-0	0	-0	-0	-0	-0	-0	-0	-0	-0
0	-0	-0	-0	0	-0	-0	-0	-0	-0	-0	-0	-0
0	-0	-0	-0	0	-0	-0	-0	-0	-0	-0	-0	-0
0	-0	-0	-0	0	-0	-0	-0	-0	-0	-0	-0	-0
0	-0	-0	-0	0	-0	-0	-0	-0	-0	-0	-0	-0
0	-0	-0	-0	0	-0	-0	-0	-0	-0	-0	-0	-0
0	-0	-0	-0	0	-0	-0	-0	-0	-0	-0	-0	-0
0	-0	-0	-0	0	-0	-0	-0	-0	-0	-0	-0	-0
0	-0	-0	-0	0	-0	-0	-0	-0	-0	-0	-0	-0
0	-0	-0	-0	0	-0	-0	-0	-0	-0	-0	-0	-0
0	-0	-0	-0	0	-0	-0	-0	-0	-0	-0	-0	-0
0	-0	-0	-0	0	-0	-0	-0	-0	-0	-0	-0	-0
0	-0	-0	-0	0	-0	-0	-0	-0	-0	-0	-0	-0
0	-0	-0	-0	0	-0	-0	-0	-0	-0	-0	-0	-0
0	-0	-0	-0	0	-0	-0	-0	-0	-0	-0	-0	-0
0	-0	-0	-0	0	-0	-0	-0	-0	-0	-0	-0	-0
0	-0	-0	-0	0	-0	-0	-0	-0	-0	-0	-0	-0
0	-0	-0	-0	0	-0	-0	-0	-0	-0	-0	-0	-0
0	-0	-0	-0	0	-0	-0	-0	-0	-0	-0	-0	-0
0	-0	-0	-0	0	-0	-0	-0	-0	-0	-0	-0	-0
0	-0	-0	-0	0	-0	-0	-0	-0	-0	-0	-0	-0
0	-0	-0	-0	0	-0	-0	-0	-0	-0	-0	-0	-0
0	-0	-0	-0	0	-0	-0	-0	-0	-0	-0	-0	-0
0	-0	-0	-0	0	-0	-0	-0	-0	-0	-0	-0	-0
0	-0	-0	-0	0	-0	-0	-0	-0	-0	-0	-0	-0
0	-0	-0	-0	0	-0	-0	-0	-0	-0	-0	-0	-0
0	-0	-0	-0	0	-0	-0	-0	-0	-0	-0	-0	-0
0	-0	-0	-0	0	-0	-0	-0	-0	-0	-0	-0	-0
0	-0	-0	-0	0	-0	-0	-0	-0	-0	-0	-0	-0
0	-0	-0	-0	0	-0	-0	-0	-0	-0	-0	-0	-0
0	-0	-0	-0	0	-0	-0	-0	-0	-0	-0	-0	-0
0	-0	-0	-0	0	-0	-0	-0	-0	-0	-0	-0	-0
0	-0	-0	-0	0	-0	-0	-0	-0	-0	-0	-0	-0
0	-0	-0	-0	0	-0	-0	-0	-0	-0	-0	-0	-0
0	-0	-0	-0	0	-0	-0	-0	-0	-0	-0	-0	-0
0	-0	-0	-0	0	-0	-0	-0	-0	-0	-0	-0	-0
0	-0	-0	-0	0	-0	-0	-0	-0	-0	-0	-0	-0
0	-0	-0	-0	0	-0	-0	-0	-0	-0	-0	-0	-0
0	-0	-0	-0	0	-0	-0	-0	-0	-0	-0	-0	-0
0	-0	-0	-0	0	-0	-0	-0	-0	-0	-0	-0	-0
0	-0	-0	-0	0	-0	-0	-0	-0	-0	-0	-0	-0
0	-0	-0	-0	0	-0	-0	-0	-0	-0	-0	-0	-0
0	-0	-0	-0	0	-0	-0	-0	-0	-0	-0	-0	-0
0	-0	-0	-0	0	-0	-0	-0	-0	-0	-0	-0	-0
0	-0	-0	-0	0	-0	-0	-0	-0	-0	-0	-0	-0
0	-0	-0	-0	0	-0	-0	-0	-0	-0	-0	-0	-0
0	-0	-0	-0	0	-0	-0	-0	-0	-0	-0	-0	-0
0	-0	-0	-0	0	-0	-0	-0	-0	-0	-0	-0	-0
0	-0	-0	-0	0	-0	-0	-0	-0	-0	-0	-0	-0
0	-0	-0	-0	0	-0	-0	-0	-0	-0	-0	-0	-0
0	-0	-0	-0	0	-0	-0	-0	-0	-0	-0	-0	-0
0	-0	-0	-0	0	-0	-0	-0	-0	-0	-0	-0	-0
0	-0	-0	-0	0	-0	-0	-0	-0	-0	-0	-0	-0
0	-0	-0	-0	0	-0	-0	-0	-0	-0	-0	-0	-0
0	-0	-0	-0	0	-0	-0	-0	-0	-0	-0	-0	-0
0	-0	-0	-0	0	-0	-0	-0	-0	-0	-0	-0	-0
0	-0	-0	-0	0	-0	-0	-0	-0	-0	-0	-0	-0
0	-0	-0	-0	0	-0	-0	-0	-0	-0	-0	-0	-0
0	-0	-0	-0	0	-0	-0	-0	-0	-0	-0	-0	-0
0	-0	-0	-0	0	-0	-0	-0	-0	-0	-0	-0	-0
0	-0	-0	-0	0	-0	-0	-0	-0	-0	-0	-0	-0
0.00683666802241472	-0.000238780903689325	0.154430314370427	0.010074313926909	-4.93679918417368e-18	-0.0167314784479297	-1.5303686793212e-18	-0.000278870212317813	-0.02000276944774	-0.181921751909511	-0.0829576215347197	-0.306921835043873	0.0354487533587769
0	-0	-0	-0	0	-0	-0	-0	-0	-0	-0	-0	-0
0	-0	-0	-0	0	-0	-0	-0	-0	-0	-0	-0	-0
0	-0	-0	-0	0	-0	-0	-0	-0	-0	-0	-0	-0
0	-0	-0	-0	0	-0	-0	-0	-0	-0	-0	-0	-0
0	-0	-0	-0	0	-0	-0	-0	-0	-0	-0	-0	-0
0	-0	-0	-0	0	-0	-0	-0	-0	-0	-0	-0	-0
0	-0	-0	-0	0	-0	-0	-0	-0	-0	-0	-0	-0
0	-0	-0	-0	0	-0	-0	-0	-0	-0	-0	-0	-0
0	-0	-0	-0	0	-0	-0	-0	-0	-0	-0	-0	-0
0	-0	-0	-0	0	-0	-0	-0	-0	-0	-0	-0	-0
0	-0	-0	-0	0	-0	-0	-0	-0	-0	-0	-0	-0
0	-0	-0	-0	0	-0	-0	-0	-0	-0	-0	-0	-0
0	-0	-0	-0	0	-0	-0	-0	-0	-0	-0	-0	-0
0	-0	-0	-0	0	-0	-0	-0	-0	-0	-0	-0	-0
0	-0	-0	-0	0	-0	-0	-0	-0	-0	-0	-0	-0
0	-0	-0	-0	0	-0	-0	-0	-0	-0	-0	-0	-0
0	-0	-0	-0	0	-0	-0	-0	-0	-0	-0	-0	-0
0	-0	-0	-0	0	-0	-0	-0	-0	-0	-0	-0	-0
0	-0	-0	-0	0	-0	-0	-0	-0	-0	-0	-0	-0
0	-0	-0	-0	0	-0	-0	-0	-0	-0	-0	-0	-0
0	-0	-0	-0	0	-0	-0	-0	-0	-0	-0	-0	-0
0	-0	-0	-0	0	-0	-0	-0	-0	-0	-0	-0	-0
0	-0	-0	-0	0	-0	-0	-0	-0	-0	-0	-0	-0
0	-0	-0	-0	0	-0	-0	-0	-0	-0	-0	-0	-0
0	-0	-0	-0	0	-0	-0	-0	-0	-0	-0	-0	-0
0	-0	-0	-0	0	-0	-0	-0	-0	-0	-0	-0	-0
0	-0	-0	-0	0	-0	-0	-0	-0	-0	-0	-0	-0
0	-0	-0	-0	0	-0	-0	-0	-0	-0	-0	-0	-0
0	-0	-0	-0	0	-0	-0	-0	-0	-0	-0	-0	-0
0	-0	-0	-0	0	-0	-0	-0	-0	-0	-0	-0	-0
0	-0	-0	-0	0	-0	-0	-0	-0	-0	-0	-0	-0
0	-0	-0	-0	0	-0	-0	-0	-0	-0	-0	-0	-0
0	-0	-0	-0	0	-0	-0	-0	-0	-0	-0	-0	-0
0.00100881212347926	-0.00759466741182506	0.00551716774138796	0.0012213740403228	3.09987588915472e-18	0.28467033107916	-5.45355873932086e-19	0.00741483948988916	0.032947011260971	-0.0167957457073789	-0.0244407312381652	-0.00633171212179362	0.245284998014762
0	-0	-0	-0	0	-0	-0	-0	-0	-0	-0	-0	-0
0	-0	-0	-0	0	-0	-0	-0	-0	-0	-0	-0	-0
0.000296513216874971	-0	-0	-0	0	-0	0.159993553054519	-0	-0	-0	-0	-0	-0
0	-0	-0	-0	0	-0	-0	-0	-0	-0	-0	-0	-0
0	-0	-0	-0	0	-0	-0	-0	-0	-0	-0	-0	-0
0	-0	-0	-0	0	-0	-0	-0	-0	-0	-0	-0	-0
0	-0	-0	-0	0	-0	-0	-0	-0	-0	-0	-0	-0
0	-0	-0	-0	0	-0	-0	-0	-0	-0	-0	-0	-0
0	-0	-0	-0	0	-0	-0	-0	-0	-0	-0	-0	-0
0	-0	-0	-0	0	-0	-0	-0	-0	-0	-0	-0	-0
0	-0	-0	-0	0	-0	-0	-0	-0	-0	-0	-0	-0
0	-0	-0	-0	0	-0	-0	-0	-0	-0	-0	-0	-0
0	-0	-0	-0	0	-0	-0	-0	-0	-0	-0	-0	-0
0	-0	-0	-0	0	-0	-0	-0	-0	-0	-0	-0	-0
0	-0	-0	-0	0	-0	-0	-0	-0	-0	-0	-0	-0
0	-0	-0	-0	0	-0	-0	-0	-0	-0	-0	-0	-0
0	-0	-0	-0	0	-0	-0	-0	-0	-0	-0	-0	-0
0	-0	-0	-0	0	-0	-0	-0	-0	-0	-0	-0	-0
0	-0	-0	-0	0	-0	-0	-0	-0	-0	-0	-0	-0
0	-0	-0	-0	0	-0	-0	-0	-0	-0	-0	-0	-0
0	-0	-0	-0	0	-0	-0	-0	-0	-0	-0	-0	-0
0	-0	-0	-0	0	-0	-0	-0	-0	-0	-0	-0	-0
0	-0	-0	-0	0	-0	-0	-0	-0	-0	-0	-0	-0
0	-0	-0	-0	0	-0	-0	-0	-0	-0	-0	-0	-0
0	-0	-0	-0	0	-0	-0	-0	-0	-0	-0	-0	-0
0	-0	-0	-0	0	-0	-0	-0	-0	-0	-0	-0	-0
0	-0	-0	-0	0	-0	-0	-0	-0	-0	-0	-0	-0
0	-0	-0	-0	0	-0	-0	-0	-0	-0	-0	-0	-0
0	-0	-0	-0	0	-0	-0	-0	-0	-0	-0	-0	-0
0	-0	-0	-0	0	-0	-0	-0	-0	-0	-0	-0	-0
0	-0	-0	-0	0	-0	-0	-0	-0	-0	-0	-0	-0
0	-0	-0	-0	0	-0	-0	-0	-0	-0	-0	-0	-0
0	-0	-0	-0	0	-0	-0	-0	-0	-0	-0	-0	-0
0	-0	-0	-0	0	-0	-0	-0	-0	-0	-0	-0	-0
0	-0	-0	-0	0	-0	-0	-0	-0	-0	-0	-0	-0
0	-0	-0	-0	0	-0	-0	-0	-0	-0	-0	-0	-0
0	-0	-0	-0	0	-0	-0	-0	-0	-0	-0	-0	-0
0	-0	-0	-0	0	-0	-0	-0	-0	-0	-0	-0	-0
0	-0	-0	-0	0	-0	-0	-0	-0	-0	-0	-0	-0
0	-0	-0	-0	0	-0	-0	-0	-0	-0	-0	-0	-0
0	-0	-0	-0	0	-0	-0	-0	-0	-0	-0	-0	-0
0	-0	-0	-0	0	-0	-0	-0	-0	-0	-0	-0	-0
0	-0	-0	-0	0	-0	-0	-0	-0	-0	-0	-0	-0
0	-0	-0	-0	0	-0	-0	-0	-0	-0	-0	-0	-0
0	-0	-0	-0	0	-0	-0	-0	-0	-0	-0	-0	-0
0	-0	-0	-0	0	-0	-0	-0	-0	-0	-0	-0	-0
0	-0	-0	-0	0	-0	-0	-0	-0	-0	-0	-0	-0
0.00343151982178772	-0	-0	-0	0	-0	-0	-0	-0	-0	-0	-0	-0
0	-0	-0	-0	0	-0	-0	-0	-0	-0	-0	-0	-0
0	-0	-0	-0	0	-0	-0	-0	-0	-0	-0	-0	-0
0	-0	-0	-0	0	-0	-0	-0	-0	-0	-0	-0	-0
0	-0	-0	-0	0	-0	-0	-0	-0	-0	-0	-0	-0
0	-0	-0	-0	0	-0	-0	-0	-0	-0	-0	-0	-0
0	-0	-0	-0	0	-0	-0	-0	-0	-0	-0	-0	-0
0	-0	-0	-0	0	-0	-0	-0	-0	-0	-0	-0	-0
0	-0	-0	-0	0	-0	-0	-0	-0	-0	-0	-0	-0
0	-0	-0	-0	0	-0	-0	-0	-0	-0	-0	-0	-0
0	-0	-0	-0	0	-0	-0	-0	-0	-0	-0	-0	-0
0	-0	-0	-0	0	-0	-0	-0	-0	-0	-0	-0	-0
0	-0	-0	-0	0	-0	-0	-0	-0	-0	-0	-0	-0
0	-0	-0	-0	0	-0	-0	-0	-0	-0	-0	-0	-0
0	-0	-0	-0	0	-0	-0	-0	-0	-0	-0	-0	-0
0	-0	-0	-0	0	-0	-0	-0	-0	-0	-0	-0	-0
0	-0	-0	-0	0	-0	-0	-0	-0	-0	-0	-0	-0
0	-0	-0	-0	0	-0	-0	-0	-0	-0	-0	-0	-0
0	-0	-0	-0	0	-0	-0	-0	-0	-0	-0	-0	-0
0	-0	-0	-0	0	-0	-0	-0	-0	-0	-0	-0	-0
0	-0	-0	-0	0	-0	-0	-0	-0	-0	-0	-0	-0
0	-0	-0	-0	0	-0	-0	-0	-0	-0	-0	-0	-0
0	-0	-0	-0	0	-0	-0	-0	-0	-0	-0	-0	-0
0	-0	-0	-0	0	-0	-0	-0	-0	-0	-0	-0	-0
0	-0	-0	-0	0	-0	-0	-0	-0	-0	-0	-0	-0
0	-0	-0	-0	0	-0	-0	-0	-0	-0	-0	-0	-0
0	-0	-0	-0	0	-0	-0	-0	-0	-0	-0	-0	-0
0	-0	-0	-0	0	-0	-0	-0	-0	-0	-0	-0	-0
0	-0	-0	-0	0	-0	-0	-0	-0	-0	-0	-0	-0
0	-0	-0	-0	0	-0	-0	-0	-0	-0	-0	-0	-0
0	-0	-0	-0	0	-0	-0	-0	-0	-0	-0	-0	-0
0	-0	-0	-0	0	-0	-0	-0	-0	-0	-0	-0	-0
0	-0	-0	-0	0	-0	-0	-0	-0	-0	-0	-0	-0
0	-0	-0	-0	0	-0	-0	-0	-0	-0	-0	-0	-0
0.000890948741149032	-0.00670735334412377	0.00487257591328755	0.00107867623551619	-9.90965020816487e-18	0.251411206521519	3.93054138777904e-19	0.00652307984540297	0.0284059898213052	-0.0157981896833717	-0.0216087803358597	-0.00951208670058988	0.17181803731925
0.00276114651800494	-0	-0	-0	0	-0	-0	-0	-0	-0	-0	-0	-0
0	-0	-0	-0	0	-0	-0	-0	-0	-0	-0	-0	-0
0	-0	-0	-0	0	-0	-0	-0	-0	-0	-0	-0	-0
0	-0	-0	-0	0	-0	-0	-0	-0	-0	-0	-0	-0
0	-0	-0	-0	0	-0	-0	-0	-0	-0	-0	-0	-0
0	-0	-0	-0	0	-0	-0	-0	-0	-0	-0	-0	-0
0	-0	-0	-0	0	-0	-0	-0	-0	-0	-0	-0	-0
0	-0	-0	-0	0	-0	-0	-0	-0	-0	-0	-0	-0
0	-0	-0	-0	0	-0	-0	-0	-0	-0	-0	-0	-0
0	-0	-0	-0	0	-0	-0	-0	-0	-0	-0	-0	-0
0	-0	-0	-0	0	-0	-0	-0	-0	-0	-0	-0	-0
0	-0	-0	-0	0	-0	-0	-0	-0	-0	-0	-0	-0
0	-0	-0	-0	0	-0	-0	-0	-0	-0	-0	-0	-0
0	-0	-0	-0	0	-0	-0	-0	-0	-0	-0	-0	-0
0	-0	-0	-0	0	-0	-0	-0	-0	-0	-0	-0	-0
0	-0	-0	-0	0	-0	-0	-0	-0	-0	-0	-0	-0
0	-0	-0	-0	0	-0	-0	-0	-0	-0	-0	-0	-0
0	-0	-0	-0	0	-0	-0	-0	-0	-0	-0	-0	-0
0	-0	-0	-0	0	-0	-0	-0	-0	-0	-0	-0	-0
0	-0	-0	-0	0	-0	-0	-0	-0	-0	-0	-0	-0
0	-0	-0	-0	0	-0	-0	-0	-0	-0	-0	-0	-0
0	-0	-0	-0	0	-0	-0	-0	-0	-0	-0	-0	-0
0	-0	-0	-0	0	-0	-0	-0	-0	-0	-0	-0	-0
0	-0	-0	-0	0	-0	-0	-0	-0	-0	-0	-0	-0
0	-0	-0	-0	0	-0	-0	-0	-0	-0	-0	-0	-0
0	-0	-0	-0	0	-0	-0	-0	-0	-0	-0	-0	-0
0	-0	-0	-0	0	-0	-0	-0	-0	-0	-0	-0	-0
0	-0	-0	-0	0	-0	-0	-0	-0	-0	-0	-0	-0
0	-0	-0	-0	0	-0	-0	-0	-0	-0	-0	-0	-0
0	-0	-0	-0	0	-0	-0	-0	-0	-0	-0	-0	-0
0	-0	-0	-0	0	-0	-0	-0	-0	-0	-0	-0	-0
0	-0	-0	-0	0	-0	-0	-0	-0	-0	-0	-0	-0
0	-0	-0	-0	0	-0	-0	-0	-0	-0	-0	-0	-0
0	-0	-0	-0	0	-0	-0	-0	-0	-0	-0	-0	-0
0	-0	-0	-0	0	-0	-0	-0	-0	-0	-0	-0	-0
0	-0	-0	-0	0	-0	-0	-0	-0	-0	-0	-0	-0
0	-0	-0	-0	0	-0	-0	-0	-0	-0	-0	-0	-0
0	-0	-0	-0	0	-0	-0	-0	-0	-0	-0	-0	-0
0	-0	-0	-0	0	-0	-0	-0	-0	-0	-0	-0	-0
0	-0	-0	-0	0	-0	-0	-0	-0	-0	-0	-0	-0
0	-0	-0	-0	0	-0	-0	-0	-0	-0	-0	-0	-0
0	-0	-0	-0	0	-0	-0	-0	-0	-0	-0	-0	-0
0	-0	-0	-0	0	-0	-0	-0	-0	-0	-0	-0	-0
0	-0	-0	-0	0	-0	-0	-0	-0	-0	-0	-0	-0
0	-0	-0	-0	0	-0	-0	-0	-0	-0	-0	-0	-0
0	-0	-0	-0	0	-0	-0	-0	-0	-0	-0	-0	-0
0.0014609278812452	-0.000368058833907278	0.00468284737044188	-0.115272088144932	7.28547596312205e-19	0.00105106410409198	-1.15894415114661e-18	-0.190776201490901	-0.000204653127235772	0.0375862963778967	-0.134482437718804	0.0105669566599861	-0.00977552113592786
0	-0	-0	-0	0	-0	-0	-0	-0	-0	-0	-0	-0
0	-0	-0	-0	0	-0	-0	-0	-0	-0	-0	-0	-0
0.00136491502446579	-0	-0	-0	0.421071639434331	-0	1.14790831454189e-18	-0	-0	-0	-0	-0	-0
0	-0	-0	-0	0	-0	-0	-0	-0	-0	-0	-0	-0
0	-0	-0	-0	0	-0	-0	-0	-0	-0	-0	-0	-0
0	-0	-0	-0	0	-0	-0	-0	-0	-0	-0	-0	-0
0	-0	-0	-0	0	-0	-0	-0	-0	-0	-0	-0	-0
0	-0	-0	-0	0	-0	-0	-0	-0	-0	-0	-0	-0
0	-0	-0	-0	0	-0	-0	-0	-0	-0	-0	-0	-0
0	-0	-0	-0	0	-0	-0	-0	-0	-0	-0	-0	-0
0	-0	-0	-0	0	-0	-0	-0	-0	-0	-0	-0	-0
0	-0	-0	-0	0	-0	-0	-0	-0	-0	-0	-0	-0
0	-0	-0	-0	0	-0	-0	-0	-0	-0	-0	-0	-0
0	-0	-0	-0	0	-0	-0	-0	-0	-0	-0	-0	-0
0	-0	-0	-0	0	-0	-0	-0	-0	-0	-0	-0	-0
0	-0	-0	-0	0	-0	-0	-0	-0	-0	-0	-0	-0
0	-0	-0	-0	0	-0	-0	-0	-0	-0	-0	-0	-0
0	-0	-0	-0	0	-0	-0	-0	-0	-0	-0	-0	-0
0	-0	-0	-0	0	-0	-0	-0	-0	-0	-0	-0	-0
0	-0	-0	-0	0	-0	-0	-0	-0	-0	-0	-0	-0
0	-0	-0	-0	0	-0	-0	-0	-0	-0	-0	-0	-0
0	-0	-0	-0	0	-0	-0	-0	-0	-0	-0	-0	-0
0	-0	-0	-0	0	-0	-0	-0	-0	-0	-0	-0	-0
0	-0	-0	-0	0	-0	-0	-0	-0	-0	-0	-0	-0
0.00179758686646692	-0	-0	-0	0	-0	-0	-0	-0	-0	-0	-0	-0
0.00621016570927413	-0	-0	-0	0	-0	-0	-0	-0	-0	-0	-0	-0
0	-0	-0	-0	0	-0	-0	-0	-0	-0	-0	-0	-0
0	-0	-0	-0	0	-0	-0	-0	-0	-0	-0	-0	-0
0	-0	-0	-0	0	-0	-0	-0	-0	-0	-0	-0	-0
0	-0	-0	-0	0	-0	-0	-0	-0	-0	-0	-0	-0
0.00842558479077872	-0.0010838251050243	0.700958280605247	0.0457272511376601	1.92826533454559e-18	-0.0759440813978053	-3.04489839331521e-19	-0.0161580285492519	-0.0247320361193301	-0.202405060505678	-0.100035822608867	-0.0887180596421006	-0.0329870247697054
0	-0	-0	-0	0	-0	-0	-0	-0	-0	-0	-0	-0
0	-0	-0	-0	0	-0	-0	-0	-0	-0	-0	-0	-0
0	-0	-0	-0	0	-0	-0	-0	-0	-0	-0	-0	-0
0	-0	-0	-0	0	-0	-0	-0	-0	-0	-0	-0	-0
0	-0	-0	-0	0	-0	-0	-0	-0	-0	-0	-0	-0
0	-0	-0	-0	0	-0	-0	-0	-0	-0	-0	-0	-0
0	-0	-0	-0	0	-0	-0	-0	-0	-0	-0	-0	-0
0	-0	-0	-0	0	-0	-0	-0	-0	-0	-0	-0	-0
0.00694747604918493	-0	-0	-0	0	-0	-0	-0	-0	-0	-0	-0	-0
0	-0	-0	-0	0	-0	-0	-0	-0	-0	-0	-0	-0
0	-0	-0	-0	0	-0	-0	-0	-0	-0	-0	-0	-0
0	-0	-0	-0	0	-0	-0	-0	-0	-0	-0	-0	-0
0	-0	-0	-0	0	-0	-0	-0	-0	-0	-0	-0	-0
0	-0	-0	-0	0	-0	-0	-0	-0	-0	-0	-0	-0
0	-0	-0	-0	0	-0	-0	-0	-0	-0	-0	-0	-0
0	-0	-0	-0	0	-0	-0	-0	-0	-0	-0	-0	-0
0	-0	-0	-0	0	-0	-0	-0	-0	-0	-0	-0	-0
0	-0	-0	-0	0	-0	-0	-0	-0	-0	-0	-0	-0
0	-0	-0	-0	0	-0	-0	-0	-0	-0	-0	-0	-0
0	-0	-0	-0	0	-0	-0	-0	-0	-0	-0	-0	-0
0	-0	-0	-0	0	-0	-0	-0	-0	-0	-0	-0	-0
0	-0	-0	-0	0	-0	-0	-0	-0	-0	-0	-0	-0
0	-0	-0	-0	0	-0	-0	-0	-0	-0	-0	-0	-0
0	-0	-0	-0	0	-0	-0	-0	-0	-0	-0	-0	-0
0	-0	-0	-0	0	-0	-0	-0	-0	-0	-0	-0	-0
0	-0	-0	-0	0	-0	-0	-0	-0	-0	-0	-0	-0
0	-0	-0	-0	0	-0	-0	-0	-0	-0	-0	-0	-0
0	-0	-0	-0	0	-0	-0	-0	-0	-0	-0	-0	-0
0	-0	-0	-0	0	-0	-0	-0	-0	-0	-0	-0	-0
0	-0	-0	-0	0	-0	-0	-0	-0	-0	-0	-0	-0
0	-0	-0	-0	0	-0	-0	-0	-0	-0	-0	-0	-0
0	-0	-0	-0	0	-0	-0	-0	-0	-0	-0	-0	-0
0	-0	-0	-0	0	-0	-0	-0	-0	-0	-0	-0	-0
0	-0	-0	-0	0	-0	-0	-0	-0	-0	-0	-0	-0
0	-0	-0	-0	0	-0	-0	-0	-0	-0	-0	-0	-0
0	-0	-0	-0	0	-0	-0	-0	-0	-0	-0	-0	-0
0	-0	-0	-0	0	-0	-0	-0	-0	-0	-0	-0	-0
0	-0	-0	-0	0	-0	-0	-0	-0	-0	-0	-0	-0
0	-0	-0	-0	0	-0	-0	-0	-0	-0	-0	-0	-0
0	-0	-0	-0	0	-0	-0	-0	-0	-0	-0	-0	-0
0	-0	-0	-0	0	-0	-0	-0	-0	-0	-0	-0	-0
0	-0	-0	-0	0	-0	-0	-0	-0	-0	-0	-0	-0
0	-0	-0	-0	0	-0	-0	-0	-0	-0	-0	-0	-0
0	-0	-0	-0	0	-0	-0	-0	-0	-0	-0	-0	-0
0	-0	-0	-0	0	-0	-0	-0	-0	-0	-0	-0	-0
0	-0	-0	-0	0	-0	-0	-0	-0	-0	-0	-0	-0
0	-0	-0	-0	0	-0	-0	-0	-0	-0	-0	-0	-0
0	-0	-0	-0	0	-0	-0	-0	-0	-0	-0	-0	-0
0	-0	-0	-0	0	-0	-0	-0	-0	-0	-0	-0	-0
0	-0	-0	-0	0	-0	-0	-0	-0	-0	-0	-0	-0
0.0271176574438283	-0.628398743722498	-0.0074427273192165	0.00719548846064974	-3.21531059799772e-18	-0.23674445717246	-3.15840032507314e-19	-0.00963531565637755	0.00378128937380152	0.0196960462472049	0.000176567126607748	0.0274817342902929	0.308919831098221
0	-0	-0	-0	0	-0	-0	-0	-0	-0	-0	-0	-0
0	-0	-0	-0	0	-0	-0	-0	-0	-0	-0	-0	-0
0	-0	-0	-0	0	-0	-0	-0	-0	-0	-0	-0	-0
0	-0	-0	-0	0	-0	-0	-0	-0	-0	-0	-0	-0
0	-0	-0	-0	0	-0	-0	-0	-0	-0	-0	-0	-0
0	-0	-0	-0	0	-0	-0	-0	-0	-0	-0	-0	-0
0	-0	-0	-0	0	-0	-0	-0	-0	-0	-0	-0	-0
0	-0	-0	-0	0	-0	-0	-0	-0	-0	-0	-0	-0
0	-0	-0	-0	0	-0	-0	-0	-0	-0	-0	-0	-0
0	-0	-0	-0	0	-0	-0	-0	-0	-0	-0	-0	-0
0	-0	-0	-0	0	-0	-0	-0	-0	-0	-0	-0	-0
0	-0	-0	-0	0	-0	-0	-0	-0	-0	-0	-0	-0
0	-0	-0	-0	0	-0	-0	-0	-0	-0	-0	-0	-0
0	-0	-0	-0	0	-0	-0	-0	-0	-0	-0	-0	-0
0	-0	-0	-0	0	-0	-0	-0	-0	-0	-0	-0	-0
0	-0	-0	-0	0	-0	-0	-0	-0	-0	-0	-0	-0
0	-0	-0	-0	0	-0	-0	-0	-0	-0	-0	-0	-0
0	-0	-0	-0	0	-0	-0	-0	-0	-0	-0	-0	-0
0	-0	-0	-0	0	-0	-0	-0	-0	-0	-0	-0	-0
0	-0	-0	-0	0	-0	-0	-0	-0	-0	-0	-0	-0
0	-0	-0	-0	0	-0	-0	-0	-0	-0	-0	-0	-0
0	-0	-0	-0	0	-0	-0	-0	-0	-0	-0	-0	-0
0	-0	-0	-0	0	-0	-0	-0	-0	-0	-0	-0	-0
0	-0	-0	-0	0	-0	-0	-0	-0	-0	-0	-0	-0
0	-0	-0	-0	0	-0	-0	-0	-0	-0	-0	-0	-0
0	-0	-0	-0	0	-0	-0	-0	-0	-0	-0	-0	-0
0	-0	-0	-0	0	-0	-0	-0	-0	-0	-0	-0	-0
0	-0	-0	-0	0	-0	-0	-0	-0	-0	-0	-0	-0
0	-0	-0	-0	0	-0	-0	-0	-0	-0	-0	-0	-0
0	-0	-0	-0	0	-0	-0	-0	-0	-0	-0	-0	-0
0	-0	-0	-0	0	-0	-0	-0	-0	-0	-0	-0	-0
0	-0	-0	-0	0	-0	-0	-0	-0	-0	-0	-0	-0
0	-0	-0	-0	0	-0	-0	-0	-0	-0	-0	-0	-0
0	-0	-0	-0	0	-0	-0	-0	-0	-0	-0	-0	-0
0	-0	-0	-0	0	-0	-0	-0	-0	-0	-0	-0	-0
0	-0	-0	-0	0	-0	-0	-0	-0	-0	-0	-0	-0
0	-0	-0	-0	0	-0	-0	-0	-0	-0	-0	-0	-0
0	-0	-0	-0	0	-0	-0	-0	-0	-0	-0	-0	-0
0	-0	-0	-0	0	-0	-0	-0	-0	-0	-0	-0	-0
0	-0	-0	-0	0	-0	-0	-0	-0	-0	-0	-0	-0
0	-0	-0	-0	0	-0	-0	-0	-0	-0	-0	-0	-0
0	-0	-0	-0	0	-0	-0	-0	-0	-0	-0	-0	-0
0	-0	-0	-0	0	-0	-0	-0	-0	-0	-0	-0	-0
0	-0	-0	-0	0	-0	-0	-0	-0	-0	-0	-0	-0
0	-0	-0	-0	0	-0	-0	-0	-0	-0	-0	-0	-0
0.00524496475390822	-0	-0	-0	0	-0	-0	-0	-0	-0	-0	-0	-0
0	-0	-0	-0	0	-0	-0	-0	-0	-0	-0	-0	-0
0	-0	-0	-0	0	-0	-0	-0	-0	-0	-0	-0	-0
0	-0	-0	-0	0	-0	-0	-0	-0	-0	-0	-0	-0
0	-0	-0	-0	0	-0	-0	-0	-0	-0	-0	-0	-0
0	-0	-0	-0	0	-0	-0	-0	-0	-0	-0	-0	-0
0	-0	-0	-0	0	-0	-0	-0	-0	-0	-0	-0	-0
0	-0	-0	-0	0	-0	-0	-0	-0	-0	-0	-0	-0
0	-0	-0	-0	0	-0	-0	-0	-0	-0	-0	-0	-0
0	-0	-0	-0	0	-0	-0	-0	-0	-0	-0	-0	-0
0	-0	-0	-0	0	-0	-0	-0	-0	-0	-0	-0	-0
0	-0	-0	-0	0	-0	-0	-0	-0	-0	-0	-0	-0
0	-0	-0	-0	0	-0	-0	-0	-0	-0	-0	-0	-0
0	-0	-0	-0	0	-0	-0	-0	-0	-0	-0	-0	-0
0	-0	-0	-0	0	-0	-0	-0	-0	-0	-0	-0	-0
0	-0	-0	-0	0	-0	-0	-0	-0	-0	-0	-0	-0
0.0129140518941474	-0	-0	-0	0	-0	-0	-0	-0	-0	-0	-0	-0
0	-0	-0	-0	0	-0	-0	-0	-0	-0	-0	-0	-0
0	-0	-0	-0	0	-0	-0	-0	-0	-0	-0	-0	-0
0	-0	-0	-0	0	-0	-0	-0	-0	-0	-0	-0	-0
0	-0	-0	-0	0	-0	-0	-0	-0	-0	-0	-0	-0
0	-0	-0	-0	0	-0	-0	-0	-0	-0	-0	-0	-0
0	-0	-0	-0	0	-0	-0	-0	-0	-0	-0	-0	-0
0	-0	-0	-0	0	-0	-0	-0	-0	-0	-0	-0	-0
0	-0	-0	-0	0	-0	-0	-0	-0	-0	-0	-0	-0
0	-0	-0	-0	0	-0	-0	-0	-0	-0	-0	-0	-0
0	-0	-0	-0	0	-0	-0	-0	-0	-0	-0	-0	-0
0	-0	-0	-0	0	-0	-0	-0	-0	-0	-0	-0	-0
0	-0	-0	-0	0	-0	-0	-0	-0	-0	-0	-0	-0
0	-0	-0	-0	0	-0	-0	-0	-0	-0	-0	-0	-0
0	-0	-0	-0	0	-0	-0	-0	-0	-0	-0	-0	-0
0	-0	-0	-0	0	-0	-0	-0	-0	-0	-0	-0	-0
0	-0	-0	-0	0	-0	-0	-0	-0	-0	-0	-0	-0
0.00616224517294562	-0	-0	-0	0	-0	-0	-0	-0	-0	-0	-0	-0
0	-0	-0	-0	0	-0	-0	-0	-0	-0	-0	-0	-0
0	-0	-0	-0	0	-0	-0	-0	-0	-0	-0	-0	-0
0	-0	-0	-0	0	-0	-0	-0	-0	-0	-0	-0	-0
0	-0	-0	-0	0	-0	-0	-0	-0	-0	-0	-0	-0
0	-0	-0	-0	0	-0	-0	-0	-0	-0	-0	-0	-0
0	-0	-0	-0	0	-0	-0	-0	-0	-0	-0	-0	-0
0	-0	-0	-0	0	-0	-0	-0	-0	-0	-0	-0	-0
0	-0	-0	-0	0	-0	-0	-0	-0	-0	-0	-0	-0
0	-0	-0	-0	0	-0	-0	-0	-0	-0	-0	-0	-0
0	-0	-0	-0	0	-0	-0	-0	-0	-0	-0	-0	-0
0	-0	-0	-0	0	-0	-0	-0	-0	-0	-0	-0	-0
0	-0	-0	-0	0	-0	-0	-0	-0	-0	-0	-0	-0
0	-0	-0	-0	0	-0	-0	-0	-0	-0	-0	-0	-0
0	-0	-0	-0	0	-0	-0	-0	-0	-0	-0	-0	-0
0	-0	-0	-0	0	-0	-0	-0	-0	-0	-0	-0	-0
0	-0	-0	-0	0	-0	-0	-0	-0	-0	-0	-0	-0
0	-0	-0	-0	0	-0	-0	-0	-0	-0	-0	-0	-0
0	-0	-0	-0	0	-0	-0	-0	-0	-0	-0	-0	-0
0	-0	-0	-0	0	-0	-0	-0	-0	-0	-0	-0	-0
0	-0	-0	-0	0	-0	-0	-0	-0	-0	-0	-0	-0
0	-0	-0	-0	0	-0	-0	-0	-0	-0	-0	-0	-0
0	-0	-0	-0	0	-0	-0	-0	-0	-0	-0	-0	-0
0	-0	-0	-0	0	-0	-0	-0	-0	-0	-0	-0	-0
0	-0	-0	-0	0	-0	-0	-0	-0	-0	-0	-0	-0
0	-0	-0	-0	0	-0	-0	-0	-0	-0	-0	-0	-0
0	-0	-0	-0	0	-0	-0	-0	-0	-0	-0	-0	-0
0	-0	-0	-0	0	-0	-0	-0	-0	-0	-0	-0	-0
0	-0	-0	-0	0	-0	-0	-0	-0	-0	-0	-0	-0
0	-0	-0	-0	0	-0	-0	-0	-0	-0	-0	-0	-0
0	-0	-0	-0	0	-0	-0	-0	-0	-0	-0	-0	-0
0	-0	-0	-0	0	-0	-0	-0	-0	-0	-0	-0	-0
0	-0	-0	-0	0	-0	-0	-0	-0	-0	-0	-0	-0
0	-0	-0	-0	0	-0	-0	-0	-0	-0	-0	-0	-0
0	-0	-0	-0	0	-0	-0	-0	-0	-0	-0	-0	-0
0	-0	-0	-0	0	-0	-0	-0	-0	-0	-0	-0	-0
0	-0	-0	-0	0	-0	-0	-0	-0	-0	-0	-0	-0
0	-0	-0	-0	0	-0	-0	-0	-0	-0	-0	-0	-0
0	-0	-0	-0	0	-0	-0	-0	-0	-0	-0	-0	-0
0	-0	-0	-0	0	-0	-0	-0	-0	-0	-0	-0	-0
0	-0	-0	-0	0	-0	-0	-0	-0	-0	-0	-0	-0
0	-0	-0	-0	0	-0	-0	-0	-0	-0	-0	-0	-0
0	-0	-0	-0	0	-0	-0	-0	-0	-0	-0	-0	-0
0	-0	-0	-0	0	-0	-0	-0	-0	-0	-0	-0	-0
0	-0	-0	-0	0	-0	-0	-0	-0	-0	-0	-0	-0
0	-0	-0	-0	0	-0	-0	-0	-0	-0	-0	-0	-0
0	-0	-0	-0	0	-0	-0	-0	-0	-0	-0	-0	-0
0	-0	-0	-0	0	-0	-0	-0	-0	-0	-0	-0	-0
0	-0	-0	-0	0	-0	-0	-0	-0	-0	-0	-0	-0
0	-0	-0	-0	0	-0	-0	-0	-0	-0	-0	-0	-0
0	-0	-0	-0	0	-0	-0	-0	-0	-0	-0	-0	-0
0	-0	-0	-0	0	-0	-0	-0	-0	-0	-0	-0	-0
0	-0	-0	-0	0	-0	-0	-0	-0	-0	-0	-0	-0
0	-0	-0	-0	0	-0	-0	-0	-0	-0	-0	-0	-0
0	-0	-0	-0	0	-0	-0	-0	-0	-0	-0	-0	-0
0	-0	-0	-0	0	-0	-0	-0	-0	-0	-0	-0	-0
0	-0	-0	-0	0	-0	-0	-0	-0	-0	-0	-0	-0
0	-0	-0	-0	0	-0	-0	-0	-0	-0	-0	-0	-0
0	-0	-0	-0	0	-0	-0	-0	-0	-0	-0	-0	-0
0	-0	-0	-0	0	-0	-0	-0	-0	-0	-0	-0	-0
0	-0	-0	-0	0	-0	-0	-0	-0	-0	-0	-0	-0
0	-0	-0	-0	0	-0	-0	-0	-0	-0	-0	-0	-0
0	-0	-0	-0	0	-0	-0	-0	-0	-0	-0	-0	-0
0	-0	-0	-0	0	-0	-0	-0	-0	-0	-0	-0	-0
0	-0	-0	-0	0	-0	-0	-0	-0	-0	-0	-0	-0
0	-0	-0	-0	0	-0	-0	-0	-0	-0	-0	-0	-0
0	-0	-0	-0	0	-0	-0	-0	-0	-0	-0	-0	-0
0	-0	-0	-0	0	-0	-0	-0	-0	-0	-0	-0	-0
0	-0	-0	-0	0	-0	-0	-0	-0	-0	-0	-0	-0
0	-0	-0	-0	0	-0	-0	-0	-0	-0	-0	-0	-0
0	-0	-0	-0	0	-0	-0	-0	-0	-0	-0	-0	-0
0	-0	-0	-0	0	-0	-0	-0	-0	-0	-0	-0	-0
0	-0	-0	-0	0	-0	-0	-0	-0	-0	-0	-0	-0
0	-0	-0	-0	0	-0	-0	-0	-0	-0	-0	-0	-0
0	-0	-0	-0	0	-0	-0	-0	-0	-0	-0	-0	-0
0	-0	-0	-0	0	-0	-0	-0	-0	-0	-0	-0	-0
0	-0	-0	-0	0	-0	-0	-0	-0	-0	-0	-0	-0
0	-0	-0	-0	0	-0	-0	-0	-0	-0	-0	-0	-0
0.0246356086464385	-0.570882110902407	-0.00676150282811772	0.00653689346521611	2.33551468104142e-18	-0.215075502306768	6.93450592320734e-19	-0.00875253745310136	0.00342215420617806	0.0177912511529084	0.000110825071351628	0.024961603501	0.278146550946773
0	-0	-0	-0	0	-0	-0	-0	-0	-0	-0	-0	-0
0	-0	-0	-0	0	-0	-0	-0	-0	-0	-0	-0	-0
0	-0	-0	-0	0	-0	-0	-0	-0	-0	-0	-0	-0
0	-0	-0	-0	0	-0	-0	-0	-0	-0	-0	-0	-0
0	-0	-0	-0	0	-0	-0	-0	-0	-0	-0	-0	-0
0	-0	-0	-0	0	-0	-0	-0	-0	-0	-0	-0	-0
0	-0	-0	-0	0	-0	-0	-0	-0	-0	-0	-0	-0
0	-0	-0	-0	0	-0	-0	-0	-0	-0	-0	-0	-0
0	-0	-0	-0	0	-0	-0	-0	-0	-0	-0	-0	-0
8.63861031214033e-06	-0	-0	-0	0.00266498187899346	-0	-5.63613107144324e-19	-0	-0	-0	-0	-0	-0
0	-0	-0	-0	0	-0	-0	-0	-0	-0	-0	-0	-0
0	-0	-0	-0	0	-0	-0	-0	-0	-0	-0	-0	-0
0	-0	-0	-0	0	-0	-0	-0	-0	-0	-0	-0	-0
0	-0	-0	-0	0	-0	-0	-0	-0	-0	-0	-0	-0
0	-0	-0	-0	0	-0	-0	-0	-0	-0	-0	-0	-0
0	-0	-0	-0	0	-0	-0	-0	-0	-0	-0	-0	-0
0	-0	-0	-0	0	-0	-0	-0	-0	-0	-0	-0	-0
0	-0	-0	-0	0	-0	-0	-0	-0	-0	-0	-0	-0
0	-0	-0	-0	0	-0	-0	-0	-0	-0	-0	-0	-0
0	-0	-0	-0	0	-0	-0	-0	-0	-0	-0	-0	-0
0	-0	-0	-0	0	-0	-0	-0	-0	-0	-0	-0	-0
0	-0	-0	-0	0	-0	-0	-0	-0	-0	-0	-0	-0
0	-0	-0	-0	0	-0	-0	-0	-0	-0	-0	-0	-0
0	-0	-0	-0	0	-0	-0	-0	-0	-0	-0	-0	-0
0	-0	-0	-0	0	-0	-0	-0	-0	-0	-0	-0	-0
0	-0	-0	-0	0	-0	-0	-0	-0	-0	-0	-0	-0
0	-0	-0	-0	0	-0	-0	-0	-0	-0	-0	-0	-0
0	-0	-0	-0	0	-0	-0	-0	-0	-0	-0	-0	-0
0	-0	-0	-0	0	-0	-0	-0	-0	-0	-0	-0	-0
0	-0	-0	-0	0	-0	-0	-0	-0	-0	-0	-0	-0
0	-0	-0	-0	0	-0	-0	-0	-0	-0	-0	-0	-0
0	-0	-0	-0	0	-0	-0	-0	-0	-0	-0	-0	-0
0	-0	-0	-0	0	-0	-0	-0	-0	-0	-0	-0	-0
0	-0	-0	-0	0	-0	-0	-0	-0	-0	-0	-0	-0
0	-0	-0	-0	0	-0	-0	-0	-0	-0	-0	-0	-0
0	-0	-0	-0	0	-0	-0	-0	-0	-0	-0	-0	-0
0.00125185058107392	-0	-0	-0	0	-0	0.675477553649274	-0	-0	-0	-0	-0	-0
0	-0	-0	-0	0	-0	-0	-0	-0	-0	-0	-0	-0
0	-0	-0	-0	0	-0	-0	-0	-0	-0	-0	-0	-0
0	-0	-0	-0	0	-0	-0	-0	-0	-0	-0	-0	-0
0	-0	-0	-0	0	-0	-0	-0	-0	-0	-0	-0	-0
0	-0	-0	-0	0	-0	-0	-0	-0	-0	-0	-0	-0
0	-0	-0	-0	0	-0	-0	-0	-0	-0	-0	-0	-0
0	-0	-0	-0	0	-0	-0	-0	-0	-0	-0	-0	-0
0	-0	-0	-0	0	-0	-0	-0	-0	-0	-0	-0	-0
0	-0	-0	-0	0	-0	-0	-0	-0	-0	-0	-0	-0
0	-0	-0	-0	0	-0	-0	-0	-0	-0	-0	-0	-0
0	-0	-0	-0	0	-0	-0	-0	-0	-0	-0	-0	-0
0	-0	-0	-0	0	-0	-0	-0	-0	-0	-0	-0	-0
0	-0	-0	-0	0	-0	-0	-0	-0	-0	-0	-0	-0
0	-0	-0	-0	0	-0	-0	-0	-0	-0	-0	-0	-0
0	-0	-0	-0	0	-0	-0	-0	-0	-0	-0	-0	-0
0	-0	-0	-0	0	-0	-0	-0	-0	-0	-0	-0	-0
0	-0	-0	-0	0	-0	-0	-0	-0	-0	-0	-0	-0
0	-0	-0	-0	0	-0	-0	-0	-0	-0	-0	-0	-0
0	-0	-0	-0	0	-0	-0	-0	-0	-0	-0	-0	-0
0	-0	-0	-0	0	-0	-0	-0	-0	-0	-0	-0	-0
0	-0	-0	-0	0	-0	-0	-0	-0	-0	-0	-0	-0
0	-0	-0	-0	0	-0	-0	-0	-0	-0	-0	-0	-0
0	-0	-0	-0	0	-0	-0	-0	-0	-0	-0	-0	-0
0	-0	-0	-0	0	-0	-0	-0	-0	-0	-0	-0	-0
0	-0	-0	-0	0	-0	-0	-0	-0	-0	-0	-0	-0
0	-0	-0	-0	0	-0	-0	-0	-0	-0	-0	-0	-0
0	-0	-0	-0	0	-0	-0	-0	-0	-0	-0	-0	-0
0	-0	-0	-0	0	-0	-0	-0	-0	-0	-0	-0	-0
0	-0	-0	-0	0	-0	-0	-0	-0	-0	-0	-0	-0
0	-0	-0	-0	0	-0	-0	-0	-0	-0	-0	-0	-0
0	-0	-0	-0	0	-0	-0	-0	-0	-0	-0	-0	-0
0	-0	-0	-0	0	-0	-0	-0	-0	-0	-0	-0	-0
0	-0	-0	-0	0	-0	-0	-0	-0	-0	-0	-0	-0
0	-0	-0	-0	0	-0	-0	-0	-0	-0	-0	-0	-0
0	-0	-0	-0	0	-0	-0	-0	-0	-0	-0	-0	-0
0.0169565922368681	-0	-0	-0	0	-0	-0	-0	-0	-0	-0	-0	-0
0	-0	-0	-0	0	-0	-0	-0	-0	-0	-0	-0	-0
0	-0	-0	-0	0	-0	-0	-0	-0	-0	-0	-0	-0
0	-0	-0	-0	0	-0	-0	-0	-0	-0	-0	-0	-0
0	-0	-0	-0	0	-0	-0	-0	-0	-0	-0	-0	-0
0	-0	-0	-0	0	-0	-0	-0	-0	-0	-0	-0	-0
0	-0	-0	-0	0	-0	-0	-0	-0	-0	-0	-0	-0
0	-0	-0	-0	0	-0	-0	-0	-0	-0	-0	-0	-0
0	-0	-0	-0	0	-0	-0	-0	-0	-0	-0	-0	-0
0	-0	-0	-0	0	-0	-0	-0	-0	-0	-0	-0	-0
0	-0	-0	-0	0	-0	-0	-0	-0	-0	-0	-0	-0
0	-0	-0	-0	0	-0	-0	-0	-0	-0	-0	-0	-0
0.000981733925466325	-0	-0	-0	0.142459199282621	-0	1.7643166895715e-18	-0	-0	-0	-0	-0	-0
0	-0	-0	-0	0	-0	-0	-0	-0	-0	-0	-0	-0
0	-0	-0	-0	0	-0	-0	-0	-0	-0	-0	-0	-0
0	-0	-0	-0	0	-0	-0	-0	-0	-0	-0	-0	-0
0	-0	-0	-0	0	-0	-0	-0	-0	-0	-0	-0	-0
0	-0	-0	-0	0	-0	-0	-0	-0	-0	-0	-0	-0
0	-0	-0	-0	0	-0	-0	-0	-0	-0	-0	-0	-0
0	-0	-0	-0	0	-0	-0	-0	-0	-0	-0	-0	-0
0	-0	-0	-0	0	-0	-0	-0	-0	-0	-0	-0	-0
0	-0	-0	-0	0	-0	-0	-0	-0	-0	-0	-0	-0
0	-0	-0	-0	0	-0	-0	-0	-0	-0	-0	-0	-0
0	-0	-0	-0	0	-0	-0	-0	-0	-0	-0	-0	-0
0	-0	-0	-0	0	-0	-0	-0	-0	-0	-0	-0	-0
0	-0	-0	-0	0	-0	-0	-0	-0	-0	-0	-0	-0
0	-0	-0	-0	0	-0	-0	-0	-0	-0	-0	-0	-0
0	-0	-0	-0	0	-0	-0	-0	-0	-0	-0	-0	-0
0	-0	-0	-0	0	-0	-0	-0	-0	-0	-0	-0	-0
0	-0	-0	-0	0	-0	-0	-0	-0	-0	-0	-0	-0
0	-0	-0	-0	0	-0	-0	-0	-0	-0	-0	-0	-0
0	-0	-0	-0	0	-0	-0	-0	-0	-0	-0	-0	-0
0	-0	-0	-0	0	-0	-0	-0	-0	-0	-0	-0	-0
0	-0	-0	-0	0	-0	-0	-0	-0	-0	-0	-0	-0
0	-0	-0	-0	0	-0	-0	-0	-0	-0	-0	-0	-0
0	-0	-0	-0	0	-0	-0	-0	-0	-0	-0	-0	-0
0	-0	-0	-0	0	-0	-0	-0	-0	-0	-0	-0	-0
0	-0	-0	-0	0	-0	-0	-0	-0	-0	-0	-0	-0
0	-0	-0	-0	0	-0	-0	-0	-0	-0	-0	-0	-0
0	-0	-0	-0	0	-0	-0	-0	-0	-0	-0	-0	-0
0	-0	-0	-0	0	-0	-0	-0	-0	-0	-0	-0	-0
0	-0	-0	-0	0	-0	-0	-0	-0	-0	-0	-0	-0
0	-0	-0	-0	0	-0	-0	-0	-0	-0	-0	-0	-0
0	-0	-0	-0	0	-0	-0	-0	-0	-0	-0	-0	-0
0	-0	-0	-0	0	-0	-0	-0	-0	-0	-0	-0	-0
0	-0	-0	-0	0	-0	-0	-0	-0	-0	-0	-0	-0
0	-0	-0	-0	0	-0	-0	-0	-0	-0	-0	-0	-0
0	-0	-0	-0	0	-0	-0	-0	-0	-0	-0	-0	-0
0	-0	-0	-0	0	-0	-0	-0	-0	-0	-0	-0	-0
0	-0	-0	-0	0	-0	-0	-0	-0	-0	-0	-0	-0
0	-0	-0	-0	0	-0	-0	-0	-0	-0	-0	-0	-0
0	-0	-0	-0	0	-0	-0	-0	-0	-0	-0	-0	-0
0	-0	-0	-0	0	-0	-0	-0	-0	-0	-0	-0	-0
0	-0	-0	-0	0	-0	-0	-0	-0	-0	-0	-0	-0
0	-0	-0	-0	0	-0	-0	-0	-0	-0	-0	-0	-0
0	-0	-0	-0	0	-0	-0	-0	-0	-0	-0	-0	-0
0	-0	-0	-0	0	-0	-0	-0	-0	-0	-0	-0	-0
0	-0	-0	-0	0	-0	-0	-0	-0	-0	-0	-0	-0
0	-0	-0	-0	0	-0	-0	-0	-0	-0	-0	-0	-0
0	-0	-0	-0	0	-0	-0	-0	-0	-0	-0	-0	-0
0	-0	-0	-0	0	-0	-0	-0	-0	-0	-0	-0	-0
0	-0	-0	-0	0	-0	-0	-0	-0	-0	-0	-0	-0
0	-0	-0	-0	0	-0	-0	-0	-0	-0	-0	-0	-0
0	-0	-0	-0	0	-0	-0	-0	-0	-0	-0	-0	-0
0.00471161283803408	-0	-0	-0	0	-0	-0	-0	-0	-0	-0	-0	-0
0	-0	-0	-0	0	-0	-0	-0	-0	-0	-0	-0	-0
0	-0	-0	-0	0	-0	-0	-0	-0	-0	-0	-0	-0
0	-0	-0	-0	0	-0	-0	-0	-0	-0	-0	-0	-0
0	-0	-0	-0	0	-0	-0	-0	-0	-0	-0	-0	-0
0	-0	-0	-0	0	-0	-0	-0	-0	-0	-0	-0	-0
0	-0	-0	-0	0	-0	-0	-0	-0	-0	-0	-0	-0
0	-0	-0	-0	0	-0	-0	-0	-0	-0	-0	-0	-0
0	-0	-0	-0	0	-0	-0	-0	-0	-0	-0	-0	-0
0	-0	-0	-0	0	-0	-0	-0	-0	-0	-0	-0	-0
0	-0	-0	-0	0	-0	-0	-0	-0	-0	-0	-0	-0
0	-0	-0	-0	0	-0	-0	-0	-0	-0	-0	-0	-0
0	-0	-0	-0	0	-0	-0	-0	-0	-0	-0	-0	-0
0	-0	-0	-0	0	-0	-0	-0	-0	-0	-0	-0	-0
0.00430468154919195	-0	-0	-0	0	-0	-0	-0	-0	-0	-0	-0	-0
0	-0	-0	-0	0	-0	-0	-0	-0	-0	-0	-0	-0
0	-0	-0	-0	0	-0	-0	-0	-0	-0	-0	-0	-0
0	-0	-0	-0	0	-0	-0	-0	-0	-0	-0	-0	-0
0	-0	-0	-0	0	-0	-0	-0	-0	-0	-0	-0	-0
0	-0	-0	-0	0	-0	-0	-0	-0	-0	-0	-0	-0
0	-0	-0	-0	0	-0	-0	-0	-0	-0	-0	-0	-0
0	-0	-0	-0	0	-0	-0	-0	-0	-0	-0	-0	-0
0	-0	-0	-0	0	-0	-0	-0	-0	-0	-0	-0	-0
0	-0	-0	-0	0	-0	-0	-0	-0	-0	-0	-0	-0
0	-0	-0	-0	0	-0	-0	-0	-0	-0	-0	-0	-0
0	-0	-0	-0	0	-0	-0	-0	-0	-0	-0	-0	-0
0	-0	-0	-0	0	-0	-0	-0	-0	-0	-0	-0	-0
0	-0	-0	-0	0	-0	-0	-0	-0	-0	-0	-0	-0
0	-0	-0	-0	0	-0	-0	-0	-0	-0	-0	-0	-0
0.0242240165922891	-0.523724786989871	0.00716219602563948	0.00870090881329923	1.53761054945667e-18	0.488053029040955	-2.9720696363191e-19	-0.0183997338763896	-0.122488887050951	-0.049019636420821	0.0393633859255473	-0.0609845867502384	-0.678331831849397
0	-0	-0	-0	0	-0	-0	-0	-0	-0	-0	-0	-0
0	-0	-0	-0	0	-0	-0	-0	-0	-0	-0	-0	-0
0	-0	-0	-0	0	-0	-0	-0	-0	-0	-0	-0	-0
0	-0	-0	-0	0	-0	-0	-0	-0	-0	-0	-0	-0
0	-0	-0	-0	0	-0	-0	-0	-0	-0	-0	-0	-0
0	-0	-0	-0	0	-0	-0	-0	-0	-0	-0	-0	-0
0	-0	-0	-0	0	-0	-0	-0	-0	-0	-0	-0	-0
0	-0	-0	-0	0	-0	-0	-0	-0	-0	-0	-0	-0
0	-0	-0	-0	0	-0	-0	-0	-0	-0	-0	-0	-0
0	-0	-0	-0	0	-0	-0	-0	-0	-0	-0	-0	-0
0	-0	-0	-0	0	-0	-0	-0	-0	-0	-0	-0	-0
0	-0	-0	-0	0	-0	-0	-0	-0	-0	-0	-0	-0
0	-0	-0	-0	0	-0	-0	-0	-0	-0	-0	-0	-0
0	-0	-0	-0	0	-0	-0	-0	-0	-0	-0	-0	-0
0	-0	-0	-0	0	-0	-0	-0	-0	-0	-0	-0	-0
0	-0	-0	-0	0	-0	-0	-0	-0	-0	-0	-0	-0
0	-0	-0	-0	0	-0	-0	-0	-0	-0	-0	-0	-0
0.000259784489649062	-0	-0	-0	0	-0	-0	-0	-0	-0	-0	-0	-0
0	-0	-0	-0	0	-0	-0	-0	-0	-0	-0	-0	-0
0	-0	-0	-0	0	-0	-0	-0	-0	-0	-0	-0	-0
0	-0	-0	-0	0	-0	-0	-0	-0	-0	-0	-0	-0
0	-0	-0	-0	0	-0	-0	-0	-0	-0	-0	-0	-0
0	-0	-0	-0	0	-0	-0	-0	-0	-0	-0	-0	-0
0	-0	-0	-0	0	-0	-0	-0	-0	-0	-0	-0	-0
0	-0	-0	-0	0	-0	-0	-0	-0	-0	-0	-0	-0
0	-0	-0	-0	0	-0	-0	-0	-0	-0	-0	-0	-0
0	-0	-0	-0	0	-0	-0	-0	-0	-0	-0	-0	-0
0	-0	-0	-0	0	-0	-0	-0	-0	-0	-0	-0	-0
0	-0	-0	-0	0	-0	-0	-0	-0	-0	-0	-0	-0
0	-0	-0	-0	0	-0	-0	-0	-0	-0	-0	-0	-0
0	-0	-0	-0	0	-0	-0	-0	-0	-0	-0	-0	-0
0	-0	-0	-0	0	-0	-0	-0	-0	-0	-0	-0	-0
0	-0	-0	-0	0	-0	-0	-0	-0	-0	-0	-0	-0
0	-0	-0	-0	0	-0	-0	-0	-0	-0	-0	-0	-0
0	-0	-0	-0	0	-0	-0	-0	-0	-0	-0	-0	-0
0	-0	-0	-0	0	-0	-0	-0	-0	-0	-0	-0	-0
0	-0	-0	-0	0	-0	-0	-0	-0	-0	-0	-0	-0
0	-0	-0	-0	0	-0	-0	-0	-0	-0	-0	-0	-0
0	-0	-0	-0	0	-0	-0	-0	-0	-0	-0	-0	-0
0	-0	-0	-0	0	-0	-0	-0	-0	-0	-0	-0	-0
0	-0	-0	-0	0	-0	-0	-0	-0	-0	-0	-0	-0
0	-0	-0	-0	0	-0	-0	-0	-0	-0	-0	-0	-0
0	-0	-0	-0	0	-0	-0	-0	-0	-0	-0	-0	-0
0	-0	-0	-0	0	-0	-0	-0	-0	-0	-0	-0	-0
0	-0	-0	-0	0	-0	-0	-0	-0	-0	-0	-0	-0
0	-0	-0	-0	0	-0	-0	-0	-0	-0	-0	-0	-0
0	-0	-0	-0	0	-0	-0	-0	-0	-0	-0	-0	-0
0	-0	-0	-0	0	-0	-0	-0	-0	-0	-0	-0	-0
0	-0	-0	-0	0	-0	-0	-0	-0	-0	-0	-0	-0
0	-0	-0	-0	0	-0	-0	-0	-0	-0	-0	-0	-0
0	-0	-0	-0	0	-0	-0	-0	-0	-0	-0	-0	-0
0	-0	-0	-0	0	-0	-0	-0	-0	-0	-0	-0	-0
0	-0	-0	-0	0	-0	-0	-0	-0	-0	-0	-0	-0
0	-0	-0	-0	0	-0	-0	-0	-0	-0	-0	-0	-0
0	-0	-0	-0	0	-0	-0	-0	-0	-0	-0	-0	-0
0	-0	-0	-0	0	-0	-0	-0	-0	-0	-0	-0	-0
0	-0	-0	-0	0	-0	-0	-0	-0	-0	-0	-0	-0
0	-0	-0	-0	0	-0	-0	-0	-0	-0	-0	-0	-0
0	-0	-0	-0	0	-0	-0	-0	-0	-0	-0	-0	-0
0	-0	-0	-0	0	-0	-0	-0	-0	-0	-0	-0	-0
0	-0	-0	-0	0	-0	-0	-0	-0	-0	-0	-0	-0
0	-0	-0	-0	0	-0	-0	-0	-0	-0	-0	-0	-0
0	-0	-0	-0	0	-0	-0	-0	-0	-0	-0	-0	-0
0	-0	-0	-0	0	-0	-0	-0	-0	-0	-0	-0	-0
0	-0	-0	-0	0	-0	-0	-0	-0	-0	-0	-0	-0
0	-0	-0	-0	0	-0	-0	-0	-0	-0	-0	-0	-0
0	-0	-0	-0	0	-0	-0	-0	-0	-0	-0	-0	-0
0	-0	-0	-0	0	-0	-0	-0	-0	-0	-0	-0	-0
0	-0	-0	-0	0	-0	-0	-0	-0	-0	-0	-0	-0
0	-0	-0	-0	0	-0	-0	-0	-0	-0	-0	-0	-0
0	-0	-0	-0	0	-0	-0	-0	-0	-0	-0	-0	-0
0	-0	-0	-0	0	-0	-0	-0	-0	-0	-0	-0	-0
0	-0	-0	-0	0	-0	-0	-0	-0	-0	-0	-0	-0
0	-0	-0	-0	0	-0	-0	-0	-0	-0	-0	-0	-0
0	-0	-0	-0	0	-0	-0	-0	-0	-0	-0	-0	-0
0	-0	-0	-0	0	-0	-0	-0	-0	-0	-0	-0	-0
0	-0	-0	-0	0	-0	-0	-0	-0	-0	-0	-0	-0
0	-0	-0	-0	0	-0	-0	-0	-0	-0	-0	-0	-0
0	-0	-0	-0	0	-0	-0	-0	-0	-0	-0	-0	-0
0	-0	-0	-0	0	-0	-0	-0	-0	-0	-0	-0	-0
0	-0	-0	-0	0	-0	-0	-0	-0	-0	-0	-0	-0
0	-0	-0	-0	0	-0	-0	-0	-0	-0	-0	-0	-0
0	-0	-0	-0	0	-0	-0	-0	-0	-0	-0	-0	-0
0	-0	-0	-0	0	-0	-0	-0	-0	-0	-0	-0	-0
0	-0	-0	-0	0	-0	-0	-0	-0	-0	-0	-0	-0
0	-0	-0	-0	0	-0	-0	-0	-0	-0	-0	-0	-0
0.00114252013236675	-0	-0	-0	0	-0	-0	-0	-0	-0	-0	-0	-0
0	-0	-0	-0	0	-0	-0	-0	-0	-0	-0	-0	-0
0	-0	-0	-0	0	-0	-0	-0	-0	-0	-0	-0	-0
0	-0	-0	-0	0	-0	-0	-0	-0	-0	-0	-0	-0
0	-0	-0	-0	0	-0	-0	-0	-0	-0	-0	-0	-0
0	-0	-0	-0	0	-0	-0	-0	-0	-0	-0	-0	-0
0	-0	-0	-0	0	-0	-0	-0	-0	-0	-0	-0	-0
0	-0	-0	-0	0	-0	-0	-0	-0	-0	-0	-0	-0
0	-0	-0	-0	0	-0	-0	-0	-0	-0	-0	-0	-0
0	-0	-0	-0	0	-0	-0	-0	-0	-0	-0	-0	-0
0	-0	-0	-0	0	-0	-0	-0	-0	-0	-0	-0	-0
0	-0	-0	-0	0	-0	-0	-0	-0	-0	-0	-0	-0
0	-0	-0	-0	0	-0	-0	-0	-0	-0	-0	-0	-0
0	-0	-0	-0	0	-0	-0	-0	-0	-0	-0	-0	-0
0	-0	-0	-0	0	-0	-0	-0	-0	-0	-0	-0	-0
0	-0	-0	-0	0	-0	-0	-0	-0	-0	-0	-0	-0
0	-0	-0	-0	0	-0	-0	-0	-0	-0	-0	-0	-0
0	-0	-0	-0	0	-0	-0	-0	-0	-0	-0	-0	-0
0	-0	-0	-0	0	-0	-0	-0	-0	-0	-0	-0	-0
0	-0	-0	-0	0	-0	-0	-0	-0	-0	-0	-0	-0
0	-0	-0	-0	0	-0	-0	-0	-0	-0	-0	-0	-0
0	-0	-0	-0	0	-0	-0	-0	-0	-0	-0	-0	-0
0	-0	-0	-0	0	-0	-0	-0	-0	-0	-0	-0	-0
0	-0	-0	-0	0	-0	-0	-0	-0	-0	-0	-0	-0
0	-0	-0	-0	0	-0	-0	-0	-0	-0	-0	-0	-0
0	-0	-0	-0	0	-0	-0	-0	-0	-0	-0	-0	-0
0	-0	-0	-0	0	-0	-0	-0	-0	-0	-0	-0	-0
0	-0	-0	-0	0	-0	-0	-0	-0	-0	-0	-0	-0
0	-0	-0	-0	0	-0	-0	-0	-0	-0	-0	-0	-0
0	-0	-0	-0	0	-0	-0	-0	-0	-0	-0	-0	-0
0	-0	-0	-0	0	-0	-0	-0	-0	-0	-0	-0	-0
0	-0	-0	-0	0	-0	-0	-0	-0	-0	-0	-0	-0
0	-0	-0	-0	0	-0	-0	-0	-0	-0	-0	-0	-0
0	-0	-0	-0	0	-0	-0	-0	-0	-0	-0	-0	-0
0	-0	-0	-0	0	-0	-0	-0	-0	-0	-0	-0	-0
0	-0	-0	-0	0	-0	-0	-0	-0	-0	-0	-0	-0
0	-0	-0	-0	0	-0	-0	-0	-0	-0	-0	-0	-0
0	-0	-0	-0	0	-0	-0	-0	-0	-0	-0	-0	-0
0	-0	-0	-0	0	-0	-0	-0	-0	-0	-0	-0	-0
0	-0	-0	-0	0	-0	-0	-0	-0	-0	-0	-0	-0
0	-0	-0	-0	0	-0	-0	-0	-0	-0	-0	-0	-0
0	-0	-0	-0	0	-0	-0	-0	-0	-0	-0	-0	-0
0	-0	-0	-0	0	-0	-0	-0	-0	-0	-0	-0	-0
0	-0	-0	-0	0	-0	-0	-0	-0	-0	-0	-0	-0
0	-0	-0	-0	0	-0	-0	-0	-0	-0	-0	-0	-0
0	-0	-0	-0	0	-0	-0	-0	-0	-0	-0	-0	-0
0	-0	-0	-0	0	-0	-0	-0	-0	-0	-0	-0	-0
0	-0	-0	-0	0	-0	-0	-0	-0	-0	-0	-0	-0
0	-0	-0	-0	0	-0	-0	-0	-0	-0	-0	-0	-0
0	-0	-0	-0	0	-0	-0	-0	-0	-0	-0	-0	-0
0	-0	-0	-0	0	-0	-0	-0	-0	-0	-0	-0	-0
0	-0	-0	-0	0	-0	-0	-0	-0	-0	-0	-0	-0
0	-0	-0	-0	0	-0	-0	-0	-0	-0	-0	-0	-0
0	-0	-0	-0	0	-0	-0	-0	-0	-0	-0	-0	-0
0	-0	-0	-0	0	-0	-0	-0	-0	-0	-0	-0	-0
0	-0	-0	-0	0	-0	-0	-0	-0	-0	-0	-0	-0
0	-0	-0	-0	0	-0	-0	-0	-0	-0	-0	-0	-0
0	-0	-0	-0	0	-0	-0	-0	-0	-0	-0	-0	-0
0	-0	-0	-0	0	-0	-0	-0	-0	-0	-0	-0	-0
0	-0	-0	-0	0	-0	-0	-0	-0	-0	-0	-0	-0
0	-0	-0	-0	0	-0	-0	-0	-0	-0	-0	-0	-0
0	-0	-0	-0	0	-0	-0	-0	-0	-0	-0	-0	-0
0	-0	-0	-0	0	-0	-0	-0	-0	-0	-0	-0	-0
0	-0	-0	-0	0	-0	-0	-0	-0	-0	-0	-0	-0
0	-0	-0	-0	0	-0	-0	-0	-0	-0	-0	-0	-0
0	-0	-0	-0	0	-0	-0	-0	-0	-0	-0	-0	-0
0	-0	-0	-0	0	-0	-0	-0	-0	-0	-0	-0	-0
0	-0	-0	-0	0	-0	-0	-0	-0	-0	-0	-0	-0
0	-0	-0	-0	0	-0	-0	-0	-0	-0	-0	-0	-0
0	-0	-0	-0	0	-0	-0	-0	-0	-0	-0	-0	-0
0	-0	-0	-0	0	-0	-0	-0	-0	-0	-0	-0	-0
0	-0	-0	-0	0	-0	-0	-0	-0	-0	-0	-0	-0
0	-0	-0	-0	0	-0	-0	-0	-0	-0	-0	-0	-0
0	-0	-0	-0	0	-0	-0	-0	-0	-0	-0	-0	-0
0	-0	-0	-0	0	-0	-0	-0	-0	-0	-0	-0	-0
0	-0	-0	-0	0	-0	-0	-0	-0	-0	-0	-0	-0
0	-0	-0	-0	0	-0	-0	-0	-0	-0	-0	-0	-0
0	-0	-0	-0	0	-0	-0	-0	-0	-0	-0	-0	-0
0	-0	-0	-0	0	-0	-0	-0	-0	-0	-0	-0	-0
0	-0	-0	-0	0	-0	-0	-0	-0	-0	-0	-0	-0
0	-0	-0	-0	0	-0	-0	-0	-0	-0	-0	-0	-0
0	-0	-0	-0	0	-0	-0	-0	-0	-0	-0	-0	-0
