bad volumes, zero indexed (FSL style)
505
506
641
642
643
644
1000
1001
1002
1003
1010
1011
1012
1044
1067
1071
1215
1217
1218
1255
1259
1346
1355
1356
1357
1362
1363
1364
1378
1379
1380
1382
1664
1682
1684
1685
1687
1688
1689
1698
1699
1700
1702
1703
1704
2016
2018
2028
2031
2032
2033
2034
2036
2037
2038
2039
2040
2041
2042
2043
2044
2218
2219
2220
2221
2224
2225
2226
2227
2228
2230
2231
2232
2233
2234
2235
2236
2237
2238
2239
2240
2241
2242
2243
2244
2245
2246
2247
2248
2249
2250
2251
2252
2253
2254
2255
2256
2257
2258
2259
2260
2261
2262
2263
2264
2265
2266
2267
2268
2269
2270
2271
2272
2273
2274
2275
2276
2277
2287
2325
2327
2328
2440
