bad volumes, zero indexed (FSL style)
22
60
65
87
88
122
125
130
149
152
153
154
156
158
168
169
174
175
178
180
185
189
195
196
197
204
215
216
217
224
234
235
245
254
260
264
280
282
284
303
309
318
322
334
341
347
352
353
367
370
377
378
379
380
384
400
402
407
412
423
465
479
490
496
497
519
520
527
533
534
540
545
558
559
570
571
575
585
589
609
610
616
619
623
624
625
627
628
629
640
644
646
647
721
722
758
969
972
975
979
980
981
982
983
988
997
1003
1004
1005
1006
1007
1008
1009
1010
1012
1015
1038
1044
1045
1046
1047
1048
1049
1050
1063
1067
1068
1070
1071
1072
1073
1188
1189
1197
1206
1209
1211
1214
1215
1216
1217
1218
1219
1254
1255
1256
1257
1258
1259
1260
1261
1320
1328
1339
1342
1346
1348
1349
1350
1355
1357
1358
1359
1360
1361
1362
1363
1364
1376
1377
1378
1379
1380
1382
1383
1663
1664
1674
1675
1679
1682
1683
1684
1685
1686
1687
1688
1689
1695
1698
1699
1700
1701
1702
1703
1704
2015
2028
2030
2031
2033
2034
2035
2036
2040
2041
2043
2044
2045
2217
2218
2219
2224
2231
2238
2241
2246
2247
2248
2253
2254
2260
2262
2264
2266
2267
2268
2269
2270
2271
2272
2274
2275
2276
2287
2288
2324
2325
2327
2328
2440
2441
2443
