-0.898312
-0.892187
-0.880179
-0.889829
-0.897256
-0.895498
-0.88385
-0.889258
-0.890744
-0.887695
-0.896307
-0.892954
-0.894729
-0.894786
-0.884021
-0.890389
-0.891078
-0.896323
-0.894522
-0.898655
-0.895037
-0.899032
-0.877253
-0.891215
-0.899095
-0.880119
-0.888828
-0.895903
-0.892024
-0.888839
-0.88532
-0.896223
-0.884671
-0.892932
-0.89616
-0.892884
-0.900054
-0.888549
-0.889575
-0.891947
-0.886695
-0.894434
-0.887498
-0.888079
-0.889445
-0.886549
-0.889756
-0.893188
-0.895203
-0.885931
-0.889628
-0.893606
-0.881723
-0.890065
-0.890649
-0.889918
-0.89613
-0.893478
-0.88757
-0.891217
-0.879165
-0.892448
-0.890522
-0.894408
-0.896881
-0.877419
-0.884361
-0.892213
-0.885109
-0.899817
-0.882729
-0.882571
-0.887474
-0.890528
-0.89423
-0.897964
-0.883263
-0.892796
-0.88196
-0.887192
-0.879674
-0.890782
-0.885569
-0.892564
-0.894724
-0.889729
-0.881817
-0.873453
-0.879024
-0.88675
-0.882181
-0.896517
-0.897746
-0.887016
-0.880284
-0.887841
-0.892518
-0.88083
-0.884497
-0.88308
-0.894214
-0.891151
-0.881424
-0.886583
-0.881722
-0.884139
-0.887769
-0.887677
-0.894714
-0.883276
-0.893994
-0.89475
-0.88512
-0.884303
-0.885863
-0.885993
-0.889647
-0.883662
-0.897138
-0.89471
-0.893757
-0.884932
-0.873663
-0.890557
-0.885485
-0.878282
-0.887348
-0.895596
-0.89796
-0.882751
-0.877283
-0.881456
-0.88136
-0.890536
-0.890894
-0.895618
-0.895859
-0.888862
-0.891225
-0.888983
-0.8914
-0.898441
-0.892485
-0.894263
-0.881415
-0.883361
-0.886739
-0.888667
-0.894002
-0.869497
-0.887532
-0.892607
-0.873562
-0.87194
-0.879369
-0.895586
-0.879057
-0.893932
-0.87755
-0.888785
-0.897167
-0.892574
-0.885454
-0.891787
-0.89292
-0.895071
-0.895345
-0.884735
-0.878779
-0.872177
-0.885128
-0.882769
-0.891701
-0.897075
-0.874417
-0.876077
-0.893281
-0.888521
-0.874175
-0.883771
-0.876566
-0.889922
-0.89374
-0.884908
-0.889477
-0.874526
-0.880814
-0.89369
-0.88835
-0.875403
-0.884277
-0.88554
-0.892741
-0.894635
-0.892534
-0.876264
-0.869267
-0.874464
-0.895825
-0.885077
-0.88759
-0.89571
-0.894613
-0.890615
-0.878527
-0.88132
-0.894788
-0.888455
-0.892123
-0.889211
-0.885126
-0.892043
-0.895677
-0.89901
-0.882252
-0.872803
-0.873711
-0.873885
-0.882356
-0.891494
-0.893659
-0.890417
-0.894586
-0.883003
-0.876555
-0.892746
-0.895489
-0.896135
-0.896918
-0.883141
-0.885419
-0.888889
-0.893743
-0.883406
-0.876049
-0.874571
-0.888652
-0.894379
-0.890182
-0.893796
-0.890151
-0.888982
-0.894889
-0.891084
-0.883307
-0.870917
-0.888342
-0.895387
-0.895085
-0.892469
-0.89378
-0.89533
-0.89549
-0.896264
-0.876929
-0.882142
-0.893451
-0.89419
-0.882031
-0.885941
-0.878482
-0.881817
-0.889903
-0.884929
-0.878729
-0.8869
-0.891242
-0.894551
-0.896854
-0.882275
-0.884882
-0.880739
-0.894743
-0.886036
-0.882261
-0.884575
-0.894083
-0.893319
-0.893478
-0.892761
-0.869453
-0.8803
-0.874882
-0.891862
-0.879102
-0.888127
-0.894452
-0.893776
-0.885454
-0.890506
-0.8929
-0.890405
-0.894137
-0.897221
-0.885986
-0.885503
-0.89027
-0.879544
-0.891272
-0.880078
-0.894176
-0.892752
-0.895539
-0.873739
-0.881607
-0.893176
-0.894673
-0.88353
-0.886129
-0.873525
-0.89565
-0.895599
-0.893073
-0.882319
-0.883144
-0.889167
-0.894454
-0.894016
-0.878991
-0.887904
-0.886761
-0.888928
-0.876608
-0.890085
-0.886413
-0.891953
-0.893112
-0.894357
-0.896136
-0.896584
-0.896205
-0.895308
-0.896477
-0.896761
-0.878019
-0.880654
-0.89752
-0.880624
-0.889149
-0.880421
-0.881355
-0.875471
-0.882602
-0.890994
-0.893156
-0.893844
-0.881915
-0.876509
-0.889927
-0.888047
-0.890424
-0.89024
-0.877399
-0.875418
-0.883856
-0.884559
-0.894009
-0.88512
-0.894306
-0.893781
-0.896483
-0.896773
-0.895756
-0.896395
-0.89686
-0.898793
-0.896724
-0.878715
-0.885367
-0.893715
-0.876399
-0.887752
-0.893659
-0.895173
-0.89665
-0.897567
-0.899767
-0.874149
-0.878645
-0.878822
-0.876952
-0.884176
-0.894252
-0.889034
-0.867452
-0.880857
-0.887456
-0.886109
-0.895812
-0.890303
-0.89136
-0.89321
-0.890675
-0.891995
-0.893813
-0.891152
-0.894036
-0.894804
-0.891988
-0.893482
-0.875531
-0.88777
-0.868184
-0.885412
-0.89191
-0.894797
-0.881515
-0.868413
-0.889236
-0.894189
-0.890603
-0.892967
-0.86912
-0.88843
-0.894903
-0.900292
-0.89904
-0.901546
-0.90042
-0.902041
-0.898979
-0.900774
-0.900962
-0.870836
-0.88408
-0.888256
-0.899648
-0.891204
-0.900149
-0.899779
-0.900604
-0.900846
-0.900455
-0.90075
-0.901983
-0.900617
-0.900684
-0.901663
-0.901716
-0.899825
-0.900106
-0.900862
-0.899713
-0.900561
-0.899045
-0.899313
-0.900627
-0.899814
-0.894996
-0.89842
-0.899516
-0.896349
-0.897917
-0.898412
-0.896346
-0.897927
-0.89609
-0.897258
-0.897328
-0.895873
-0.897111
-0.897509
-0.898733
-0.900205
-0.888171
-0.87425
-0.8869
-0.886578
-0.89836
-0.896659
-0.890796
-0.893064
-0.881887
-0.894573
-0.895686
-0.899402
-0.89645
-0.893787
-0.890172
-0.867481
-0.892463
-0.893556
-0.895248
-0.899795
-0.896222
-0.899977
-0.894203
-0.89978
-0.893966
-0.896954
-0.868839
-0.890306
-0.894075
-0.892549
-0.89725
-0.884813
-0.859946
-0.87693
-0.890531
-0.888231
-0.891434
-0.887607
-0.879717
-0.886381
-0.882486
-0.88704
-0.895308
-0.880537
-0.886213
-0.889327
-0.893126
-0.890243
-0.88887
-0.89431
-0.895643
-0.896378
-0.896068
-0.894684
-0.890268
-0.868321
-0.877659
-0.898857
-0.886774
-0.889122
-0.890314
-0.891051
-0.880455
-0.868727
-0.889044
-0.879648
-0.889406
-0.889979
-0.88918
-0.866151
-0.868925
-0.891809
-0.89324
-0.89518
-0.895049
-0.886863
-0.875719
-0.882287
-0.88472
-0.890113
-0.881393
-0.874083
-0.891337
-0.896386
-0.897093
-0.896733
-0.894731
-0.898974
-0.884481
-0.887622
-0.897042
-0.892738
-0.892682
-0.896792
-0.853325
-0.872566
-0.889542
-0.892959
-0.885834
-0.881465
-0.887151
-0.895731
-0.886298
-0.886173
-0.88826
-0.891066
-0.878319
-0.874238
-0.881986
-0.881743
-0.885688
-0.877391
-0.880637
-0.886957
-0.894194
-0.888472
-0.898424
-0.887974
-0.88906
-0.892907
-0.886493
-0.8736
-0.886951
-0.883734
-0.882671
-0.868757
-0.88325
-0.89198
-0.894385
-0.895905
-0.894332
-0.894305
-0.89408
-0.89421
-0.893582
-0.894447
-0.894125
-0.891721
-0.893454
-0.894556
-0.893404
-0.892214
-0.894333
-0.893608
-0.896284
-0.861079
-0.875946
-0.884599
-0.893702
-0.883436
-0.89036
-0.892203
-0.878807
-0.890171
-0.894426
-0.872045
-0.886045
-0.889348
-0.889806
-0.879076
-0.872355
-0.878048
-0.882533
-0.878998
-0.877921
-0.872396
-0.886488
-0.895687
-0.892367
-0.896829
-0.891274
-0.893903
-0.897675
-0.897547
-0.893241
-0.894323
-0.845209
-0.88399
-0.88643
-0.890662
-0.858448
-0.886094
-0.874604
-0.859749
-0.882657
-0.890262
-0.896031
-0.896789
-0.897974
-0.90035
-0.901584
-0.89937
-0.899681
-0.899865
-0.89843
-0.90093
-0.898128
-0.899447
-0.896589
-0.895751
-0.898331
-0.896023
-0.895468
-0.896263
-0.896927
-0.898918
-0.897308
-0.897554
-0.896844
-0.895006
-0.89379
-0.897004
-0.896807
-0.894491
-0.894757
-0.897387
-0.896542
-0.891252
-0.89358
-0.893535
-0.89502
-0.894913
-0.895281
-0.894903
-0.895236
-0.894117
-0.894913
-0.89351
-0.893764
-0.894277
-0.895267
-0.895903
-0.893472
-0.895048
-0.893623
-0.896008
-0.895402
-0.894705
-0.891902
-0.896224
-0.892108
-0.894217
-0.897412
-0.895253
-0.897421
-0.894229
-0.894047
-0.89415
-0.894369
-0.893334
-0.896519
-0.894786
-0.891907
-0.894025
-0.893735
-0.893169
-0.891076
-0.867814
-0.871223
-0.88788
-0.894861
-0.8979
-0.894839
-0.895673
-0.892052
-0.892402
-0.888461
-0.89551
-0.895213
-0.895511
-0.89316
-0.894948
-0.895812
-0.89435
-0.895731
-0.896466
-0.895182
-0.89625
-0.898174
-0.898771
-0.897555
-0.899633
-0.898086
-0.899275
-0.898472
-0.899352
-0.899639
-0.898741
-0.897508
-0.899954
-0.900379
-0.899414
-0.895226
-0.893425
-0.872921
-0.895895
-0.895048
-0.892321
-0.891962
-0.890499
-0.889965
-0.89815
-0.894019
-0.901055
-0.899897
-0.897719
-0.896669
-0.899005
-0.896283
-0.897531
-0.899456
-0.89914
-0.898134
-0.89757
-0.895967
-0.897031
-0.895684
-0.894284
-0.897362
-0.898878
-0.895867
-0.892816
-0.893873
-0.894787
-0.891473
-0.893996
-0.895384
-0.896663
-0.894135
-0.893364
-0.895196
-0.895285
-0.894627
-0.895702
-0.89657
-0.893258
-0.89473
-0.894017
-0.894779
-0.895066
-0.89449
-0.892562
-0.894939
-0.894223
-0.894096
-0.893328
-0.895117
-0.8968
-0.895881
-0.89593
-0.89512
-0.893292
-0.892682
-0.893037
-0.891519
-0.89496
-0.894571
-0.894441
-0.89241
-0.895591
-0.89295
-0.894144
-0.894436
-0.895128
-0.894782
-0.894383
-0.89367
-0.896471
-0.892986
-0.894254
-0.895154
-0.895729
-0.894817
-0.895408
-0.895618
-0.897059
-0.898164
-0.894628
-0.894282
-0.893731
-0.89361
-0.893979
-0.893893
-0.894315
-0.893292
-0.892295
-0.895878
-0.891691
-0.893802
-0.895807
-0.894506
-0.894491
-0.895244
-0.893463
-0.892288
-0.894647
-0.896576
-0.894334
-0.893345
-0.895495
-0.894687
-0.894434
-0.894649
-0.894634
-0.896008
-0.892288
-0.897484
-0.895593
-0.895784
-0.895169
-0.892405
-0.892319
-0.896002
-0.893691
-0.8921
-0.894482
-0.892005
-0.893556
-0.891923
-0.892905
-0.890676
-0.892573
-0.892377
-0.892031
-0.893058
-0.8918
-0.894713
-0.892934
-0.89393
-0.893535
-0.893364
-0.893207
-0.889861
-0.89308
-0.892299
-0.892002
-0.894036
-0.893754
-0.895842
-0.892643
-0.892453
-0.8931
-0.892756
-0.893312
-0.892488
-0.891675
-0.89325
-0.892287
-0.894413
-0.891726
-0.894523
-0.891987
-0.893163
-0.889906
-0.893468
-0.893573
-0.892488
-0.892458
-0.891839
-0.894387
-0.891229
-0.893546
-0.891853
-0.89314
-0.894185
-0.891335
-0.891255
-0.892686
-0.893721
-0.889901
-0.892751
-0.894127
-0.893858
-0.893798
-0.892832
-0.891431
-0.892906
-0.894201
-0.890424
-0.894042
-0.892426
-0.893318
-0.892794
-0.893341
-0.894582
-0.893299
-0.89426
-0.893048
-0.895413
-0.890751
-0.893736
-0.890994
-0.890642
-0.89199
-0.89221
-0.891548
-0.890637
-0.893099
-0.892198
-0.8953
-0.89382
-0.893595
-0.891817
-0.891232
-0.891347
-0.85755
-0.880992
-0.885616
-0.877773
-0.892295
-0.881757
-0.872867
-0.88363
-0.88488
-0.885067
-0.869635
-0.879195
-0.87762
-0.87532
-0.866999
-0.883264
-0.89566
-0.892741
-0.889503
-0.87617
-0.889845
-0.882248
-0.889134
-0.888147
-0.887524
-0.891097
-0.895005
-0.889188
-0.859426
-0.885159
-0.888384
-0.889959
-0.89036
-0.886433
-0.878268
-0.868278
-0.878609
-0.878143
-0.867698
-0.872313
-0.869673
-0.879196
-0.888662
-0.870365
-0.880184
-0.88331
-0.871562
-0.881936
-0.887791
-0.887861
-0.894212
-0.887528
-0.892506
-0.893051
-0.891663
-0.891673
-0.894496
-0.890812
-0.891817
-0.893241
-0.893833
-0.889301
-0.893097
-0.890129
-0.890431
-0.894403
-0.891663
-0.89085
-0.891765
-0.869291
-0.8859
-0.889994
-0.88882
-0.889397
-0.893041
-0.871111
-0.877574
-0.876983
-0.879111
-0.872901
-0.872016
-0.86757
-0.889732
-0.894464
-0.89031
-0.888833
-0.893361
-0.895732
-0.891919
-0.894299
-0.895058
-0.881728
-0.892
-0.893858
-0.85673
-0.888506
-0.880186
-0.889795
-0.858448
-0.866916
-0.882792
-0.877163
-0.866174
-0.862808
-0.879267
-0.892335
-0.894106
-0.889822
-0.890338
-0.887695
-0.891587
-0.89221
-0.892026
-0.896391
-0.893969
-0.889839
-0.893066
-0.892037
-0.892427
-0.893603
-0.893211
-0.891058
-0.892173
-0.889064
-0.892524
-0.892581
-0.89401
-0.891563
-0.89137
-0.891548
-0.894463
-0.891561
-0.888826
-0.890771
-0.892321
-0.892642
-0.893107
-0.892387
-0.891736
-0.88991
-0.893585
-0.889124
-0.891621
-0.890788
-0.889577
-0.892435
-0.890301
-0.892185
-0.890926
-0.892714
-0.893443
-0.893096
-0.891546
-0.892121
-0.893143
-0.892467
-0.890197
-0.893028
-0.887927
-0.894032
-0.890196
-0.889082
-0.891872
-0.890893
-0.89133
-0.891711
-0.891479
-0.89007
-0.88971
-0.890925
-0.889825
-0.892441
-0.889739
-0.890254
-0.891833
-0.891709
-0.891719
-0.894089
-0.89122
-0.894255
-0.892271
-0.888607
-0.891318
-0.892928
-0.892042
-0.892437
-0.891882
-0.890711
-0.891016
-0.8904
-0.891211
-0.893269
-0.89029
-0.890129
-0.892452
-0.891315
-0.890624
-0.89048
-0.893598
-0.890618
-0.892767
-0.890446
-0.889494
-0.890664
-0.892198
-0.892769
-0.891048
-0.894076
-0.891009
-0.889574
-0.892654
-0.892308
-0.892682
-0.891453
-0.891453
-0.890671
-0.892365
-0.892848
-0.890451
-0.847947
-0.87293
-0.885419
-0.887722
-0.891751
-0.888964
-0.888843
-0.887011
-0.887325
-0.872457
-0.898379
-0.89779
-0.890312
-0.887234
-0.890246
-0.891399
-0.888825
-0.88027
-0.867885
-0.880989
-0.88449
-0.875314
-0.881267
-0.868304
-0.885127
-0.884183
-0.839016
-0.867839
-0.873881
-0.874849
-0.868985
-0.867308
-0.889847
-0.891821
-0.893067
-0.892669
-0.890914
-0.888066
-0.89077
-0.894411
-0.891168
-0.89154
-0.892513
-0.892478
-0.887477
-0.890445
-0.89332
-0.890459
-0.892959
-0.890161
-0.893333
-0.893299
-0.891591
-0.891211
-0.891394
-0.892784
-0.892732
-0.88852
-0.891714
-0.890952
-0.892496
-0.89168
-0.890886
-0.892916
-0.894132
-0.889059
-0.859323
-0.874665
-0.870091
-0.871108
-0.867648
-0.86692
-0.858602
-0.866251
-0.891645
-0.890491
-0.893466
-0.888643
-0.89021
-0.888758
-0.88778
-0.893154
-0.891065
-0.891408
-0.893125
-0.889919
-0.891528
-0.89318
-0.889589
-0.891015
-0.890556
-0.891067
-0.891441
-0.892628
-0.890629
-0.891391
-0.890404
-0.892908
-0.890864
-0.890719
-0.889387
-0.892489
-0.890265
-0.890674
-0.892749
-0.890464
-0.890636
-0.889832
-0.889727
-0.89366
-0.892871
-0.888668
-0.890821
-0.888926
-0.89263
-0.892027
-0.891226
-0.89017
-0.892323
-0.893497
-0.889542
-0.890039
-0.88981
-0.88906
-0.891572
-0.890513
-0.889767
-0.888947
-0.891172
-0.888063
-0.887618
-0.89019
-0.843848
-0.880561
-0.888335
-0.893061
-0.892343
-0.891338
-0.891281
-0.886671
-0.876895
-0.883736
-0.885963
-0.885381
-0.892355
-0.887685
-0.891043
-0.889462
-0.887762
-0.891509
-0.887399
-0.866205
-0.882965
-0.884446
-0.873876
-0.884911
-0.888975
-0.881261
-0.862825
-0.8837
-0.871421
-0.865341
-0.873025
-0.893151
-0.894636
-0.895102
-0.896595
-0.849564
-0.884062
-0.866244
-0.875462
-0.86172
-0.870359
-0.86878
-0.868539
-0.848688
-0.869387
-0.881211
-0.885647
-0.883456
-0.893698
-0.891672
-0.884121
-0.883388
-0.888116
-0.879806
-0.8927
-0.893077
-0.871693
-0.870715
-0.867853
-0.869583
-0.878815
-0.884457
-0.860629
-0.877964
-0.89145
-0.888807
-0.891749
-0.88969
-0.891457
-0.890182
-0.889157
-0.891529
-0.890686
-0.890053
-0.889487
-0.8898
-0.892532
-0.888025
-0.889839
-0.89146
-0.887353
-0.888434
-0.89077
-0.892082
-0.890253
-0.892352
-0.893732
-0.890474
-0.892235
-0.892488
-0.892115
-0.889329
-0.889765
-0.89088
-0.887343
-0.890072
-0.890093
-0.890422
-0.892427
-0.885343
-0.887103
-0.889332
-0.887018
-0.890554
-0.889454
-0.888
-0.890227
-0.887909
-0.888699
-0.891266
-0.890897
-0.889983
-0.888857
-0.892154
-0.891572
-0.88993
-0.891281
-0.891223
-0.893095
-0.891556
-0.891038
-0.891489
-0.890761
-0.891437
-0.890665
-0.893774
-0.890838
-0.889698
-0.890613
-0.888034
-0.890609
-0.887201
-0.891243
-0.890368
-0.889765
-0.886581
-0.888842
-0.888557
-0.889343
-0.891349
-0.886887
-0.893412
-0.886482
-0.890554
-0.889426
-0.88896
-0.891823
-0.8911
-0.889403
-0.891585
-0.889943
-0.892029
-0.892091
-0.891591
-0.890303
-0.893733
-0.891079
-0.890606
-0.889215
-0.892432
-0.890085
-0.892977
-0.890303
-0.888959
-0.890841
-0.888658
-0.889925
-0.888962
-0.89153
-0.893055
-0.887615
-0.890008
-0.892051
-0.891834
-0.893324
-0.891184
-0.891356
-0.887193
-0.891132
-0.89041
-0.890416
-0.888094
-0.88977
-0.890004
-0.890444
-0.88993
-0.892195
-0.889313
-0.892943
-0.890018
-0.888273
-0.891859
-0.892617
-0.892474
-0.892836
-0.891415
-0.89222
-0.892752
-0.893373
-0.892146
-0.891203
-0.888956
-0.887628
-0.888349
-0.889406
-0.888289
-0.886172
-0.887986
-0.888035
-0.88731
-0.887218
-0.890162
-0.888638
-0.889665
-0.887651
-0.888495
-0.886986
-0.889549
-0.88743
-0.891171
-0.88954
-0.891159
-0.886833
-0.88891
-0.887929
-0.888079
-0.891816
-0.890141
-0.890196
-0.891179
-0.887644
-0.889823
-0.89027
-0.891379
-0.888912
-0.887958
-0.88799
-0.889237
-0.889067
-0.890252
-0.886547
-0.889806
-0.890421
-0.890332
-0.886689
-0.889904
-0.891185
-0.888935
-0.893445
-0.890504
-0.892019
-0.888019
-0.888143
-0.889522
-0.890248
-0.886197
-0.886941
-0.890327
-0.891436
-0.887049
-0.890056
-0.889402
-0.88483
-0.890107
-0.889815
-0.888537
-0.889825
-0.888386
-0.886932
-0.889434
-0.886799
-0.888024
-0.888143
-0.889854
-0.887333
-0.88653
-0.888986
-0.888225
-0.891003
-0.886001
-0.885091
-0.888476
-0.887778
-0.887793
-0.889069
-0.885254
-0.888265
-0.884289
-0.891278
-0.888805
-0.887186
-0.890131
-0.888016
-0.88834
-0.889202
-0.888528
-0.889275
-0.89019
-0.888181
-0.891351
-0.891195
-0.888197
-0.890541
-0.889697
-0.889378
-0.888455
-0.887692
-0.890773
-0.888583
-0.888435
-0.890489
-0.891972
-0.891766
-0.889669
-0.887212
-0.891569
-0.88754
-0.886051
-0.88592
-0.886052
-0.889499
-0.887685
-0.887917
-0.889452
-0.887519
-0.887752
-0.886987
-0.884809
-0.886754
-0.885088
-0.888944
-0.886956
-0.889161
-0.886726
-0.888479
-0.889932
-0.887547
-0.886666
-0.886845
-0.888395
-0.889357
-0.888277
-0.886912
-0.873644
-0.87205
-0.883139
-0.888375
-0.885667
-0.886726
-0.888947
-0.881333
-0.892754
-0.887326
-0.889143
-0.878194
-0.878436
-0.892147
-0.894843
-0.887895
-0.876575
-0.880425
-0.882628
-0.862135
-0.873023
-0.862918
-0.866382
-0.871093
-0.868019
-0.847138
-0.866799
-0.879774
-0.888868
-0.892084
-0.88653
-0.886333
-0.870656
-0.881196
-0.890477
-0.865507
-0.87007
-0.877009
-0.867414
-0.870762
-0.857809
-0.868523
-0.885274
-0.894769
-0.894673
-0.891887
-0.888708
-0.88685
-0.889977
-0.890672
-0.891839
-0.891814
-0.892244
-0.889745
-0.890364
-0.890841
-0.890116
-0.888909
-0.89058
-0.892667
-0.892743
-0.891712
-0.89132
-0.890579
-0.889027
-0.887638
-0.888367
-0.889636
-0.888569
-0.883533
-0.880112
-0.887642
-0.88857
-0.887041
-0.885482
-0.885597
-0.889303
-0.883765
-0.888929
-0.885729
-0.887218
-0.885222
-0.887108
-0.887306
-0.885175
-0.886092
-0.887576
-0.88736
-0.892049
-0.890999
-0.888003
-0.887423
-0.88633
-0.887849
-0.888372
-0.886267
-0.884996
-0.88878
-0.890453
-0.888921
-0.888091
-0.887105
-0.885994
-0.8903
-0.892719
-0.888587
-0.887528
-0.88933
-0.889669
-0.887789
-0.891703
-0.887975
-0.886733
-0.887333
-0.892451
-0.890739
-0.888448
-0.888732
-0.888615
-0.887792
-0.887541
-0.887271
-0.887705
-0.890189
-0.889485
-0.890397
-0.88739
-0.890107
-0.891119
-0.888113
-0.889209
-0.887832
-0.891933
-0.892936
-0.891084
-0.893107
-0.891764
-0.891403
-0.893072
-0.892123
-0.889516
-0.889595
-0.887671
-0.889698
-0.886052
-0.887526
-0.889592
-0.889978
-0.887674
-0.88843
-0.889737
-0.886273
-0.88844
-0.889024
-0.890304
-0.885582
-0.886986
-0.889526
-0.889189
-0.888189
-0.889582
-0.886675
-0.889071
-0.890381
-0.889772
-0.887193
-0.887974
-0.889121
-0.891743
-0.888703
-0.889322
-0.888474
-0.889393
-0.891219
-0.888349
-0.889382
-0.891059
-0.89162
-0.890625
-0.889591
-0.89052
-0.889434
-0.889492
-0.89157
-0.890275
-0.890558
-0.892559
-0.892477
-0.892009
-0.889755
-0.891009
-0.88991
-0.89202
-0.890136
-0.886842
-0.887216
-0.88696
-0.889606
-0.889508
-0.89196
-0.885804
-0.889835
-0.888779
-0.890331
-0.888432
-0.888394
-0.889006
-0.888835
-0.890252
-0.889213
-0.889775
-0.889708
-0.886931
-0.887896
-0.888121
-0.889621
-0.889626
-0.889228
-0.888481
-0.889426
-0.889235
-0.89086
-0.892012
-0.890498
-0.887109
-0.88962
-0.890893
-0.890676
-0.892304
-0.890634
-0.889099
-0.888899
-0.886826
-0.886559
-0.888952
-0.889676
-0.889741
-0.890767
-0.888965
-0.890705
-0.887147
-0.888211
-0.890387
-0.891155
-0.888997
-0.889754
-0.885719
-0.889976
-0.889997
-0.890634
-0.887611
-0.887501
-0.888734
-0.892636
-0.888119
-0.888198
-0.890486
-0.889616
-0.889617
-0.890309
-0.889001
-0.887774
-0.890005
-0.890842
-0.892322
-0.889013
-0.889864
-0.890804
-0.892239
-0.892523
-0.88715
-0.880986
-0.886344
-0.8852
-0.888314
-0.886944
-0.888922
-0.886239
-0.886128
-0.881265
-0.885335
-0.889022
-0.889013
-0.889466
-0.885867
-0.886721
-0.885733
-0.886764
-0.886011
-0.885766
-0.888428
-0.887209
-0.884944
-0.889633
-0.8876
-0.887024
-0.888262
-0.889278
-0.889703
-0.889053
-0.888132
-0.886667
-0.88698
-0.885426
-0.886254
-0.887446
-0.887148
-0.883533
-0.886225
-0.888781
-0.889958
-0.890296
-0.889206
-0.887293
-0.885829
-0.885518
-0.887495
-0.886889
-0.886183
-0.88586
-0.886304
-0.886627
-0.885428
-0.888295
-0.8852
-0.884849
-0.885138
-0.887605
-0.888336
-0.886776
-0.885053
-0.886613
-0.886099
-0.886296
-0.887936
-0.887793
-0.884961
-0.887017
-0.885069
-0.889482
-0.890168
-0.884552
-0.885846
-0.886015
-0.884736
-0.890519
-0.886579
-0.88795
-0.886588
-0.886546
-0.885232
-0.889935
-0.847433
-0.882738
-0.880781
-0.891019
-0.890635
-0.890258
-0.889794
-0.881059
-0.883505
-0.883521
-0.89273
-0.888751
-0.886719
-0.867954
-0.886061
-0.870081
-0.858825
-0.884423
-0.86021
-0.865596
-0.877138
-0.854365
-0.888991
-0.881606
-0.884606
-0.867679
-0.875694
-0.882464
-0.854934
-0.867599
-0.878192
-0.884446
-0.88466
-0.887732
-0.883812
-0.883684
-0.886109
-0.883767
-0.886613
-0.887231
-0.887358
-0.886238
-0.886628
-0.886931
-0.886712
-0.886099
-0.887202
-0.889435
-0.884537
-0.886303
-0.88583
-0.88541
-0.887892
-0.892025
-0.88886
-0.887346
-0.88721
-0.889196
-0.883237
-0.885658
-0.884769
-0.887233
-0.884896
-0.885191
-0.885727
-0.888559
-0.888874
-0.886726
-0.887725
-0.886326
-0.884939
-0.88792
-0.883529
-0.887077
-0.888493
-0.885867
-0.885716
-0.887173
-0.887475
-0.889953
-0.886718
-0.886259
-0.886043
-0.887027
-0.887802
-0.889389
-0.886969
-0.886333
-0.890296
-0.888369
-0.884486
-0.886072
-0.886643
-0.885128
-0.883901
-0.887923
-0.888355
-0.886138
-0.888524
-0.888037
-0.888569
-0.886329
-0.885946
-0.888784
-0.887693
-0.886587
-0.886561
-0.884775
-0.88863
-0.890644
-0.887112
-0.888155
-0.887121
-0.887312
-0.886883
-0.888639
-0.887394
-0.888474
-0.887563
-0.888709
-0.889378
-0.887213
-0.888528
-0.890806
-0.889002
-0.890156
-0.890688
-0.887706
-0.888332
-0.885088
-0.887633
-0.885259
-0.885729
-0.887478
-0.886127
-0.886948
-0.888299
-0.886366
-0.882924
-0.883761
-0.887302
-0.886593
-0.884988
-0.884807
-0.884665
-0.886906
-0.883871
-0.885308
-0.886762
-0.886602
-0.886926
-0.886171
-0.887202
-0.888458
-0.887727
-0.886512
-0.891754
-0.885823
-0.886725
-0.889971
-0.88739
-0.887652
-0.887924
-0.886218
-0.884499
-0.88677
-0.887894
-0.886403
-0.890857
-0.886946
-0.886936
-0.887935
-0.885655
-0.888441
-0.887802
-0.886714
-0.886965
-0.886264
-0.886126
-0.887242
-0.88646
-0.886932
-0.886605
-0.887908
-0.885907
-0.886931
-0.884881
-0.890473
-0.885742
-0.889766
-0.886189
-0.887811
-0.889456
-0.886628
-0.887171
-0.886846
-0.886433
-0.887614
-0.888551
-0.889902
-0.888242
-0.888925
-0.8534
-0.877365
-0.879215
-0.8833
-0.891507
-0.888819
-0.891703
-0.869126
-0.88296
-0.884184
-0.888437
-0.890618
-0.891581
-0.891629
-0.869879
-0.885177
-0.893959
-0.894643
-0.879754
-0.893789
-0.893788
-0.86011
-0.880274
-0.884869
-0.879104
-0.885544
-0.885581
-0.888576
-0.883544
-0.857668
-0.868518
-0.85587
-0.88585
-0.884823
-0.88673
-0.888283
-0.878969
-0.875384
-0.881356
-0.881077
-0.883964
-0.885419
-0.887509
-0.869385
-0.879423
-0.87759
-0.881248
-0.874889
-0.888861
-0.868476
-0.87077
-0.862181
-0.821327
-0.854514
-0.872626
-0.876153
-0.880658
-0.878008
-0.876825
-0.871428
-0.883598
-0.880259
-0.887889
-0.889615
-0.888792
-0.889095
-0.889831
-0.888331
-0.888716
-0.888388
-0.872096
-0.872114
-0.887845
-0.884547
-0.890001
-0.891945
-0.887441
-0.888707
-0.888681
-0.886114
-0.890375
-0.888636
-0.887953
-0.886025
-0.886909
-0.888565
-0.889922
-0.8893
-0.887226
-0.886832
-0.883049
-0.888056
-0.890369
-0.889373
-0.886124
-0.89015
-0.88794
-0.890665
-0.887394
-0.887478
-0.891486
-0.888287
-0.889053
-0.88766
-0.887258
-0.889381
-0.889633
-0.87703
-0.874049
-0.880611
-0.869228
-0.866025
-0.886274
-0.888053
-0.888999
-0.887901
-0.890438
-0.889932
-0.891399
-0.892008
-0.886131
-0.889181
-0.889593
-0.890712
-0.890509
-0.887039
-0.885999
-0.890934
-0.886138
-0.89181
-0.888129
-0.888384
-0.889444
-0.889876
-0.8881
-0.887916
-0.888081
-0.885334
-0.888305
-0.885143
-0.886018
-0.883865
-0.885226
-0.888073
-0.88691
-0.887796
-0.887005
-0.883408
-0.887746
-0.884463
-0.890383
-0.890666
-0.8899
-0.890473
-0.887721
-0.889082
-0.888666
-0.887718
-0.887499
-0.889355
-0.892392
-0.888072
-0.889202
-0.886392
-0.889991
-0.88894
-0.884256
-0.890456
-0.888646
-0.888398
-0.889525
-0.886966
-0.886746
-0.885864
-0.88884
-0.890146
-0.885693
-0.889207
-0.888442
-0.887775
-0.889328
-0.891345
-0.889113
-0.88734
-0.88836
-0.887534
-0.889148
-0.890825
-0.887581
-0.886754
-0.888708
-0.88833
-0.889098
-0.888856
-0.886531
-0.888803
-0.887382
-0.890005
-0.888189
-0.888034
-0.890684
-0.889387
-0.888527
-0.890585
-0.886696
-0.888694
-0.890127
-0.887737
-0.89183
-0.887513
-0.890464
-0.891814
-0.886453
-0.890489
-0.890514
-0.890298
-0.885695
-0.891724
-0.887939
-0.889954
-0.888837
-0.888828
-0.881677
-0.872769
-0.873827
-0.885263
-0.874872
-0.883007
-0.882612
-0.887927
-0.888134
-0.891905
-0.890108
-0.888261
-0.889161
-0.888194
-0.887122
-0.889046
