-0.891723
-0.891686
-0.887009
-0.888513
-0.892058
-0.893653
-0.894113
-0.895194
-0.893554
-0.892042
-0.887161
-0.88631
-0.88177
-0.887798
-0.891825
-0.892398
-0.895127
-0.890594
-0.889459
-0.887835
-0.892809
-0.895868
-0.887669
-0.895323
-0.897155
-0.89703
-0.89574
-0.897617
-0.88424
-0.885973
-0.887548
-0.894566
-0.893104
-0.896126
-0.899951
-0.899539
-0.900666
-0.895983
-0.893604
-0.895685
-0.894446
-0.894841
-0.895162
-0.89866
-0.894725
-0.895999
-0.897805
-0.898183
-0.895491
-0.896345
-0.895923
-0.897819
-0.890762
-0.88405
-0.876829
-0.883585
-0.886065
-0.888481
-0.884563
-0.895997
-0.894188
-0.894129
-0.896371
-0.897647
-0.89584
-0.889516
-0.896572
-0.89768
-0.896463
-0.900634
-0.897125
-0.88379
-0.885863
-0.887209
-0.894432
-0.896474
-0.894756
-0.89512
-0.896319
-0.897177
-0.882475
-0.877487
-0.893888
-0.896291
-0.894368
-0.894661
-0.891086
-0.882265
-0.877235
-0.87998
-0.89003
-0.89684
-0.896303
-0.887605
-0.877423
-0.896085
-0.897309
-0.896126
-0.887294
-0.893578
-0.893131
-0.891191
-0.883923
-0.888333
-0.892494
-0.898355
-0.892097
-0.886041
-0.885296
-0.891988
-0.896631
-0.898585
-0.890618
-0.894914
-0.891056
-0.880801
-0.881897
-0.876321
-0.885538
-0.885974
-0.883799
-0.888415
-0.886582
-0.897781
-0.894579
-0.883509
-0.896107
-0.892315
-0.891019
-0.881761
-0.877859
-0.876954
-0.863985
-0.875226
-0.874427
-0.879931
-0.876954
-0.88345
-0.884754
-0.879692
-0.873034
-0.879086
-0.87476
-0.877046
-0.88786
-0.894188
-0.884267
-0.87746
-0.895611
-0.876393
-0.884672
-0.891258
-0.871666
-0.882261
-0.894094
-0.896651
-0.879315
-0.892977
-0.886898
-0.896912
-0.898769
-0.896555
-0.878106
-0.868319
-0.885165
-0.887673
-0.888671
-0.870335
-0.875308
-0.870945
-0.884867
-0.886302
-0.889564
-0.891377
-0.869902
-0.887501
-0.899901
-0.895486
-0.886466
-0.887038
-0.87451
-0.876437
-0.885935
-0.885985
-0.889275
-0.882216
-0.894555
-0.897361
-0.8882
-0.874877
-0.872636
-0.881761
-0.88337
-0.882213
-0.873874
-0.865671
-0.868237
-0.883353
-0.877932
-0.869627
-0.877477
-0.879517
-0.874909
-0.871858
-0.885377
-0.887012
-0.897846
-0.889231
-0.888416
-0.890379
-0.883582
-0.879115
-0.878433
-0.879855
-0.889535
-0.877
-0.882846
-0.871063
-0.87079
-0.88208
-0.871531
-0.864172
-0.865793
-0.861564
-0.876525
-0.871852
-0.879522
-0.879483
-0.876541
-0.865973
-0.881
-0.876699
-0.886558
-0.870362
-0.8627
-0.887748
-0.885006
-0.889053
-0.889202
-0.889207
-0.891252
-0.887654
-0.891713
-0.890316
-0.892937
-0.8813
-0.890833
-0.892141
-0.892516
-0.89075
-0.890816
-0.890375
-0.892817
-0.893414
-0.869225
-0.884237
-0.892818
-0.894809
-0.886046
-0.882291
-0.890598
-0.889415
-0.887694
-0.887995
-0.874305
-0.876482
-0.87255
-0.867763
-0.861774
-0.863548
-0.880527
-0.875609
-0.899958
-0.890824
-0.886894
-0.885206
-0.876658
-0.869168
-0.865798
-0.854272
-0.864315
-0.88618
-0.862716
-0.886555
-0.85548
-0.867348
-0.871525
-0.867775
-0.851378
-0.869941
-0.853349
-0.856866
-0.863194
-0.866027
-0.862985
-0.888344
-0.896456
-0.89562
-0.901818
-0.880333
-0.884655
-0.883568
-0.878035
-0.86969
-0.891565
-0.896148
-0.89524
-0.847728
-0.867051
-0.864575
-0.884542
-0.879623
-0.877449
-0.87255
-0.877419
-0.877737
-0.873073
-0.872223
-0.862923
-0.868529
-0.881212
-0.885371
-0.849894
-0.898944
-0.891126
-0.892349
-0.894108
-0.894008
-0.895425
-0.894554
-0.893806
-0.893937
-0.893156
-0.894447
-0.885
-0.884177
-0.897742
-0.887143
-0.896343
-0.870553
-0.869358
-0.881848
-0.845199
-0.851846
-0.859594
-0.864434
-0.864621
-0.864752
-0.879466
-0.878139
-0.871923
-0.87329
-0.864167
-0.870183
-0.873262
-0.878938
-0.890173
-0.882975
-0.889978
-0.891757
-0.894488
-0.892548
-0.891342
-0.88954
-0.891802
-0.894169
-0.890725
-0.877727
-0.888268
-0.889916
-0.883589
-0.888574
-0.889764
-0.889918
-0.891312
-0.893549
-0.896292
-0.886825
-0.869198
-0.886289
-0.879881
-0.885181
-0.888636
-0.885606
-0.856939
-0.870908
-0.887448
-0.881714
-0.873606
-0.868867
-0.882685
-0.887354
-0.880125
-0.879737
-0.88557
-0.880675
-0.884591
-0.886599
-0.882428
-0.88504
-0.868956
-0.878534
-0.852062
-0.871116
-0.874473
-0.879678
-0.862125
-0.860691
-0.897129
-0.895485
-0.896922
-0.898403
-0.851964
-0.893107
-0.898082
-0.90208
-0.902027
-0.901822
-0.898972
-0.900228
-0.897058
-0.90177
-0.901443
-0.879952
-0.877655
-0.891365
-0.894663
-0.885774
-0.89684
-0.897076
-0.899074
-0.897442
-0.899548
-0.899936
-0.899613
-0.900413
-0.901029
-0.900345
-0.900259
-0.900775
-0.899672
-0.900614
-0.899485
-0.899619
-0.899583
-0.899393
-0.896792
-0.899164
-0.894803
-0.896256
-0.898717
-0.896587
-0.896405
-0.896425
-0.896458
-0.897293
-0.895777
-0.897911
-0.896431
-0.895589
-0.896254
-0.894963
-0.897561
-0.897198
-0.887969
-0.860929
-0.895375
-0.896226
-0.899437
-0.897502
-0.893613
-0.896696
-0.892611
-0.898592
-0.897383
-0.900948
-0.899742
-0.898716
-0.892517
-0.861009
-0.887099
-0.888195
-0.889984
-0.894736
-0.891737
-0.896694
-0.89527
-0.896829
-0.892071
-0.899516
-0.846933
-0.894711
-0.897232
-0.894539
-0.897904
-0.888503
-0.872057
-0.870785
-0.878658
-0.875986
-0.872733
-0.858194
-0.86569
-0.860896
-0.837623
-0.810316
-0.813105
-0.85437
-0.867686
-0.871239
-0.876774
-0.878888
-0.882467
-0.886181
-0.889221
-0.886342
-0.885205
-0.886622
-0.885379
-0.852226
-0.880958
-0.898203
-0.893974
-0.900078
-0.89733
-0.897536
-0.887434
-0.86422
-0.889468
-0.875401
-0.879395
-0.879603
-0.881367
-0.850357
-0.877238
-0.895306
-0.896913
-0.896072
-0.899349
-0.897297
-0.881056
-0.877028
-0.863388
-0.871233
-0.879446
-0.867652
-0.893742
-0.896426
-0.900094
-0.897502
-0.898304
-0.900826
-0.895837
-0.892945
-0.899648
-0.894547
-0.894988
-0.896515
-0.843844
-0.837293
-0.84271
-0.855105
-0.855305
-0.833576
-0.833628
-0.836685
-0.838021
-0.853468
-0.870872
-0.873464
-0.877895
-0.867059
-0.869001
-0.849431
-0.874947
-0.851774
-0.838417
-0.88373
-0.891167
-0.896116
-0.895542
-0.892138
-0.875974
-0.892821
-0.887349
-0.869249
-0.870421
-0.860108
-0.860914
-0.861589
-0.889219
-0.887061
-0.895048
-0.894605
-0.893933
-0.89232
-0.891812
-0.892762
-0.89264
-0.894038
-0.893744
-0.892215
-0.892053
-0.894039
-0.893626
-0.893595
-0.893946
-0.894358
-0.894466
-0.869898
-0.848273
-0.857503
-0.85417
-0.862691
-0.870829
-0.873055
-0.863299
-0.86656
-0.877217
-0.859413
-0.86296
-0.863594
-0.86444
-0.85563
-0.864656
-0.86369
-0.867546
-0.874402
-0.87841
-0.879149
-0.888495
-0.897767
-0.895769
-0.89717
-0.898441
-0.896403
-0.899673
-0.899245
-0.896212
-0.89823
-0.842224
-0.816552
-0.797192
-0.811027
-0.810645
-0.838151
-0.859426
-0.832422
-0.874038
-0.882163
-0.892276
-0.893262
-0.896053
-0.893273
-0.895126
-0.896329
-0.895507
-0.896665
-0.896003
-0.896059
-0.896295
-0.89586
-0.895089
-0.892876
-0.893829
-0.893933
-0.892682
-0.895248
-0.897188
-0.896143
-0.894055
-0.895063
-0.89515
-0.894776
-0.893787
-0.894836
-0.895977
-0.893339
-0.893187
-0.896417
-0.894416
-0.892525
-0.891652
-0.893359
-0.894339
-0.894586
-0.894739
-0.89408
-0.893863
-0.893158
-0.893045
-0.892215
-0.891772
-0.892812
-0.896087
-0.894155
-0.895724
-0.895832
-0.896502
-0.896216
-0.895879
-0.895038
-0.894419
-0.895376
-0.894051
-0.895917
-0.898448
-0.897718
-0.897953
-0.895774
-0.896693
-0.896097
-0.895889
-0.895245
-0.897158
-0.896683
-0.895634
-0.896967
-0.894247
-0.894557
-0.895143
-0.879471
-0.843755
-0.872483
-0.884372
-0.886866
-0.883978
-0.885733
-0.885242
-0.88635
-0.888939
-0.889942
-0.889519
-0.888972
-0.888131
-0.887726
-0.88909
-0.889918
-0.892125
-0.892309
-0.891087
-0.891325
-0.894126
-0.894198
-0.893952
-0.89616
-0.89563
-0.895108
-0.895265
-0.896769
-0.89658
-0.894634
-0.895609
-0.896558
-0.897285
-0.897746
-0.896925
-0.892247
-0.854328
-0.883614
-0.880243
-0.881405
-0.883274
-0.885409
-0.883375
-0.893802
-0.898881
-0.90144
-0.899998
-0.898939
-0.897135
-0.897494
-0.89623
-0.896518
-0.899376
-0.898601
-0.899093
-0.899735
-0.899581
-0.898566
-0.898611
-0.899243
-0.899711
-0.9023
-0.898301
-0.89829
-0.898943
-0.898114
-0.898416
-0.89752
-0.89814
-0.89786
-0.897871
-0.89614
-0.897873
-0.899682
-0.896905
-0.898824
-0.899621
-0.897036
-0.896627
-0.898449
-0.90002
-0.899349
-0.90076
-0.898111
-0.899721
-0.900337
-0.899716
-0.899607
-0.89842
-0.898961
-0.899955
-0.898774
-0.899054
-0.898863
-0.898677
-0.897957
-0.895745
-0.895923
-0.898607
-0.897689
-0.897622
-0.899725
-0.897651
-0.898737
-0.89998
-0.899861
-0.898793
-0.900414
-0.900535
-0.900583
-0.898802
-0.899631
-0.898431
-0.899094
-0.900568
-0.899779
-0.90031
-0.901868
-0.901814
-0.901131
-0.90149
-0.901426
-0.901166
-0.901688
-0.899548
-0.902662
-0.901988
-0.901544
-0.902257
-0.900251
-0.900683
-0.902949
-0.902787
-0.901868
-0.902894
-0.902598
-0.90199
-0.901268
-0.903058
-0.902574
-0.900237
-0.900264
-0.900146
-0.902232
-0.901582
-0.901598
-0.901382
-0.900018
-0.902798
-0.90099
-0.899362
-0.899241
-0.900855
-0.896954
-0.9024
-0.90158
-0.901865
-0.901211
-0.902554
-0.901078
-0.900658
-0.901746
-0.898937
-0.899949
-0.900217
-0.90004
-0.901637
-0.898552
-0.899179
-0.901517
-0.899669
-0.900627
-0.900536
-0.89973
-0.900137
-0.901363
-0.900501
-0.899698
-0.901857
-0.900945
-0.902379
-0.899773
-0.903497
-0.902728
-0.900971
-0.901707
-0.901773
-0.902534
-0.903938
-0.903182
-0.903393
-0.903289
-0.902626
-0.901568
-0.901402
-0.900317
-0.902442
-0.901489
-0.899896
-0.900293
-0.901251
-0.90162
-0.898586
-0.897861
-0.898594
-0.900431
-0.901672
-0.901491
-0.900007
-0.902084
-0.901736
-0.900184
-0.901213
-0.904356
-0.903767
-0.902633
-0.901602
-0.902598
-0.903621
-0.905044
-0.902551
-0.902129
-0.901431
-0.902449
-0.90178
-0.901707
-0.902011
-0.901947
-0.901467
-0.90347
-0.904591
-0.902311
-0.903273
-0.904242
-0.90046
-0.901395
-0.900983
-0.898019
-0.898721
-0.901421
-0.899012
-0.902732
-0.900454
-0.899212
-0.896639
-0.897434
-0.899103
-0.846708
-0.875793
-0.878553
-0.864924
-0.882545
-0.878239
-0.859575
-0.87198
-0.873729
-0.862256
-0.857424
-0.843311
-0.855492
-0.859995
-0.852009
-0.868384
-0.8799
-0.885857
-0.871849
-0.830496
-0.871337
-0.872424
-0.880825
-0.883798
-0.883071
-0.885515
-0.886351
-0.886657
-0.84887
-0.828032
-0.839198
-0.822976
-0.81859
-0.821332
-0.824579
-0.863104
-0.864206
-0.851989
-0.849205
-0.863893
-0.828165
-0.792986
-0.786099
-0.800328
-0.850214
-0.863456
-0.851921
-0.887619
-0.894858
-0.895615
-0.899947
-0.895655
-0.898003
-0.899409
-0.899072
-0.898891
-0.89916
-0.898913
-0.898861
-0.900919
-0.902396
-0.902116
-0.902872
-0.902818
-0.902217
-0.905213
-0.901751
-0.897976
-0.899046
-0.830405
-0.836075
-0.835845
-0.843961
-0.847135
-0.847078
-0.817392
-0.857076
-0.840973
-0.851147
-0.842278
-0.848012
-0.862944
-0.88727
-0.889891
-0.889007
-0.888708
-0.891525
-0.891914
-0.888666
-0.894353
-0.894873
-0.889198
-0.893228
-0.897312
-0.866441
-0.844009
-0.858717
-0.868712
-0.808673
-0.833949
-0.84509
-0.832978
-0.794251
-0.843612
-0.888618
-0.898446
-0.902594
-0.898817
-0.89644
-0.896119
-0.898561
-0.900288
-0.898008
-0.899518
-0.899473
-0.901164
-0.90328
-0.902496
-0.90136
-0.898787
-0.898775
-0.898207
-0.899799
-0.897277
-0.898197
-0.897654
-0.898502
-0.895724
-0.895996
-0.898297
-0.898583
-0.897135
-0.898098
-0.89792
-0.899259
-0.899034
-0.899364
-0.896601
-0.895416
-0.895104
-0.896874
-0.895567
-0.896361
-0.894449
-0.894355
-0.896143
-0.89395
-0.893061
-0.894934
-0.894695
-0.897574
-0.898711
-0.897013
-0.896907
-0.898655
-0.899323
-0.899627
-0.900493
-0.896321
-0.899002
-0.897293
-0.899943
-0.899038
-0.895904
-0.897195
-0.895549
-0.894288
-0.896008
-0.895459
-0.895586
-0.893324
-0.89444
-0.893629
-0.894068
-0.894943
-0.895959
-0.894883
-0.89722
-0.892812
-0.896212
-0.890878
-0.893172
-0.894504
-0.897035
-0.894749
-0.89467
-0.89787
-0.893142
-0.896863
-0.897349
-0.895408
-0.89491
-0.893303
-0.894306
-0.894579
-0.894028
-0.896395
-0.89327
-0.894036
-0.891838
-0.894286
-0.892546
-0.890152
-0.893687
-0.893197
-0.895262
-0.893241
-0.896097
-0.895034
-0.893353
-0.896173
-0.894903
-0.896414
-0.890341
-0.89443
-0.895132
-0.894699
-0.893497
-0.892525
-0.841059
-0.847528
-0.856243
-0.859644
-0.867093
-0.864555
-0.866463
-0.862627
-0.854883
-0.853211
-0.884364
-0.882262
-0.869968
-0.851175
-0.854155
-0.853541
-0.856725
-0.843822
-0.857085
-0.849729
-0.848557
-0.858348
-0.873058
-0.86792
-0.865659
-0.888129
-0.832796
-0.821473
-0.845625
-0.817054
-0.782688
-0.865632
-0.896751
-0.900027
-0.900938
-0.90315
-0.90281
-0.899387
-0.90066
-0.899946
-0.902673
-0.902535
-0.90106
-0.900918
-0.89968
-0.902171
-0.901525
-0.900827
-0.903538
-0.901353
-0.902708
-0.901016
-0.901659
-0.903109
-0.902714
-0.903471
-0.902801
-0.903181
-0.90122
-0.903233
-0.903001
-0.90078
-0.900812
-0.900958
-0.899379
-0.902349
-0.868001
-0.824485
-0.833025
-0.831186
-0.835274
-0.808072
-0.832456
-0.853073
-0.89166
-0.897229
-0.900058
-0.893498
-0.899047
-0.898024
-0.897097
-0.898052
-0.898978
-0.899734
-0.900416
-0.898226
-0.900336
-0.900198
-0.90052
-0.901848
-0.901502
-0.902851
-0.901019
-0.902576
-0.900766
-0.89887
-0.90118
-0.900953
-0.901154
-0.901582
-0.900874
-0.90126
-0.900079
-0.900901
-0.900029
-0.900212
-0.900944
-0.901445
-0.899362
-0.903022
-0.903612
-0.902568
-0.89871
-0.897899
-0.905538
-0.900748
-0.903138
-0.902626
-0.903871
-0.903795
-0.900075
-0.902735
-0.900167
-0.9015
-0.903152
-0.901747
-0.901524
-0.90097
-0.903058
-0.900341
-0.901354
-0.902321
-0.84691
-0.835464
-0.846685
-0.850586
-0.848733
-0.851974
-0.85482
-0.853408
-0.845163
-0.869307
-0.859624
-0.861238
-0.870316
-0.872556
-0.852079
-0.857067
-0.854473
-0.85337
-0.85772
-0.840343
-0.831538
-0.852019
-0.847728
-0.85502
-0.854847
-0.85233
-0.820661
-0.879638
-0.86703
-0.84495
-0.847259
-0.87947
-0.886176
-0.884413
-0.881769
-0.809068
-0.790006
-0.804977
-0.843887
-0.827371
-0.841635
-0.828577
-0.78516
-0.699611
-0.788339
-0.830351
-0.848806
-0.867045
-0.876749
-0.872897
-0.872401
-0.872725
-0.848924
-0.856538
-0.870602
-0.868292
-0.840416
-0.832122
-0.812428
-0.808933
-0.815146
-0.83673
-0.820822
-0.879263
-0.895067
-0.905407
-0.907765
-0.905597
-0.906394
-0.904688
-0.907689
-0.905538
-0.906569
-0.906424
-0.906011
-0.906705
-0.907791
-0.906578
-0.907204
-0.907871
-0.904875
-0.906078
-0.905583
-0.903109
-0.903625
-0.905483
-0.904866
-0.902465
-0.901107
-0.903479
-0.905496
-0.901641
-0.904005
-0.900344
-0.904258
-0.902337
-0.905883
-0.90606
-0.904757
-0.902841
-0.90373
-0.906573
-0.901072
-0.906498
-0.906434
-0.903989
-0.901701
-0.902902
-0.908609
-0.906379
-0.908997
-0.906901
-0.904115
-0.907051
-0.90563
-0.90396
-0.907704
-0.905538
-0.906544
-0.905724
-0.905637
-0.906899
-0.906104
-0.905503
-0.907153
-0.908659
-0.903717
-0.906392
-0.904329
-0.90231
-0.904141
-0.902515
-0.905743
-0.907453
-0.903942
-0.902824
-0.903439
-0.905201
-0.904763
-0.904323
-0.906508
-0.907232
-0.904415
-0.908456
-0.905587
-0.909464
-0.904667
-0.90665
-0.905567
-0.907758
-0.906516
-0.907267
-0.908737
-0.907277
-0.90823
-0.907585
-0.905464
-0.907935
-0.90796
-0.909601
-0.906876
-0.906956
-0.905504
-0.906511
-0.904429
-0.905958
-0.905341
-0.906677
-0.906823
-0.908731
-0.901577
-0.902993
-0.907924
-0.904071
-0.907108
-0.905401
-0.906085
-0.902787
-0.90361
-0.904837
-0.904114
-0.902725
-0.904281
-0.90363
-0.905329
-0.902995
-0.905679
-0.902098
-0.90617
-0.90475
-0.902703
-0.905254
-0.904366
-0.905425
-0.904186
-0.899133
-0.898698
-0.897742
-0.900092
-0.901825
-0.896481
-0.901257
-0.902476
-0.904288
-0.90603
-0.905784
-0.899833
-0.898802
-0.899393
-0.904346
-0.902495
-0.905225
-0.906596
-0.906911
-0.904498
-0.904068
-0.900622
-0.901781
-0.901837
-0.901766
-0.903395
-0.904552
-0.903714
-0.904437
-0.903528
-0.900441
-0.907093
-0.901054
-0.903916
-0.904493
-0.901101
-0.903287
-0.903384
-0.905286
-0.903885
-0.901882
-0.904948
-0.903683
-0.903703
-0.902865
-0.901435
-0.901773
-0.90399
-0.90384
-0.89977
-0.900189
-0.902094
-0.899857
-0.901819
-0.903329
-0.902166
-0.900926
-0.898462
-0.904329
-0.902026
-0.901963
-0.903142
-0.901593
-0.904632
-0.902606
-0.90589
-0.905245
-0.899183
-0.899854
-0.902285
-0.902105
-0.904331
-0.903397
-0.903104
-0.90414
-0.904287
-0.902809
-0.905854
-0.906594
-0.900978
-0.904894
-0.906567
-0.905431
-0.906165
-0.904967
-0.902977
-0.90162
-0.904356
-0.904423
-0.906215
-0.905001
-0.904128
-0.903181
-0.904727
-0.902166
-0.905374
-0.905448
-0.905244
-0.905339
-0.906924
-0.902259
-0.90729
-0.906596
-0.904188
-0.905958
-0.905826
-0.905541
-0.906483
-0.908057
-0.904594
-0.906807
-0.903784
-0.904572
-0.902389
-0.903605
-0.902956
-0.904305
-0.898639
-0.902852
-0.905313
-0.904006
-0.903149
-0.903577
-0.903384
-0.906647
-0.904999
-0.900632
-0.902054
-0.901953
-0.903931
-0.905846
-0.903464
-0.902191
-0.906392
-0.901394
-0.90204
-0.903718
-0.905462
-0.900926
-0.89791
-0.907447
-0.904463
-0.899914
-0.905968
-0.905728
-0.906623
-0.904433
-0.904124
-0.87961
-0.810082
-0.830314
-0.825822
-0.829634
-0.834202
-0.830157
-0.836415
-0.854016
-0.854354
-0.856906
-0.838775
-0.833914
-0.857361
-0.85993
-0.850552
-0.834659
-0.835443
-0.837844
-0.787648
-0.850608
-0.816049
-0.814841
-0.826222
-0.788085
-0.722319
-0.807566
-0.870249
-0.884562
-0.884954
-0.881483
-0.888117
-0.872474
-0.825303
-0.834553
-0.803995
-0.758987
-0.802962
-0.826184
-0.785968
-0.772764
-0.80525
-0.836713
-0.853039
-0.850788
-0.8547
-0.859309
-0.863385
-0.873664
-0.884756
-0.880606
-0.883426
-0.882922
-0.885563
-0.884253
-0.884365
-0.88301
-0.886272
-0.885462
-0.885734
-0.886065
-0.887028
-0.888785
-0.889324
-0.891477
-0.890093
-0.889114
-0.891352
-0.89176
-0.891894
-0.888776
-0.897296
-0.896314
-0.891378
-0.895664
-0.892689
-0.89772
-0.8936
-0.90096
-0.898877
-0.901916
-0.900417
-0.899719
-0.900735
-0.902395
-0.900523
-0.905602
-0.905437
-0.907212
-0.906405
-0.906995
-0.904336
-0.904723
-0.906173
-0.904827
-0.90339
-0.903462
-0.908623
-0.905916
-0.905136
-0.905494
-0.903463
-0.904507
-0.907513
-0.906471
-0.904527
-0.905301
-0.903562
-0.907094
-0.903805
-0.907875
-0.906779
-0.90539
-0.905989
-0.907768
-0.906015
-0.907709
-0.905887
-0.907569
-0.905342
-0.904615
-0.905121
-0.905332
-0.908836
-0.908086
-0.907828
-0.908303
-0.908085
-0.908344
-0.906519
-0.905984
-0.906144
-0.90868
-0.909146
-0.906289
-0.907234
-0.906627
-0.906052
-0.907634
-0.905988
-0.905474
-0.908784
-0.908868
-0.908289
-0.904819
-0.903809
-0.903552
-0.903442
-0.902742
-0.903126
-0.906914
-0.904987
-0.903166
-0.904602
-0.905544
-0.901977
-0.905609
-0.903994
-0.902199
-0.904773
-0.903923
-0.905507
-0.90477
-0.906944
-0.905863
-0.904777
-0.905609
-0.906674
-0.907305
-0.903763
-0.904292
-0.907087
-0.908806
-0.910376
-0.907556
-0.907674
-0.909594
-0.907488
-0.906049
-0.90469
-0.903571
-0.905157
-0.906732
-0.907188
-0.907732
-0.906876
-0.907639
-0.90918
-0.907895
-0.90723
-0.909709
-0.909502
-0.908912
-0.908048
-0.903094
-0.897151
-0.896935
-0.901628
-0.906084
-0.904439
-0.896451
-0.902205
-0.90692
-0.902708
-0.905375
-0.904467
-0.905628
-0.904891
-0.907847
-0.90822
-0.910335
-0.906734
-0.9059
-0.908394
-0.909389
-0.907862
-0.90789
-0.908618
-0.907581
-0.907031
-0.908047
-0.907048
-0.907094
-0.908236
-0.905451
-0.90675
-0.909046
-0.909407
-0.908488
-0.909843
-0.910327
-0.905934
-0.902944
-0.905579
-0.907457
-0.908392
-0.908486
-0.909253
-0.90754
-0.910905
-0.904152
-0.907936
-0.909299
-0.908026
-0.909464
-0.907531
-0.907017
-0.908448
-0.909916
-0.910181
-0.906328
-0.907499
-0.908035
-0.910961
-0.907757
-0.907146
-0.907215
-0.908482
-0.906597
-0.908591
-0.906385
-0.906427
-0.904899
-0.907669
-0.908678
-0.908424
-0.906465
-0.906395
-0.907992
-0.910029
-0.905546
-0.885712
-0.897554
-0.900933
-0.898397
-0.89462
-0.900307
-0.896112
-0.890183
-0.895737
-0.903121
-0.901888
-0.905756
-0.903207
-0.899944
-0.900578
-0.897483
-0.899057
-0.89778
-0.901619
-0.9058
-0.905044
-0.900081
-0.900488
-0.899
-0.900593
-0.900586
-0.899752
-0.899885
-0.900963
-0.901046
-0.898015
-0.899624
-0.903289
-0.903621
-0.904366
-0.905086
-0.904643
-0.906234
-0.903942
-0.905468
-0.902678
-0.905266
-0.896209
-0.897146
-0.897117
-0.90008
-0.896346
-0.896717
-0.898959
-0.901705
-0.906402
-0.902564
-0.901906
-0.901149
-0.90034
-0.90094
-0.903873
-0.907322
-0.905102
-0.906365
-0.905116
-0.902994
-0.906327
-0.906478
-0.908226
-0.907515
-0.903773
-0.905672
-0.907856
-0.909483
-0.907902
-0.905186
-0.902653
-0.900366
-0.902647
-0.896955
-0.890351
-0.889634
-0.891354
-0.893068
-0.901659
-0.833258
-0.824352
-0.827208
-0.822467
-0.829362
-0.843797
-0.855646
-0.838502
-0.837094
-0.842457
-0.840105
-0.845829
-0.844076
-0.787593
-0.850181
-0.829048
-0.804332
-0.82159
-0.785096
-0.791118
-0.83452
-0.753001
-0.732468
-0.747899
-0.770587
-0.79678
-0.800149
-0.779189
-0.712777
-0.793983
-0.85707
-0.879574
-0.887445
-0.894244
-0.892827
-0.878908
-0.889146
-0.892206
-0.892901
-0.893654
-0.894685
-0.901328
-0.903557
-0.90201
-0.906732
-0.906235
-0.904919
-0.905519
-0.905589
-0.906942
-0.909652
-0.908756
-0.906734
-0.908489
-0.907082
-0.907186
-0.90753
-0.909934
-0.904694
-0.908141
-0.903673
-0.90609
-0.907694
-0.909375
-0.909456
-0.903739
-0.907322
-0.900951
-0.905459
-0.905013
-0.901511
-0.906642
-0.905699
-0.904849
-0.909722
-0.907631
-0.910992
-0.911033
-0.909881
-0.909224
-0.909021
-0.908142
-0.908641
-0.905851
-0.907249
-0.907385
-0.906894
-0.908213
-0.909623
-0.908312
-0.90527
-0.901468
-0.903221
-0.904547
-0.900691
-0.907857
-0.906457
-0.905058
-0.907936
-0.906469
-0.906005
-0.905603
-0.908811
-0.905333
-0.910072
-0.910219
-0.908458
-0.906325
-0.909664
-0.909705
-0.908173
-0.910186
-0.905951
-0.908766
-0.908651
-0.908739
-0.906945
-0.906223
-0.906744
-0.907266
-0.907909
-0.907402
-0.905602
-0.905996
-0.902241
-0.904211
-0.906663
-0.90252
-0.904216
-0.897608
-0.906207
-0.900731
-0.902934
-0.90723
-0.900057
-0.902934
-0.905849
-0.89813
-0.895397
-0.899597
-0.898437
-0.900297
-0.895013
-0.903731
-0.90008
-0.9032
-0.906454
-0.90213
-0.90517
-0.907912
-0.907178
-0.904095
-0.906802
-0.908909
-0.90488
-0.89314
-0.891628
-0.891126
-0.898356
-0.900856
-0.905765
-0.899346
-0.901853
-0.901921
-0.901704
-0.902065
-0.902428
-0.90229
-0.906208
-0.902874
-0.90282
-0.899063
-0.896615
-0.901568
-0.898865
-0.897609
-0.900261
-0.90372
-0.905247
-0.906838
-0.9052
-0.906276
-0.906091
-0.906219
-0.90548
-0.900764
-0.905235
-0.903532
-0.904712
-0.905914
-0.905839
-0.907037
-0.906743
-0.90523
-0.906112
-0.902984
-0.904806
-0.903744
-0.905034
-0.906874
-0.905224
-0.903499
-0.833983
-0.765872
-0.782926
-0.795616
-0.821445
-0.826022
-0.830515
-0.804116
-0.799613
-0.814986
-0.816358
-0.822831
-0.829133
-0.824444
-0.786909
-0.8061
-0.822193
-0.82435
-0.81295
-0.816353
-0.822385
-0.773295
-0.775821
-0.792898
-0.786399
-0.796675
-0.796073
-0.807145
-0.823463
-0.789419
-0.812527
-0.797385
-0.779431
-0.780377
-0.783098
-0.78545
-0.778785
-0.783283
-0.792274
-0.785663
-0.793173
-0.790927
-0.793577
-0.755083
-0.727452
-0.739464
-0.73332
-0.745677
-0.823422
-0.80825
-0.79038
-0.744587
-0.620643
-0.697477
-0.733588
-0.733731
-0.762467
-0.764179
-0.785809
-0.791993
-0.808482
-0.827637
-0.837162
-0.843563
-0.840791
-0.841255
-0.843498
-0.839667
-0.843212
-0.842968
-0.819198
-0.834959
-0.870248
-0.881096
-0.893832
-0.897494
-0.898727
-0.899362
-0.902562
-0.899613
-0.899651
-0.901925
-0.899126
-0.897323
-0.899487
-0.902286
-0.902492
-0.90375
-0.89941
-0.899717
-0.898482
-0.901791
-0.90312
-0.90505
-0.903574
-0.899474
-0.892251
-0.897983
-0.894893
-0.895028
-0.900076
-0.898933
-0.900019
-0.893482
-0.898021
-0.900544
-0.90252
-0.877693
-0.79586
-0.82646
-0.810999
-0.808155
-0.859143
-0.873233
-0.896684
-0.902913
-0.898292
-0.898585
-0.897297
-0.895829
-0.899646
-0.900806
-0.898356
-0.901692
-0.902472
-0.897955
-0.900988
-0.904091
-0.902129
-0.90393
-0.903556
-0.898095
-0.900619
-0.901421
-0.901458
-0.904358
-0.901031
-0.902796
-0.894717
-0.891846
-0.89295
-0.889052
-0.892355
-0.900945
-0.899499
-0.899941
-0.89713
-0.896682
-0.89499
-0.8943
-0.890023
-0.890133
-0.889188
-0.889265
-0.888446
-0.889012
-0.880663
-0.881525
-0.882161
-0.894832
-0.894004
-0.88884
-0.891255
-0.891174
-0.891758
-0.896955
-0.89385
-0.891806
-0.895682
-0.893687
-0.889949
-0.892708
-0.891845
-0.890249
-0.887142
-0.889238
-0.884084
-0.892254
-0.889635
-0.891632
-0.897724
-0.895035
-0.891579
-0.89223
-0.891776
-0.888848
-0.892833
-0.890203
-0.889489
-0.890413
-0.892721
-0.889178
-0.891504
-0.891207
-0.891107
-0.889545
-0.889466
-0.892066
-0.889628
-0.890496
-0.889709
-0.889546
-0.878991
-0.882435
-0.889178
-0.890013
-0.884031
-0.884866
-0.886251
-0.888662
-0.887311
-0.89121
-0.8868
-0.886027
-0.884797
-0.885555
-0.88362
-0.888304
-0.887111
-0.887023
-0.883276
-0.882768
-0.87409
-0.797913
-0.825487
-0.8491
-0.83017
-0.825349
-0.852133
-0.866616
-0.868753
-0.874305
-0.867555
-0.866346
-0.871236
-0.869036
-0.868622
-0.866908
