bad volumes, zero indexed (FSL style)
603
616
681
682
683
699
717
740
741
742
743
744
746
774
775
776
777
778
779
793
794
795
816
818
819
820
844
845
846
848
871
872
873
939
940
941
942
943
944
945
1003
1004
1005
1006
1007
1021
1023
1026
1027
1028
1044
1047
1048
1126
1127
1130
1132
1144
1146
1154
1165
1166
1167
1169
1235
1238
1246
1247
1248
1249
1250
1251
1252
1253
1254
1273
1274
1276
1277
1278
1279
1280
1281
1304
1305
1306
1307
1308
1338
1339
1341
1361
1362
1363
1364
1365
1366
1389
1390
1391
1392
1393
1398
1399
1400
1401
1402
1403
1404
1405
1406
1407
1408
1485
1489
1490
1497
1498
1499
1506
1507
1508
