bad volumes, zero indexed (FSL style)
16
48
49
53
58
59
66
78
79
94
95
99
100
142
166
243
277
377
423
450
486
487
520
521
525
547
587
593
616
618
619
641
654
655
681
682
683
697
698
719
743
744
746
757
775
776
777
778
780
793
795
813
816
818
819
821
845
846
847
849
871
873
874
925
939
940
941
943
944
945
946
1003
1004
1005
1007
1021
1022
1023
1026
1028
1040
1046
1048
1130
1132
1145
1146
1154
1155
1165
1167
1169
1170
1235
1236
1245
1248
1251
1252
1254
1278
1279
1280
1281
1307
1308
1309
1363
1364
1365
1366
1385
1389
1390
1393
1398
1399
1403
1406
1407
