-0.896233
-0.909404
-0.904453
-0.900455
-0.897232
-0.909764
-0.918552
-0.920943
-0.908593
-0.911493
-0.903965
-0.912283
-0.908839
-0.903275
-0.902713
-0.88142
-0.872412
-0.893073
-0.896556
-0.922424
-0.914793
-0.903531
-0.894604
-0.905491
-0.908599
-0.900421
-0.899756
-0.917442
-0.922678
-0.919389
-0.897707
-0.909687
-0.91359
-0.909944
-0.895864
-0.890515
-0.899355
-0.886158
-0.884157
-0.880396
-0.894605
-0.907502
-0.901105
-0.907833
-0.88887
-0.901091
-0.915307
-0.918559
-0.827366
-0.855671
-0.902313
-0.908457
-0.866137
-0.864331
-0.906615
-0.908649
-0.909696
-0.908419
-0.874024
-0.866568
-0.895564
-0.893779
-0.896719
-0.903898
-0.903416
-0.885326
-0.865415
-0.895183
-0.895465
-0.904268
-0.900294
-0.889351
-0.898338
-0.898789
-0.885783
-0.893919
-0.904377
-0.903699
-0.878931
-0.868652
-0.893528
-0.899513
-0.900121
-0.898123
-0.901066
-0.907474
-0.905246
-0.899243
-0.905865
-0.89779
-0.904201
-0.90085
-0.903036
-0.910281
-0.881305
-0.866459
-0.891865
-0.895432
-0.896187
-0.871134
-0.866358
-0.897467
-0.896522
-0.910122
-0.908481
-0.901916
-0.905721
-0.904865
-0.910552
-0.900862
-0.900901
-0.888796
-0.896965
-0.902775
-0.904045
-0.903231
-0.889699
-0.886839
-0.891992
-0.902788
-0.896839
-0.897557
-0.903252
-0.904055
-0.905016
-0.910586
-0.901527
-0.906871
-0.904755
-0.909725
-0.900298
-0.895916
-0.893252
-0.90986
-0.912083
-0.908836
-0.910095
-0.912282
-0.909382
-0.910488
-0.910324
-0.910618
-0.875835
-0.889857
-0.905727
-0.9206
-0.901355
-0.917204
-0.916775
-0.923205
-0.908406
-0.918592
-0.912181
-0.907513
-0.911305
-0.921932
-0.922193
-0.904687
-0.914154
-0.912928
-0.917585
-0.924601
-0.91327
-0.894752
-0.917096
-0.880059
-0.890261
-0.923233
-0.895205
-0.918427
-0.919999
-0.889653
-0.91226
-0.919249
-0.903954
-0.895373
-0.909625
-0.917436
-0.91231
-0.91978
-0.91932
-0.897492
-0.912635
-0.902094
-0.90862
-0.92189
-0.91785
-0.902414
-0.904819
-0.909465
-0.898746
-0.908867
-0.909309
-0.923876
-0.915944
-0.931205
-0.92141
-0.921698
-0.913961
-0.916502
-0.915206
-0.896788
-0.91294
-0.901812
-0.908555
-0.931518
-0.930838
-0.92814
-0.906306
-0.898166
-0.91722
-0.906168
-0.917894
-0.89796
-0.904849
-0.924806
-0.930385
-0.928307
-0.884586
-0.900759
-0.924825
-0.921842
-0.920393
-0.883537
-0.918549
-0.914922
-0.908764
-0.920996
-0.915437
-0.91651
-0.913161
-0.913329
-0.86529
-0.908983
-0.893851
-0.92264
-0.92282
-0.918545
-0.92592
-0.890642
-0.914144
-0.918077
-0.896933
-0.879619
-0.913321
-0.924102
-0.926749
-0.917373
-0.930674
-0.899639
-0.909868
-0.908625
-0.916151
-0.892058
-0.922784
-0.929683
-0.929326
-0.859563
-0.90466
-0.917532
-0.901611
-0.920442
-0.913728
-0.918335
-0.920032
-0.914777
-0.903532
-0.909734
-0.910018
-0.91286
-0.92134
-0.924859
-0.916356
-0.920463
-0.879046
-0.912203
-0.917775
-0.861898
-0.912669
-0.919422
-0.928709
-0.90255
-0.900163
-0.867973
-0.899808
-0.907356
-0.916154
-0.896102
-0.904633
-0.918504
-0.891106
-0.90108
-0.921429
-0.913557
-0.915738
-0.922531
-0.925037
-0.924387
-0.92219
-0.889607
-0.91206
-0.917353
-0.894269
-0.91906
-0.903723
-0.921828
-0.906824
-0.897299
-0.870716
-0.901249
-0.91937
-0.92303
-0.921223
-0.919648
-0.912756
-0.921481
-0.889973
-0.914124
-0.919026
-0.913556
-0.917428
-0.903087
-0.915722
-0.917572
-0.904919
-0.911698
-0.919359
-0.92633
-0.92155
-0.881312
-0.905844
-0.882295
-0.913537
-0.90777
-0.905894
-0.923709
-0.921505
-0.91171
-0.907414
-0.917158
-0.918706
-0.927524
-0.895039
-0.885107
-0.914891
-0.911063
-0.911587
-0.848858
-0.918131
-0.918743
-0.920513
-0.876057
-0.888309
-0.90028
-0.89362
-0.895338
-0.890581
-0.873976
-0.889883
-0.899295
-0.889174
-0.880333
-0.910349
-0.900595
-0.916151
-0.91765
-0.921943
-0.909507
-0.921772
-0.92471
-0.867289
-0.89634
-0.909705
-0.907379
-0.918612
-0.919838
-0.922169
-0.883809
-0.908203
-0.917408
-0.919982
-0.918067
-0.917537
-0.919807
-0.88986
-0.903352
-0.921282
-0.921891
-0.921285
-0.87384
-0.906461
-0.923385
-0.908541
-0.90179
-0.919419
-0.92259
-0.920213
-0.893085
-0.910565
-0.89262
-0.902285
-0.916045
-0.91461
-0.87544
-0.898928
-0.907823
-0.917153
-0.901562
-0.902608
-0.905121
-0.893906
-0.918743
-0.919873
-0.899178
-0.913016
-0.90675
-0.900325
-0.915272
-0.912585
-0.912546
-0.915529
-0.915198
-0.874896
-0.893745
-0.904154
-0.916024
-0.904261
-0.917645
-0.915459
-0.905127
-0.869956
-0.896071
-0.920398
-0.921809
-0.919077
-0.883821
-0.897321
-0.916232
-0.894914
-0.91611
-0.919156
-0.920526
-0.920274
-0.919309
-0.91982
-0.870632
-0.918064
-0.917677
-0.924072
-0.925172
-0.836281
-0.88824
-0.902913
-0.899648
-0.904562
-0.914575
-0.913404
-0.909771
-0.904639
-0.916707
-0.915312
-0.914712
-0.897299
-0.906393
-0.917738
-0.920002
-0.913422
-0.911068
-0.918581
-0.919089
-0.910519
-0.87767
-0.910106
-0.899689
-0.906324
-0.893619
-0.882186
-0.901846
-0.921386
-0.893982
-0.881743
-0.924496
-0.925597
-0.924179
-0.922185
-0.916039
-0.847626
-0.892858
-0.910951
-0.909016
-0.910168
-0.900528
-0.913456
-0.910415
-0.894045
-0.904959
-0.921421
-0.911247
-0.912479
-0.905659
-0.899115
-0.912564
-0.912937
-0.892875
-0.879993
-0.910843
-0.878998
-0.90187
-0.912432
-0.887118
-0.907439
-0.913607
-0.91241
-0.923882
-0.895467
-0.912515
-0.900779
-0.912069
-0.922987
-0.919734
-0.859287
-0.8926
-0.903939
-0.906356
-0.902126
-0.878723
-0.905848
-0.912066
-0.905828
-0.903677
-0.914888
-0.908887
-0.904677
-0.912357
-0.901838
-0.893821
-0.899224
-0.899377
-0.872351
-0.896666
-0.919786
-0.909871
-0.909435
-0.916797
-0.90986
-0.903805
-0.902064
-0.879784
-0.89742
-0.902518
-0.901587
-0.899128
-0.913373
-0.909584
-0.908285
-0.899005
-0.914029
-0.897661
-0.904711
-0.906689
-0.900478
-0.891428
-0.907866
-0.90268
-0.904231
-0.903146
-0.909195
-0.905266
-0.908121
-0.888355
-0.897767
-0.914939
-0.898245
-0.886233
-0.909574
-0.901226
-0.918817
-0.908161
-0.910181
-0.911207
-0.907194
-0.902498
-0.910714
-0.911064
-0.873541
-0.91291
-0.910323
-0.876263
-0.892827
-0.886306
-0.900079
-0.90907
-0.911447
-0.855915
-0.870255
-0.896226
-0.904388
-0.888868
-0.902684
-0.899254
-0.891766
-0.835006
-0.89158
-0.820658
-0.88211
-0.886769
-0.883837
-0.8887
-0.88587
-0.847526
-0.855162
-0.881971
-0.8787
-0.855542
-0.894143
-0.898091
-0.819288
-0.860064
-0.84839
-0.877597
-0.897136
-0.905943
-0.902626
-0.884623
-0.907523
-0.8998
-0.899525
-0.915193
-0.913564
-0.901615
-0.890323
-0.866885
-0.875826
-0.873825
-0.876758
-0.827492
-0.881126
-0.888746
-0.88327
-0.864681
-0.883224
-0.835406
-0.893044
-0.887757
-0.855704
-0.914193
-0.900303
-0.891444
-0.887367
-0.898056
-0.886839
-0.866397
-0.864225
-0.826129
-0.824587
-0.836016
-0.855248
-0.885481
-0.885895
-0.823053
-0.872528
-0.870007
-0.872042
-0.873342
-0.875662
-0.876216
-0.88364
-0.883599
-0.879192
-0.881978
-0.871091
-0.886643
-0.913913
-0.894315
-0.877136
-0.88153
-0.88595
-0.906106
-0.906628
-0.830624
-0.844453
-0.794446
-0.809318
-0.808444
-0.823612
-0.842298
-0.862942
-0.855483
-0.859915
-0.862023
-0.863235
-0.866422
-0.865082
-0.864557
-0.863028
-0.862603
-0.845192
-0.832944
-0.821749
-0.799424
-0.867075
-0.891775
-0.876929
-0.875834
-0.879988
-0.883453
-0.883006
-0.881663
-0.881584
-0.890728
-0.890431
-0.892114
-0.878357
-0.891452
-0.879305
-0.847211
-0.830719
-0.788686
-0.820959
-0.843961
-0.889362
-0.897529
-0.895716
-0.886927
-0.885235
-0.885683
-0.901972
-0.904493
-0.875055
-0.888616
-0.895959
-0.888981
-0.890155
-0.901756
-0.897261
-0.887347
-0.881929
-0.879096
-0.865423
-0.838081
-0.816689
-0.818054
-0.79164
-0.804295
-0.806741
-0.836268
-0.805864
-0.86574
-0.873284
-0.872783
-0.873749
-0.875142
-0.873759
-0.880549
-0.882183
-0.883594
-0.873297
-0.821774
-0.832515
-0.830437
-0.880651
-0.877273
-0.887301
-0.883673
-0.884619
-0.889642
-0.884884
-0.895983
-0.888289
-0.878914
-0.870891
-0.875251
-0.887759
-0.848557
-0.819115
-0.819353
-0.776304
-0.813918
-0.816602
-0.801755
-0.857433
-0.884166
-0.891087
-0.892462
-0.891577
-0.892063
-0.889778
-0.892372
-0.89369
-0.893488
-0.892536
-0.847557
-0.828324
-0.813205
-0.798106
-0.776767
-0.851471
-0.869238
-0.906863
-0.896863
-0.894006
-0.89218
-0.900602
-0.900319
-0.898369
-0.899052
-0.897033
-0.898462
-0.895358
-0.898832
-0.893939
-0.896525
-0.897178
-0.822176
-0.847319
-0.871297
-0.800786
-0.824378
-0.793183
-0.816174
-0.804154
-0.865437
-0.902876
-0.912512
-0.910119
-0.904772
-0.894841
-0.905436
-0.907418
-0.90583
-0.90329
-0.905857
-0.906059
-0.908373
-0.906828
-0.905618
-0.906529
-0.907777
-0.90473
-0.90692
-0.912815
-0.911157
-0.905614
-0.860823
-0.817508
-0.805155
-0.798207
-0.828811
-0.742073
-0.8411
-0.876363
-0.879057
-0.878292
-0.880387
-0.880014
-0.878247
-0.880321
-0.880146
-0.882619
-0.879139
-0.881383
-0.881326
-0.883096
-0.883551
-0.881316
-0.881023
-0.882253
-0.888083
-0.887801
-0.895805
-0.824655
-0.77214
-0.805561
-0.808641
-0.852105
-0.905573
-0.903521
-0.905243
-0.906009
-0.906064
-0.906474
-0.903801
-0.906025
-0.906756
-0.90494
-0.902657
-0.901916
-0.902582
-0.904769
-0.903458
-0.904829
-0.905148
-0.905694
-0.905744
-0.907948
-0.904886
-0.906956
-0.904311
-0.905537
-0.90631
-0.908784
-0.905275
-0.907684
-0.906559
-0.904347
-0.907026
-0.908477
-0.908368
-0.906785
-0.905079
-0.908718
-0.90591
-0.906255
-0.90476
-0.906065
-0.904164
-0.905703
-0.904512
-0.905895
-0.9071
-0.912931
-0.913111
-0.912673
-0.912788
-0.911598
-0.881404
-0.876162
-0.88991
-0.900839
-0.889916
-0.890117
-0.886178
-0.882397
-0.883504
-0.886378
-0.887127
-0.882345
-0.881296
-0.886997
-0.816212
-0.81129
-0.781549
-0.781866
-0.766752
-0.786959
-0.762616
-0.855876
-0.901339
-0.905897
-0.904407
-0.904269
-0.900747
-0.901755
-0.904461
-0.903447
-0.900679
-0.90212
-0.902575
-0.900754
-0.901176
-0.900246
-0.897294
-0.898467
-0.900873
-0.896016
-0.897858
-0.898252
-0.899702
-0.900948
-0.900367
-0.899121
-0.900719
-0.900901
-0.897586
-0.897717
-0.897089
-0.896845
-0.897299
-0.89614
-0.896333
-0.896215
-0.894689
-0.895466
-0.894234
-0.8964
-0.897607
-0.898773
-0.898213
-0.896432
-0.897376
-0.899633
-0.898659
-0.898057
-0.899053
-0.896556
-0.898692
-0.897405
-0.895028
-0.894764
-0.89333
-0.889069
-0.887136
-0.85963
-0.811473
-0.805352
-0.808217
-0.812241
-0.794776
-0.840305
-0.863899
-0.902836
-0.898759
-0.900773
-0.901433
-0.905499
-0.901747
-0.905408
-0.848109
-0.884746
-0.884637
-0.882153
-0.746545
-0.835034
-0.806583
-0.839156
-0.833354
-0.787986
-0.804093
-0.811386
-0.894742
-0.899564
-0.899626
-0.899724
-0.902753
-0.904289
-0.903484
-0.903128
-0.903356
-0.906321
-0.910109
-0.844708
-0.843138
-0.866177
-0.825123
-0.810414
-0.828483
-0.837469
-0.790384
-0.81921
-0.899867
-0.912037
-0.907737
-0.91046
-0.905913
-0.902283
-0.898225
-0.905551
-0.908432
-0.908707
-0.909055
-0.910108
-0.910708
-0.908355
-0.904538
-0.908298
-0.906752
-0.907737
-0.908768
-0.908863
-0.908568
-0.905952
-0.908519
-0.906111
-0.908878
-0.905801
-0.906509
-0.900362
-0.906737
-0.903773
-0.904151
-0.902697
-0.90519
-0.904665
-0.9027
-0.903187
-0.905225
-0.904602
-0.905387
-0.905359
-0.90268
-0.903387
-0.902581
-0.907008
-0.905274
-0.906345
-0.906529
-0.905323
-0.903658
-0.905882
-0.90347
-0.903365
-0.906803
-0.901868
-0.902862
-0.902767
-0.905139
-0.906976
-0.905848
-0.903378
-0.907593
-0.906603
-0.907614
-0.905994
-0.903286
-0.905314
-0.90888
-0.9093
-0.910506
-0.911171
-0.908465
-0.910998
-0.910188
-0.911472
-0.842624
-0.826516
-0.853338
-0.815618
-0.790967
-0.834353
-0.82936
-0.744732
-0.823754
-0.805233
-0.884065
-0.919666
-0.919824
-0.91915
-0.920378
-0.918732
-0.919313
-0.917355
-0.919813
-0.913881
-0.906138
-0.818034
-0.83802
-0.818773
-0.885331
-0.893061
-0.895766
-0.898077
-0.896391
-0.898186
-0.865297
-0.800544
-0.845422
-0.85687
-0.904648
-0.888279
-0.885915
-0.897121
-0.898531
-0.864412
-0.874549
-0.826767
-0.800443
-0.806712
-0.77216
-0.844606
-0.788841
-0.830829
-0.898091
-0.918912
-0.91351
-0.91612
-0.913211
-0.913034
-0.913021
-0.912772
-0.911232
-0.910273
-0.911507
-0.910071
-0.909542
-0.909554
-0.908897
-0.910098
-0.90828
-0.908928
-0.908511
-0.9085
-0.907856
-0.908806
-0.910212
-0.909406
-0.909787
-0.909578
-0.909187
-0.90943
-0.908951
-0.90762
-0.908161
-0.909818
-0.909985
-0.909571
-0.909541
-0.908269
-0.908678
-0.910063
-0.906995
-0.906064
-0.904649
-0.905153
-0.902807
-0.907053
-0.906385
-0.906466
-0.906437
-0.907688
-0.909035
-0.908824
-0.908888
-0.908149
-0.903181
-0.828167
-0.863089
-0.832589
-0.877969
-0.865315
-0.875922
-0.831165
-0.869236
-0.888333
-0.882271
-0.881653
-0.786603
-0.82868
-0.854097
-0.80149
-0.850576
-0.866664
-0.890851
-0.892007
-0.889967
-0.891468
-0.82901
-0.803483
-0.797505
-0.801919
-0.804421
-0.820663
-0.791658
-0.740757
-0.760907
-0.803798
-0.844256
-0.887312
-0.896053
-0.898563
-0.900363
-0.901515
-0.900771
-0.899405
-0.899485
-0.898907
-0.898551
-0.899076
-0.898447
-0.895997
-0.899616
-0.897707
-0.897949
-0.86654
-0.820728
-0.817917
-0.821398
-0.804644
-0.805705
-0.787302
-0.752248
-0.774697
-0.778411
-0.865699
-0.909939
-0.914027
-0.912526
-0.912184
-0.910715
-0.909273
-0.904435
-0.905152
-0.896738
-0.896571
-0.895669
-0.896976
-0.900597
-0.901566
-0.890434
-0.898583
-0.900371
-0.902258
-0.901407
-0.896765
-0.855161
-0.805847
-0.803967
-0.804512
-0.74581
-0.772284
-0.82805
-0.893236
-0.919412
-0.91536
-0.919343
-0.922068
-0.919232
-0.923848
-0.923503
-0.922083
-0.922014
-0.920074
-0.921012
-0.922602
-0.91888
-0.920473
-0.923215
-0.919513
-0.920694
-0.922743
-0.919722
-0.921016
-0.919106
-0.917722
-0.914952
-0.86507
-0.906573
-0.90362
-0.862569
-0.814908
-0.787734
-0.825508
-0.76938
-0.834321
-0.882696
-0.906365
-0.914999
-0.916384
-0.916449
-0.915912
-0.918754
-0.919447
-0.91616
-0.906795
-0.90312
-0.889184
-0.891946
-0.896222
-0.899092
-0.893186
-0.823087
-0.827595
-0.814194
-0.802632
-0.699434
-0.741109
-0.739218
-0.760041
-0.859979
-0.886549
-0.876071
-0.881543
-0.884424
-0.884778
-0.879169
-0.879863
-0.884644
-0.884974
-0.883948
-0.884001
-0.885912
-0.874518
-0.880232
-0.877639
-0.879337
-0.883385
-0.835263
-0.854617
-0.86173
-0.857373
-0.682655
-0.774321
-0.774041
-0.814456
-0.778836
-0.840922
-0.840392
-0.860506
-0.858278
-0.778683
-0.764717
-0.812222
-0.811178
-0.773064
-0.779562
-0.782071
-0.796619
-0.736074
-0.735598
-0.817106
-0.847625
-0.850215
-0.853074
-0.849344
-0.850361
-0.849176
-0.847496
-0.854276
-0.849666
-0.849844
-0.847983
-0.838838
-0.851725
-0.855524
-0.846407
-0.849935
-0.848816
-0.848057
-0.845713
-0.851148
-0.845921
-0.848978
-0.846788
-0.846418
-0.845661
-0.846726
-0.845425
-0.845481
-0.844516
-0.848536
-0.852323
-0.849569
-0.85072
-0.84892
-0.835126
-0.852298
-0.85401
-0.851143
-0.852026
-0.854647
-0.849517
-0.854359
-0.850074
-0.853064
-0.850557
-0.848758
-0.849932
-0.844003
-0.843061
-0.844585
-0.8445
-0.848041
-0.849319
-0.845292
-0.849301
-0.845152
-0.848629
-0.844568
-0.844666
-0.848366
-0.850529
-0.847034
-0.848839
-0.848793
-0.84323
-0.847862
-0.849347
-0.853702
-0.856594
-0.861347
-0.859608
-0.85854
-0.860973
-0.859696
-0.859175
-0.837951
-0.797149
-0.825982
-0.836084
-0.834894
-0.80082
-0.784865
-0.837531
-0.827498
-0.860821
-0.859893
-0.855827
-0.842099
-0.805908
-0.695549
-0.793702
-0.86434
-0.871957
-0.877311
-0.845402
-0.828877
-0.833272
-0.798446
-0.817
-0.818918
-0.831634
-0.839476
-0.847688
-0.854626
-0.86055
-0.866462
-0.868116
-0.863785
-0.870102
-0.870214
-0.867466
-0.872257
-0.865924
-0.867451
-0.873386
