-0.897941
-0.903776
-0.90935
-0.910966
-0.892601
-0.907311
-0.910478
-0.91361
-0.896614
-0.902694
-0.906413
-0.911355
-0.909584
-0.913073
-0.912173
-0.886066
-0.863703
-0.901331
-0.906484
-0.912878
-0.908854
-0.904905
-0.890936
-0.903232
-0.897476
-0.900746
-0.903043
-0.907498
-0.912222
-0.912846
-0.896187
-0.896376
-0.90125
-0.898093
-0.905478
-0.891424
-0.902143
-0.902408
-0.908027
-0.906004
-0.886037
-0.896292
-0.88951
-0.892309
-0.893671
-0.906734
-0.907614
-0.908578
-0.844449
-0.828046
-0.899449
-0.912174
-0.875024
-0.852182
-0.902175
-0.912533
-0.910418
-0.907453
-0.864054
-0.864259
-0.909264
-0.900903
-0.905744
-0.909991
-0.909988
-0.888223
-0.867609
-0.905614
-0.909656
-0.900082
-0.887754
-0.895781
-0.910949
-0.911577
-0.880204
-0.891646
-0.910055
-0.909549
-0.867602
-0.864289
-0.907858
-0.910763
-0.910815
-0.910043
-0.907936
-0.910151
-0.90349
-0.902917
-0.895962
-0.908205
-0.896646
-0.905687
-0.899125
-0.899924
-0.869523
-0.867356
-0.908131
-0.910201
-0.908623
-0.862565
-0.86915
-0.905175
-0.913325
-0.902013
-0.901769
-0.910593
-0.911635
-0.914349
-0.89747
-0.913759
-0.916005
-0.877074
-0.891177
-0.906668
-0.902673
-0.912132
-0.878465
-0.888251
-0.901666
-0.907769
-0.896933
-0.905027
-0.910278
-0.912036
-0.91271
-0.899886
-0.906342
-0.910061
-0.898166
-0.903259
-0.90978
-0.909472
-0.90595
-0.89979
-0.912812
-0.91483
-0.910035
-0.914572
-0.915263
-0.915155
-0.915918
-0.916132
-0.866155
-0.892176
-0.909323
-0.911697
-0.895984
-0.905182
-0.902098
-0.901729
-0.886034
-0.900106
-0.907356
-0.902321
-0.900082
-0.911515
-0.913071
-0.903497
-0.905696
-0.89436
-0.896436
-0.91079
-0.908982
-0.887604
-0.904464
-0.883189
-0.866985
-0.911925
-0.876933
-0.901533
-0.906595
-0.882024
-0.902568
-0.898027
-0.899982
-0.895495
-0.891658
-0.908232
-0.892375
-0.904346
-0.908877
-0.897281
-0.908816
-0.895867
-0.902407
-0.910565
-0.912382
-0.902198
-0.887155
-0.89443
-0.896038
-0.889421
-0.89264
-0.910179
-0.894352
-0.910615
-0.910031
-0.906236
-0.895642
-0.901158
-0.908908
-0.890476
-0.897374
-0.902098
-0.899024
-0.910827
-0.914385
-0.914532
-0.901038
-0.892313
-0.893105
-0.90033
-0.903214
-0.895273
-0.902129
-0.904923
-0.913664
-0.914024
-0.892016
-0.886142
-0.905058
-0.912821
-0.912367
-0.886355
-0.902139
-0.890248
-0.89652
-0.898452
-0.898032
-0.902642
-0.90675
-0.904999
-0.891502
-0.884225
-0.894376
-0.908487
-0.903151
-0.902228
-0.911218
-0.895078
-0.893815
-0.896897
-0.889899
-0.864664
-0.898671
-0.905861
-0.900624
-0.902376
-0.909904
-0.885325
-0.883287
-0.897101
-0.906702
-0.892418
-0.90433
-0.910879
-0.913841
-0.888919
-0.889325
-0.904732
-0.894474
-0.901854
-0.90226
-0.906466
-0.911557
-0.910621
-0.899232
-0.901215
-0.897171
-0.902214
-0.902926
-0.905777
-0.905444
-0.906149
-0.885309
-0.891561
-0.902024
-0.858796
-0.904891
-0.89836
-0.90647
-0.9038
-0.880858
-0.880578
-0.873115
-0.886899
-0.894102
-0.879552
-0.903138
-0.901233
-0.901954
-0.880574
-0.901531
-0.897469
-0.902911
-0.897956
-0.906451
-0.910579
-0.910364
-0.888634
-0.896935
-0.899239
-0.888367
-0.905177
-0.894887
-0.910196
-0.909698
-0.910686
-0.901019
-0.88388
-0.896734
-0.905629
-0.912099
-0.912691
-0.908667
-0.902588
-0.885196
-0.887524
-0.905989
-0.901213
-0.908132
-0.904608
-0.897351
-0.900366
-0.888433
-0.906596
-0.903088
-0.912692
-0.914368
-0.885188
-0.882157
-0.895926
-0.906893
-0.897438
-0.89942
-0.909312
-0.91421
-0.905419
-0.898322
-0.899534
-0.903246
-0.911548
-0.897209
-0.898449
-0.893382
-0.901407
-0.894489
-0.887685
-0.890502
-0.908559
-0.908605
-0.887844
-0.889639
-0.901017
-0.903442
-0.905181
-0.910206
-0.909524
-0.901679
-0.887126
-0.888302
-0.903086
-0.889511
-0.889033
-0.887778
-0.893527
-0.896038
-0.894454
-0.900159
-0.911845
-0.877908
-0.87085
-0.896442
-0.894662
-0.901177
-0.905908
-0.901842
-0.864516
-0.885667
-0.895344
-0.90408
-0.895082
-0.904677
-0.909145
-0.898711
-0.877085
-0.90515
-0.902953
-0.903435
-0.878441
-0.881034
-0.905124
-0.899686
-0.888723
-0.896812
-0.908544
-0.913079
-0.890944
-0.901123
-0.885043
-0.905846
-0.911342
-0.913891
-0.888174
-0.875986
-0.899938
-0.899022
-0.89046
-0.902461
-0.910982
-0.892655
-0.891793
-0.9087
-0.890534
-0.900592
-0.894404
-0.8979
-0.90081
-0.904582
-0.903738
-0.913683
-0.910046
-0.88547
-0.865903
-0.887484
-0.895753
-0.889329
-0.89907
-0.907954
-0.912322
-0.903583
-0.877644
-0.899509
-0.909943
-0.910405
-0.892973
-0.872856
-0.90356
-0.886007
-0.898685
-0.901635
-0.910421
-0.907939
-0.900007
-0.907123
-0.885754
-0.900633
-0.896133
-0.911551
-0.915302
-0.865433
-0.872776
-0.911314
-0.889068
-0.909554
-0.899647
-0.890549
-0.901999
-0.882102
-0.903116
-0.908431
-0.906212
-0.897046
-0.883143
-0.901812
-0.895679
-0.897049
-0.90339
-0.909705
-0.910074
-0.904255
-0.893557
-0.894286
-0.906868
-0.910714
-0.911762
-0.908431
-0.891828
-0.906525
-0.897901
-0.891132
-0.908166
-0.914087
-0.913108
-0.912363
-0.89122
-0.861792
-0.869799
-0.891195
-0.90822
-0.901263
-0.900035
-0.902819
-0.908438
-0.889636
-0.887794
-0.903603
-0.893196
-0.896262
-0.900266
-0.905666
-0.908924
-0.908598
-0.9073
-0.877939
-0.896654
-0.896783
-0.886833
-0.910723
-0.891986
-0.880421
-0.90809
-0.891258
-0.912772
-0.895957
-0.899033
-0.888116
-0.900366
-0.907581
-0.905881
-0.859631
-0.867295
-0.903334
-0.895524
-0.906597
-0.86652
-0.895564
-0.908527
-0.900039
-0.898611
-0.908712
-0.903464
-0.886233
-0.897394
-0.889941
-0.894307
-0.908788
-0.906799
-0.890233
-0.876889
-0.904794
-0.902374
-0.907499
-0.900312
-0.903686
-0.906518
-0.905592
-0.869276
-0.89836
-0.907193
-0.911034
-0.903309
-0.904229
-0.902048
-0.894316
-0.901016
-0.89998
-0.880944
-0.901362
-0.907875
-0.909194
-0.895353
-0.893458
-0.899266
-0.892405
-0.901956
-0.894715
-0.899314
-0.904686
-0.904281
-0.889033
-0.910191
-0.904201
-0.890588
-0.9014
-0.900391
-0.898331
-0.89067
-0.899821
-0.90776
-0.905701
-0.899704
-0.899135
-0.904064
-0.893718
-0.895665
-0.902865
-0.863274
-0.903547
-0.905265
-0.897242
-0.901333
-0.906651
-0.861016
-0.886981
-0.902446
-0.896658
-0.885497
-0.903843
-0.905968
-0.907977
-0.893036
-0.897594
-0.89065
-0.900504
-0.898578
-0.902194
-0.908314
-0.911288
-0.904743
-0.893638
-0.891368
-0.903084
-0.895042
-0.892539
-0.902201
-0.857935
-0.895086
-0.860902
-0.868214
-0.887854
-0.908542
-0.909328
-0.901236
-0.900978
-0.908399
-0.90332
-0.909731
-0.905641
-0.906014
-0.907212
-0.891891
-0.896716
-0.903755
-0.907833
-0.885222
-0.904294
-0.911065
-0.911475
-0.902144
-0.901065
-0.867051
-0.892397
-0.892579
-0.873645
-0.897319
-0.899546
-0.905346
-0.909105
-0.898577
-0.889295
-0.902019
-0.88698
-0.876408
-0.868137
-0.868707
-0.871831
-0.891502
-0.905197
-0.874268
-0.907131
-0.91072
-0.912827
-0.91219
-0.9052
-0.907468
-0.908731
-0.908419
-0.907854
-0.907907
-0.894148
-0.887228
-0.90643
-0.902819
-0.904586
-0.908857
-0.899099
-0.901693
-0.909395
-0.885029
-0.879553
-0.859181
-0.85324
-0.847696
-0.878629
-0.872829
-0.893042
-0.897868
-0.912306
-0.911374
-0.91103
-0.912447
-0.911812
-0.912457
-0.910269
-0.903027
-0.900165
-0.868531
-0.853757
-0.890139
-0.890411
-0.903734
-0.906018
-0.910059
-0.911529
-0.908073
-0.906936
-0.909827
-0.907211
-0.907653
-0.892977
-0.902869
-0.909585
-0.905645
-0.890545
-0.899419
-0.87155
-0.877531
-0.872324
-0.866965
-0.896931
-0.904654
-0.903671
-0.905852
-0.907809
-0.905305
-0.900778
-0.90944
-0.887469
-0.899522
-0.914079
-0.91386
-0.904633
-0.89706
-0.901197
-0.904996
-0.9119
-0.911402
-0.895759
-0.89403
-0.888473
-0.877897
-0.872394
-0.843022
-0.870511
-0.884108
-0.870528
-0.880732
-0.905925
-0.909579
-0.909141
-0.907616
-0.9022
-0.907466
-0.909102
-0.907719
-0.909739
-0.843578
-0.894582
-0.896568
-0.89622
-0.895054
-0.90428
-0.905542
-0.908113
-0.90845
-0.901255
-0.903143
-0.905332
-0.90595
-0.907674
-0.904215
-0.907218
-0.878941
-0.896637
-0.864848
-0.865933
-0.870299
-0.863022
-0.873207
-0.866448
-0.905283
-0.912121
-0.912115
-0.909679
-0.909466
-0.909412
-0.910008
-0.910327
-0.909293
-0.905435
-0.892002
-0.88049
-0.866239
-0.876754
-0.849535
-0.88279
-0.884566
-0.894743
-0.907906
-0.911066
-0.909756
-0.90802
-0.909938
-0.909394
-0.912521
-0.911502
-0.912053
-0.909172
-0.912814
-0.908507
-0.910609
-0.909693
-0.861396
-0.899968
-0.889321
-0.865705
-0.879331
-0.869993
-0.866065
-0.874615
-0.865598
-0.88683
-0.907393
-0.904274
-0.892589
-0.90086
-0.89068
-0.909568
-0.909832
-0.906781
-0.90386
-0.907816
-0.908988
-0.908448
-0.909055
-0.910322
-0.911187
-0.908483
-0.90982
-0.900324
-0.909575
-0.895864
-0.892638
-0.87623
-0.866671
-0.850681
-0.85917
-0.874359
-0.861017
-0.904505
-0.910491
-0.910727
-0.911519
-0.911281
-0.909224
-0.911623
-0.911201
-0.910193
-0.909198
-0.90967
-0.910365
-0.91076
-0.911342
-0.909561
-0.909477
-0.908943
-0.909681
-0.908354
-0.905024
-0.887563
-0.854592
-0.876551
-0.869848
-0.854595
-0.899274
-0.908764
-0.908637
-0.90929
-0.909559
-0.911557
-0.90621
-0.909056
-0.909245
-0.909288
-0.908127
-0.908841
-0.908229
-0.909387
-0.908747
-0.910215
-0.911899
-0.911993
-0.909612
-0.912691
-0.910008
-0.910907
-0.908917
-0.909529
-0.910703
-0.910858
-0.911221
-0.910143
-0.908546
-0.908773
-0.909746
-0.910372
-0.910201
-0.90942
-0.909155
-0.911725
-0.910423
-0.909993
-0.90865
-0.91004
-0.90936
-0.909612
-0.908454
-0.908692
-0.909705
-0.907184
-0.904379
-0.909574
-0.908194
-0.903799
-0.866884
-0.905349
-0.909634
-0.906933
-0.911241
-0.91296
-0.905786
-0.900544
-0.905203
-0.901908
-0.908414
-0.911118
-0.910625
-0.898472
-0.860195
-0.857571
-0.840564
-0.876136
-0.863298
-0.869702
-0.868864
-0.862372
-0.904143
-0.910625
-0.909283
-0.90964
-0.909482
-0.907605
-0.910726
-0.909952
-0.907465
-0.909102
-0.908606
-0.909176
-0.909834
-0.910337
-0.907384
-0.908666
-0.910667
-0.906466
-0.907915
-0.908013
-0.907091
-0.909892
-0.909629
-0.908435
-0.90889
-0.910062
-0.907472
-0.90782
-0.906424
-0.907181
-0.907145
-0.909304
-0.906813
-0.907908
-0.906019
-0.906338
-0.904931
-0.907946
-0.907265
-0.906787
-0.908276
-0.908109
-0.908548
-0.909789
-0.907961
-0.906737
-0.910749
-0.907167
-0.911761
-0.912012
-0.907809
-0.906978
-0.906366
-0.902821
-0.904331
-0.87548
-0.868943
-0.861689
-0.856203
-0.877487
-0.845879
-0.878196
-0.885808
-0.905845
-0.911051
-0.912271
-0.911001
-0.908538
-0.909026
-0.910907
-0.882701
-0.909904
-0.910444
-0.911338
-0.847596
-0.864094
-0.864554
-0.889494
-0.886184
-0.86987
-0.883201
-0.839909
-0.886325
-0.908826
-0.908325
-0.908748
-0.911685
-0.909088
-0.911448
-0.908083
-0.907835
-0.910219
-0.900938
-0.846272
-0.894365
-0.89483
-0.882786
-0.881993
-0.872989
-0.868304
-0.871408
-0.848201
-0.896486
-0.908034
-0.913075
-0.908248
-0.907885
-0.905248
-0.907729
-0.91015
-0.910295
-0.910205
-0.910103
-0.911012
-0.910144
-0.908321
-0.909526
-0.907157
-0.90618
-0.907032
-0.906352
-0.905623
-0.905432
-0.905609
-0.909476
-0.907719
-0.908851
-0.906396
-0.909158
-0.905011
-0.90855
-0.906324
-0.907759
-0.906374
-0.908153
-0.905794
-0.907291
-0.905628
-0.906984
-0.908384
-0.908753
-0.90662
-0.904969
-0.905174
-0.906532
-0.909006
-0.907387
-0.908558
-0.908285
-0.904882
-0.906623
-0.906608
-0.906089
-0.906603
-0.907467
-0.903581
-0.906171
-0.904038
-0.904712
-0.907333
-0.909214
-0.905368
-0.908855
-0.907649
-0.908833
-0.908888
-0.906088
-0.907749
-0.905311
-0.907374
-0.906303
-0.908338
-0.905533
-0.907528
-0.906749
-0.906664
-0.894975
-0.901673
-0.879993
-0.876197
-0.878695
-0.893596
-0.873785
-0.867969
-0.87686
-0.844314
-0.890274
-0.909955
-0.910857
-0.912221
-0.912188
-0.909523
-0.909721
-0.90956
-0.90893
-0.904059
-0.901011
-0.880129
-0.868651
-0.866596
-0.891719
-0.899352
-0.90437
-0.900433
-0.903704
-0.904567
-0.890144
-0.866721
-0.861869
-0.884594
-0.903632
-0.904822
-0.907608
-0.908181
-0.907612
-0.884888
-0.904528
-0.881547
-0.867193
-0.879826
-0.863645
-0.892028
-0.864366
-0.842115
-0.885685
-0.910719
-0.908619
-0.910186
-0.909712
-0.907988
-0.909855
-0.910215
-0.908566
-0.908596
-0.909409
-0.908745
-0.91076
-0.907016
-0.907285
-0.909049
-0.906245
-0.909786
-0.908265
-0.909465
-0.908183
-0.907442
-0.908416
-0.908239
-0.908615
-0.909218
-0.909834
-0.907302
-0.907799
-0.910478
-0.906129
-0.908656
-0.910723
-0.907835
-0.908124
-0.907466
-0.90569
-0.907349
-0.906815
-0.906357
-0.905558
-0.908858
-0.905146
-0.910836
-0.906885
-0.907998
-0.907274
-0.911353
-0.910245
-0.907971
-0.907716
-0.908895
-0.90227
-0.882519
-0.895418
-0.879255
-0.883177
-0.90012
-0.886893
-0.885846
-0.907631
-0.909149
-0.910701
-0.914754
-0.85365
-0.830864
-0.889856
-0.880166
-0.877277
-0.888048
-0.897902
-0.909101
-0.908662
-0.911033
-0.859942
-0.889952
-0.898095
-0.857032
-0.878262
-0.881467
-0.854857
-0.860898
-0.873189
-0.86997
-0.871813
-0.898718
-0.904778
-0.908557
-0.909028
-0.911406
-0.912524
-0.907868
-0.90815
-0.906439
-0.909649
-0.908497
-0.907875
-0.907552
-0.910768
-0.910108
-0.909441
-0.879539
-0.897664
-0.90555
-0.90032
-0.878016
-0.885675
-0.866807
-0.867623
-0.847987
-0.86277
-0.881676
-0.905348
-0.911046
-0.907121
-0.910648
-0.907424
-0.906705
-0.905519
-0.906418
-0.906561
-0.907931
-0.903791
-0.902078
-0.906755
-0.906633
-0.890673
-0.901335
-0.904018
-0.908584
-0.900357
-0.906999
-0.875613
-0.881096
-0.891331
-0.881666
-0.860896
-0.840004
-0.864688
-0.887645
-0.905943
-0.905261
-0.905841
-0.908758
-0.905035
-0.908773
-0.911535
-0.908101
-0.909664
-0.908996
-0.907474
-0.908195
-0.906363
-0.906918
-0.908828
-0.907648
-0.90278
-0.907221
-0.905592
-0.909265
-0.905856
-0.905751
-0.904728
-0.890558
-0.902411
-0.905988
-0.875745
-0.873841
-0.886582
-0.874392
-0.875145
-0.876378
-0.892637
-0.896894
-0.908977
-0.909524
-0.909227
-0.904891
-0.908141
-0.910469
-0.904886
-0.902358
-0.897226
-0.901822
-0.902979
-0.90786
-0.906196
-0.894148
-0.892047
-0.875979
-0.881944
-0.883554
-0.851407
-0.854894
-0.856533
-0.861505
-0.89804
-0.908683
-0.904925
-0.909434
-0.908917
-0.90771
-0.90482
-0.906288
-0.909863
-0.91075
-0.909297
-0.905318
-0.907401
-0.906241
-0.908283
-0.905752
-0.905489
-0.910303
-0.869134
-0.904064
-0.910474
-0.910528
-0.777779
-0.815101
-0.874056
-0.877559
-0.856483
-0.910988
-0.90264
-0.909072
-0.911714
-0.869727
-0.842558
-0.892992
-0.902405
-0.895832
-0.862003
-0.879689
-0.888282
-0.855579
-0.857951
-0.888413
-0.909157
-0.909991
-0.908817
-0.909522
-0.906441
-0.906789
-0.902538
-0.905006
-0.907253
-0.907636
-0.90895
-0.901591
-0.906764
-0.90881
-0.90713
-0.906691
-0.906988
-0.905911
-0.905664
-0.906931
-0.902195
-0.907697
-0.905802
-0.905902
-0.904001
-0.90801
-0.905216
-0.905903
-0.905787
-0.90401
-0.906606
-0.903888
-0.906549
-0.907303
-0.898741
-0.907051
-0.906156
-0.907333
-0.906928
-0.908137
-0.907556
-0.907514
-0.907103
-0.906104
-0.905555
-0.907362
-0.905793
-0.904287
-0.905588
-0.906891
-0.904971
-0.906061
-0.907834
-0.902817
-0.907424
-0.904215
-0.907849
-0.903907
-0.906767
-0.904993
-0.909418
-0.905756
-0.907229
-0.905402
-0.903999
-0.906924
-0.907083
-0.906776
-0.906205
-0.909691
-0.90671
-0.908843
-0.90771
-0.906011
-0.908445
-0.897195
-0.900466
-0.904562
-0.90657
-0.90735
-0.885644
-0.875674
-0.87949
-0.890515
-0.910105
-0.908856
-0.904963
-0.898278
-0.873424
-0.879476
-0.884596
-0.904781
-0.908686
-0.910312
-0.891196
-0.896856
-0.906831
-0.900079
-0.909743
-0.908652
-0.907113
-0.909655
-0.911085
-0.904484
-0.90554
-0.910225
-0.910835
-0.90298
-0.907396
-0.911223
-0.9077
-0.909622
-0.907531
-0.908314
-0.910229
