bad volumes, zero indexed (FSL style)
6
11
31
44
46
54
55
69
71
77
78
92
96
100
102
145
169
174
178
199
224
226
231
237
238
242
252
261
290
294
330
341
352
367
370
390
393
402
403
412
413
419
436
444
445
468
471
472
479
498
505
506
513
522
533
534
540
596
607
608
609
611
620
621
630
646
649
656
660
662
663
695
714
716
718
728
749
750
751
752
753
755
759
778
807
808
818
835
838
847
857
866
874
887
894
899
900
910
911
930
931
932
933
934
935
939
948
949
974
978
980
982
983
987
1020
1022
1029
1044
1049
1062
1064
1079
1084
1092
1107
1108
1109
1110
1111
1113
1119
1129
1157
1158
1160
1161
1162
1165
1166
1167
1176
1177
1250
1251
1252
1254
1255
1256
