bad volumes, zero indexed (FSL style)
6
11
15
22
31
44
46
48
55
70
71
77
78
92
96
101
102
112
120
134
145
146
154
169
170
174
178
183
186
194
200
216
218
219
220
224
226
231
237
238
242
252
254
261
272
286
290
294
295
297
305
319
328
330
331
333
335
341
352
353
363
367
371
385
390
399
402
403
412
413
414
419
429
437
440
444
456
457
468
473
486
489
493
499
501
506
516
518
521
522
534
537
540
541
558
575
579
582
596
610
622
630
631
646
652
659
674
684
695
702
714
718
738
749
759
761
778
784
799
807
808
809
818
835
838
839
842
843
848
858
861
866
867
874
875
886
887
894
910
911
939
948
949
952
956
958
965
974
978
987
1002
1010
1013
1015
1018
1033
1037
1038
1039
1044
1049
1050
1061
1079
1083
1084
1092
1093
1104
1106
1110
1128
1137
1142
1153
1157
1158
1176
1221
1254
