-0.896126
-0.883571
-0.889594
-0.898183
-0.901192
-0.900692
-0.876316
-0.899148
-0.88999
-0.897006
-0.896789
-0.875176
-0.882685
-0.890576
-0.893059
-0.871628
-0.890709
-0.89546
-0.890558
-0.897519
-0.902029
-0.880545
-0.875542
-0.893991
-0.900307
-0.899559
-0.896852
-0.881045
-0.889234
-0.882878
-0.897882
-0.872742
-0.8906
-0.889876
-0.88906
-0.886368
-0.893698
-0.894278
-0.880677
-0.897056
-0.897115
-0.891928
-0.888964
-0.893617
-0.869003
-0.890719
-0.870546
-0.889243
-0.872662
-0.891036
-0.896114
-0.890202
-0.89603
-0.893667
-0.880216
-0.865089
-0.898736
-0.889324
-0.897367
-0.897284
-0.899086
-0.878301
-0.896272
-0.899134
-0.888318
-0.894977
-0.891901
-0.894373
-0.893917
-0.882902
-0.865326
-0.866212
-0.890844
-0.883297
-0.890762
-0.896336
-0.897894
-0.871459
-0.850281
-0.885399
-0.878785
-0.8855
-0.886852
-0.896864
-0.896967
-0.895798
-0.892146
-0.88086
-0.887757
-0.890568
-0.884147
-0.894629
-0.860598
-0.883604
-0.897453
-0.892636
-0.874015
-0.8943
-0.89041
-0.895306
-0.883506
-0.863128
-0.85795
-0.890218
-0.877358
-0.885484
-0.898707
-0.898049
-0.888745
-0.879517
-0.89437
-0.884507
-0.876861
-0.886535
-0.89241
-0.897281
-0.888102
-0.899658
-0.89746
-0.880316
-0.867472
-0.890477
-0.892646
-0.891128
-0.899624
-0.893436
-0.880019
-0.897762
-0.893749
-0.88217
-0.890304
-0.898703
-0.89654
-0.894135
-0.866779
-0.888151
-0.882431
-0.894849
-0.889355
-0.886699
-0.888246
-0.891521
-0.888064
-0.896343
-0.897804
-0.869902
-0.858707
-0.893785
-0.892079
-0.896631
-0.893676
-0.887604
-0.887793
-0.88177
-0.866095
-0.891279
-0.894266
-0.892804
-0.884011
-0.885231
-0.895638
-0.89025
-0.891512
-0.891427
-0.88661
-0.890347
-0.890031
-0.889168
-0.893306
-0.866332
-0.865412
-0.889721
-0.886338
-0.893798
-0.851374
-0.884646
-0.895593
-0.901155
-0.872894
-0.879252
-0.897934
-0.88734
-0.892602
-0.858721
-0.883858
-0.878709
-0.873583
-0.888807
-0.893194
-0.898242
-0.894084
-0.892052
-0.895431
-0.880647
-0.876222
-0.892959
-0.893798
-0.896069
-0.89779
-0.879059
-0.873231
-0.892642
-0.878264
-0.890642
-0.892066
-0.880924
-0.890875
-0.887453
-0.884016
-0.88288
-0.891522
-0.897496
-0.89717
-0.89512
-0.893901
-0.880991
-0.866944
-0.893915
-0.872896
-0.869802
-0.876655
-0.886364
-0.902972
-0.897295
-0.866739
-0.897051
-0.861475
-0.88386
-0.889576
-0.893543
-0.895911
-0.868288
-0.879039
-0.881699
-0.889604
-0.877528
-0.893318
-0.858027
-0.860366
-0.890222
-0.890844
-0.891946
-0.876558
-0.885679
-0.898138
-0.891043
-0.89023
-0.899184
-0.883664
-0.890734
-0.894021
-0.894628
-0.863577
-0.885793
-0.875896
-0.87746
-0.89073
-0.887632
-0.889219
-0.891895
-0.892429
-0.867426
-0.8904
-0.89996
-0.878173
-0.887753
-0.897953
-0.880849
-0.892789
-0.890532
-0.892918
-0.888082
-0.860118
-0.88639
-0.895441
-0.894185
-0.879315
-0.888499
-0.895811
-0.892022
-0.894778
-0.894599
-0.877467
-0.881145
-0.897661
-0.896956
-0.87606
-0.889603
-0.879385
-0.885502
-0.859049
-0.88506
-0.8968
-0.892313
-0.868048
-0.877241
-0.888628
-0.873284
-0.88965
-0.879754
-0.894878
-0.886626
-0.880404
-0.887232
-0.897543
-0.875871
-0.897716
-0.89234
-0.890464
-0.895383
-0.897249
-0.889782
-0.890402
-0.88027
-0.884249
-0.885232
-0.895228
-0.888769
-0.893175
-0.876637
-0.882618
-0.89752
-0.892558
-0.902628
-0.897444
-0.886012
-0.893835
-0.896094
-0.863331
-0.880433
-0.869702
-0.863422
-0.89492
-0.876412
-0.884927
-0.8623
-0.88903
-0.881103
-0.882513
-0.891524
-0.893244
-0.864722
-0.888789
-0.897698
-0.883184
-0.898347
-0.891262
-0.884382
-0.889531
-0.89558
-0.895506
-0.893925
-0.852911
-0.872294
-0.883284
-0.886066
-0.889332
-0.887131
-0.888065
-0.900405
-0.901306
-0.890134
-0.9014
-0.867872
-0.890146
-0.894881
-0.89377
-0.872041
-0.88308
-0.893376
-0.884907
-0.866829
-0.890378
-0.893809
-0.887543
-0.89504
-0.891694
-0.893312
-0.883631
-0.892521
-0.895335
-0.879682
-0.892335
-0.895581
-0.895886
-0.876973
-0.891939
-0.895744
-0.896732
-0.894982
-0.853486
-0.891998
-0.896235
-0.880442
-0.885444
-0.892631
-0.89117
-0.881212
-0.893693
-0.873043
-0.881226
-0.890651
-0.84721
-0.876135
-0.888702
-0.904692
-0.901518
-0.894769
-0.897582
-0.898316
-0.896909
-0.897568
-0.856448
-0.85829
-0.871686
-0.890142
-0.888561
-0.894028
-0.894894
-0.86151
-0.895799
-0.898534
-0.89582
-0.886575
-0.884478
-0.884875
-0.890423
-0.890623
-0.879376
-0.868347
-0.889814
-0.884323
-0.891616
-0.897849
-0.883991
-0.89017
-0.880158
-0.873026
-0.887152
-0.886824
-0.875524
-0.883591
-0.888154
-0.895156
-0.874701
-0.879061
-0.889859
-0.889896
-0.897743
-0.901811
-0.896568
-0.896215
-0.889787
-0.893691
-0.899508
-0.897878
-0.87118
-0.858245
-0.89153
-0.89948
-0.879189
-0.880148
-0.88775
-0.886991
-0.896518
-0.88019
-0.888398
-0.8947
-0.869123
-0.883061
-0.893844
-0.89153
-0.886065
-0.85977
-0.884738
-0.890508
-0.886987
-0.895014
-0.892981
-0.882897
-0.883197
-0.880496
-0.889132
-0.890801
-0.890669
-0.896315
-0.875383
-0.893405
-0.896747
-0.873203
-0.878757
-0.889959
-0.888298
-0.872528
-0.887697
-0.886356
-0.879102
-0.893615
-0.879732
-0.871108
-0.894187
-0.870341
-0.878551
-0.892086
-0.889609
-0.88958
-0.864744
-0.884618
-0.881488
-0.897194
-0.893193
-0.880114
-0.878949
-0.87729
-0.898188
-0.897268
-0.874378
-0.881175
-0.871134
-0.886858
-0.896498
-0.873275
-0.869569
-0.890027
-0.895011
-0.894879
-0.89696
-0.89295
-0.898212
-0.901981
-0.883295
-0.888251
-0.886452
-0.887131
-0.872518
-0.879153
-0.877578
-0.874465
-0.886718
-0.888803
-0.872027
-0.864898
-0.889448
-0.884061
-0.881435
-0.881554
-0.885775
-0.892578
-0.891519
-0.891083
-0.88028
-0.882974
-0.88616
-0.892967
-0.891874
-0.890226
-0.895393
-0.891397
-0.87657
-0.879562
-0.890267
-0.889937
-0.87957
-0.890557
-0.896368
-0.895154
-0.887082
-0.883206
-0.894389
-0.89312
-0.898607
-0.896781
-0.899885
-0.892052
-0.894955
-0.874458
-0.89014
-0.89138
-0.89141
-0.876689
-0.888735
-0.886358
-0.870089
-0.886663
-0.879772
-0.893025
-0.889357
-0.881943
-0.884041
-0.893809
-0.891491
-0.893924
-0.892812
-0.881648
-0.891081
-0.89543
-0.86557
-0.894958
-0.892978
-0.888447
-0.886799
-0.883498
-0.880879
-0.891198
-0.894674
-0.88928
-0.889133
-0.894068
-0.894101
-0.87825
-0.858485
-0.88215
-0.895969
-0.88908
-0.897929
-0.884871
-0.890181
-0.883641
-0.88888
-0.888538
-0.887451
-0.877571
-0.875873
-0.891573
-0.877658
-0.887396
-0.881999
-0.882274
-0.882193
-0.892597
-0.875033
-0.873565
-0.880698
-0.888462
-0.892279
-0.890265
-0.892618
-0.88488
-0.88121
-0.89753
-0.892052
-0.893977
-0.891447
-0.895246
-0.893346
-0.893083
-0.861608
-0.886859
-0.877512
-0.879689
-0.893558
-0.890532
-0.876284
-0.881057
-0.892726
-0.892707
-0.882294
-0.892601
-0.889968
-0.876576
-0.884112
-0.885578
-0.884651
-0.890579
-0.894137
-0.880628
-0.889773
-0.879869
-0.890381
-0.886508
-0.895572
-0.895268
-0.895581
-0.894112
-0.877104
-0.884765
-0.88583
-0.882764
-0.890106
-0.891758
-0.890988
-0.88594
-0.893879
-0.892165
-0.8771
-0.895163
-0.894151
-0.888231
-0.894539
-0.878966
-0.88695
-0.883697
-0.888906
-0.891477
-0.886126
-0.875458
-0.890887
-0.890876
-0.891126
-0.888691
-0.893084
-0.88737
-0.87576
-0.881209
-0.889089
-0.88867
-0.888438
-0.893139
-0.895818
-0.895621
-0.894634
-0.886965
-0.892458
-0.89056
-0.861118
-0.88097
-0.884336
-0.885509
-0.842548
-0.885431
-0.879402
-0.880957
-0.888403
-0.886319
-0.888904
-0.886457
-0.885654
-0.886037
-0.890998
-0.880103
-0.890397
-0.888533
-0.89089
-0.892898
-0.890613
-0.89266
-0.889379
-0.891921
-0.873087
-0.885643
-0.89772
-0.882079
-0.890608
-0.8901
-0.891988
-0.880194
-0.88656
-0.891923
-0.894335
-0.84945
-0.89101
-0.893906
-0.889792
-0.884223
-0.883607
-0.879255
-0.887713
-0.89405
-0.879056
-0.873889
-0.889663
-0.873596
-0.884883
-0.892801
-0.891005
-0.895483
-0.89572
-0.899403
-0.89237
-0.89469
-0.887901
-0.888055
-0.889893
-0.892426
-0.882421
-0.890928
-0.882238
-0.891835
-0.87029
-0.882259
-0.882838
-0.893033
-0.890601
-0.887983
-0.873463
-0.880044
-0.891678
-0.887877
-0.884816
-0.885694
-0.883373
-0.880329
-0.883689
-0.881764
-0.880976
-0.894094
-0.894442
-0.883814
-0.88557
-0.877145
-0.896
-0.891786
-0.887414
-0.889773
-0.890447
-0.894281
-0.882251
-0.866129
-0.857614
-0.867805
-0.877626
-0.884876
-0.888603
-0.889378
-0.890752
-0.8909
-0.893797
-0.887214
-0.868741
-0.886972
-0.893091
-0.89118
-0.88674
-0.884314
-0.882665
-0.887474
-0.894412
-0.895711
-0.88427
-0.888304
-0.895054
-0.879682
-0.894103
-0.890471
-0.890586
-0.872163
-0.883399
-0.889407
-0.871414
-0.855139
-0.890464
-0.893177
-0.868295
-0.870243
-0.884271
-0.887283
-0.887768
-0.88362
-0.873143
-0.884591
-0.892269
-0.891854
-0.893073
-0.885523
-0.888172
-0.880305
-0.887259
-0.877978
-0.862471
-0.888761
-0.894889
-0.868227
-0.891842
-0.886376
-0.886647
-0.892152
-0.871216
-0.865844
-0.888966
-0.89393
-0.89578
-0.892877
-0.878759
-0.890223
-0.854099
-0.871911
-0.888774
-0.889493
-0.883293
-0.887312
-0.89178
-0.889394
-0.889421
-0.888195
-0.895222
-0.883118
-0.876679
-0.874519
-0.883556
-0.892764
-0.889355
-0.893475
-0.892524
-0.893116
-0.866746
-0.883217
-0.880275
-0.885808
-0.890636
-0.889466
-0.883837
-0.87979
-0.888598
-0.894998
-0.884785
-0.891978
-0.893522
-0.89158
-0.882262
-0.893343
-0.863277
-0.861377
-0.888677
-0.885192
-0.88688
-0.890095
-0.889405
-0.888143
-0.890247
-0.883995
-0.89227
-0.893106
-0.892066
-0.894346
-0.884832
-0.887335
-0.88907
-0.885476
-0.888429
-0.881099
-0.880468
-0.884637
-0.886079
-0.890327
-0.893568
-0.884661
-0.883576
-0.882764
-0.888867
-0.87403
-0.883767
-0.887393
-0.88469
-0.889047
-0.88286
-0.882652
-0.885823
-0.889441
-0.870085
-0.855617
-0.884542
-0.888548
-0.869758
-0.883532
-0.885888
-0.886774
-0.8764
-0.890113
-0.874737
-0.8865
-0.882742
-0.890079
-0.886864
-0.887544
-0.891369
-0.869146
-0.878455
-0.888389
-0.882792
-0.888832
-0.88054
-0.887093
-0.87993
-0.884092
-0.855115
-0.88287
-0.885665
-0.887923
-0.860622
-0.885987
-0.877503
-0.893026
-0.877589
-0.893961
-0.877683
-0.889423
-0.892528
-0.859165
-0.883147
-0.885951
-0.887478
-0.887594
-0.892834
-0.894661
-0.87874
-0.88768
-0.885479
-0.885571
-0.887923
-0.890009
-0.886594
-0.886512
-0.871827
-0.889104
-0.88398
-0.893311
-0.892996
-0.895287
-0.894104
-0.877995
-0.877196
-0.884791
-0.87968
-0.874876
-0.886295
-0.869912
-0.879177
-0.893142
-0.875014
-0.884971
-0.886439
-0.885769
-0.880296
-0.885969
-0.890393
-0.890926
-0.887589
-0.889547
-0.893571
-0.881633
-0.891618
-0.890533
-0.885501
-0.874804
-0.88441
-0.880293
-0.883342
-0.87403
-0.86889
-0.87322
-0.884027
-0.891426
-0.882059
-0.890036
-0.870161
-0.89058
-0.878775
-0.886691
-0.890045
-0.847089
-0.863085
-0.8855
-0.88982
-0.88649
-0.88392
-0.887592
-0.883401
-0.886511
-0.892418
-0.888917
-0.890857
-0.87688
-0.881034
-0.887367
-0.88541
-0.884649
-0.888435
-0.889398
-0.890811
-0.893465
-0.881635
-0.884786
-0.878236
-0.890333
-0.890717
-0.884426
-0.889243
-0.888722
-0.886697
-0.864233
-0.882515
-0.878942
-0.879402
-0.877073
-0.876016
-0.884989
-0.889464
-0.891687
-0.889722
-0.888432
-0.8931
-0.884003
-0.86964
-0.874293
-0.887687
-0.888099
-0.88562
-0.886957
-0.892567
-0.887291
-0.886785
-0.889487
-0.889287
-0.886155
-0.873747
-0.888039
-0.871223
-0.884187
-0.883982
-0.884891
-0.864129
-0.889278
-0.886605
-0.879516
-0.894582
-0.891359
-0.890027
-0.893353
-0.890859
-0.885265
-0.884972
-0.885482
-0.890587
-0.884514
-0.884589
-0.886837
-0.894206
-0.890475
-0.87547
-0.882403
-0.885583
-0.889749
-0.889494
-0.888086
-0.882953
-0.879776
-0.88765
-0.874013
-0.887239
-0.888725
-0.885126
-0.883575
-0.873999
-0.888871
-0.88846
-0.880075
-0.879986
-0.883323
-0.889853
-0.881154
-0.882846
-0.888877
-0.892629
-0.86686
-0.887725
-0.887579
-0.891249
-0.858868
-0.869895
-0.888312
-0.884854
-0.878581
-0.89156
-0.884757
-0.892184
-0.886546
-0.892008
-0.887887
-0.885569
-0.890707
-0.884326
-0.891486
-0.890499
-0.889349
-0.892662
-0.891456
-0.871365
-0.882044
-0.889544
-0.879517
-0.886806
-0.890936
-0.889924
-0.89457
-0.889729
-0.891184
-0.892313
-0.890803
-0.887766
-0.888252
-0.888962
-0.885668
-0.894317
-0.892287
-0.889778
-0.893801
-0.885801
-0.885968
-0.888304
-0.89014
-0.88968
-0.891095
-0.887745
-0.891043
-0.891373
-0.893677
-0.891453
-0.890179
-0.888559
-0.889855
-0.880538
-0.885276
-0.889223
-0.884022
-0.885868
-0.890262
-0.886699
-0.885893
-0.889048
-0.890962
-0.891795
-0.874513
-0.887141
-0.889351
-0.890873
-0.891677
-0.89106
-0.891381
-0.890651
-0.890421
-0.891124
-0.889748
-0.889131
-0.892481
-0.892248
-0.894144
-0.892103
-0.893448
-0.893098
-0.894248
-0.891726
-0.890993
-0.891879
-0.889741
-0.881061
-0.887021
-0.879694
-0.885903
-0.887941
-0.883138
-0.878647
-0.887067
-0.883616
-0.882807
-0.851253
-0.884022
-0.88149
-0.881811
-0.892875
-0.88134
-0.893284
-0.893371
-0.894349
-0.888068
-0.889634
-0.893742
-0.885156
-0.890688
-0.890219
-0.889984
-0.888875
-0.889132
-0.892023
