-0.897829
-0.892253
-0.89628
-0.915315
-0.919555
-0.917343
-0.869555
-0.911447
-0.900125
-0.908433
-0.90712
-0.865084
-0.890581
-0.901942
-0.902873
-0.880797
-0.880767
-0.881071
-0.89748
-0.897412
-0.898375
-0.875409
-0.881797
-0.90504
-0.897015
-0.893722
-0.91786
-0.896289
-0.899263
-0.874135
-0.898328
-0.856582
-0.890218
-0.900862
-0.905862
-0.901359
-0.915481
-0.910271
-0.87795
-0.903361
-0.898742
-0.899462
-0.910243
-0.913093
-0.832562
-0.900544
-0.866168
-0.907122
-0.887237
-0.907215
-0.910812
-0.890512
-0.904928
-0.901926
-0.846302
-0.856176
-0.910738
-0.892914
-0.896887
-0.904726
-0.900825
-0.880266
-0.916152
-0.916364
-0.899997
-0.901687
-0.877169
-0.886889
-0.886355
-0.855131
-0.873276
-0.862503
-0.889991
-0.886709
-0.876994
-0.905104
-0.912931
-0.8577
-0.851294
-0.90065
-0.901009
-0.904165
-0.890224
-0.914562
-0.909887
-0.909092
-0.894346
-0.883901
-0.905248
-0.914945
-0.892019
-0.893724
-0.844158
-0.898335
-0.905099
-0.906416
-0.840348
-0.884036
-0.873291
-0.880432
-0.855532
-0.884054
-0.867237
-0.887231
-0.877257
-0.882453
-0.911833
-0.897343
-0.888443
-0.890092
-0.895763
-0.895878
-0.875503
-0.904277
-0.904993
-0.896743
-0.902493
-0.910256
-0.907174
-0.883929
-0.877818
-0.909957
-0.910067
-0.910508
-0.910283
-0.894599
-0.878996
-0.906547
-0.912105
-0.900145
-0.893998
-0.914832
-0.907583
-0.901248
-0.872293
-0.906317
-0.892596
-0.916253
-0.904886
-0.902488
-0.902747
-0.908216
-0.902101
-0.906042
-0.901815
-0.833064
-0.877604
-0.915445
-0.909613
-0.915205
-0.913922
-0.913276
-0.909959
-0.870619
-0.879345
-0.90958
-0.915519
-0.910254
-0.898452
-0.898158
-0.908842
-0.903537
-0.906741
-0.905901
-0.905485
-0.912185
-0.903724
-0.886136
-0.873877
-0.843671
-0.889356
-0.906271
-0.904561
-0.907769
-0.856489
-0.890181
-0.904884
-0.904633
-0.859138
-0.890542
-0.895447
-0.907677
-0.913542
-0.873579
-0.897714
-0.875732
-0.888637
-0.901273
-0.905218
-0.908287
-0.914196
-0.909441
-0.916896
-0.871025
-0.90292
-0.912056
-0.911918
-0.915873
-0.910263
-0.86898
-0.894561
-0.909669
-0.883284
-0.882612
-0.876036
-0.888008
-0.904835
-0.904884
-0.898777
-0.888949
-0.903193
-0.916608
-0.91749
-0.913606
-0.894633
-0.892285
-0.871607
-0.899223
-0.884177
-0.87469
-0.875625
-0.896446
-0.901356
-0.910023
-0.862962
-0.903536
-0.861917
-0.891793
-0.871351
-0.880537
-0.880046
-0.840948
-0.896253
-0.89412
-0.907531
-0.87981
-0.901605
-0.827222
-0.842583
-0.897131
-0.906743
-0.882746
-0.860806
-0.909718
-0.913521
-0.909586
-0.906184
-0.905088
-0.904675
-0.904942
-0.903821
-0.895751
-0.853708
-0.887256
-0.885789
-0.886521
-0.912164
-0.892235
-0.900357
-0.901987
-0.900211
-0.853998
-0.905699
-0.901321
-0.893588
-0.905517
-0.916194
-0.899756
-0.882977
-0.898574
-0.907111
-0.889747
-0.872349
-0.910235
-0.914585
-0.910589
-0.887098
-0.90804
-0.910539
-0.90386
-0.898858
-0.904831
-0.889065
-0.89736
-0.904044
-0.91112
-0.885502
-0.913125
-0.892215
-0.906743
-0.868285
-0.905449
-0.913926
-0.909739
-0.867794
-0.902429
-0.912156
-0.891581
-0.9061
-0.890465
-0.909609
-0.89747
-0.892709
-0.908242
-0.909537
-0.899636
-0.91295
-0.897614
-0.879115
-0.887951
-0.883274
-0.895685
-0.900758
-0.900512
-0.907489
-0.902752
-0.9159
-0.910341
-0.908184
-0.876654
-0.89934
-0.913778
-0.907979
-0.902529
-0.893558
-0.905902
-0.888217
-0.893209
-0.881883
-0.906694
-0.869333
-0.8755
-0.900159
-0.881539
-0.904048
-0.882728
-0.903096
-0.894314
-0.901302
-0.899187
-0.884713
-0.850165
-0.907696
-0.911224
-0.898362
-0.913975
-0.904389
-0.884743
-0.907209
-0.896493
-0.893063
-0.887145
-0.86206
-0.880845
-0.883304
-0.89491
-0.894656
-0.894901
-0.891605
-0.91197
-0.909152
-0.91044
-0.903761
-0.881822
-0.880318
-0.883512
-0.872098
-0.826518
-0.898234
-0.90106
-0.86033
-0.889504
-0.912338
-0.914773
-0.892151
-0.906591
-0.897381
-0.888224
-0.881252
-0.900317
-0.894122
-0.884299
-0.908868
-0.898036
-0.895018
-0.896665
-0.913624
-0.896717
-0.892169
-0.895538
-0.847093
-0.890808
-0.907664
-0.86774
-0.911539
-0.909172
-0.909442
-0.884677
-0.893609
-0.882411
-0.898616
-0.910453
-0.833988
-0.851704
-0.892691
-0.90211
-0.889691
-0.895942
-0.893927
-0.891366
-0.905287
-0.896386
-0.861926
-0.831385
-0.884348
-0.905964
-0.906485
-0.905757
-0.905562
-0.84823
-0.87963
-0.884277
-0.87325
-0.903641
-0.893836
-0.894731
-0.89724
-0.890413
-0.874036
-0.891191
-0.908788
-0.893394
-0.897317
-0.904883
-0.893664
-0.889761
-0.861346
-0.896775
-0.909167
-0.90539
-0.885081
-0.900884
-0.906839
-0.904978
-0.869958
-0.862466
-0.893531
-0.909729
-0.910487
-0.908927
-0.913136
-0.908336
-0.905315
-0.905319
-0.902605
-0.902947
-0.881596
-0.874655
-0.91067
-0.911069
-0.901089
-0.886822
-0.909022
-0.905306
-0.903173
-0.891878
-0.898494
-0.898105
-0.85689
-0.900643
-0.889116
-0.869031
-0.860517
-0.886712
-0.905849
-0.899897
-0.875556
-0.883763
-0.880512
-0.865649
-0.896091
-0.883593
-0.890091
-0.902276
-0.894762
-0.906696
-0.884749
-0.891289
-0.892018
-0.880737
-0.896255
-0.9132
-0.899263
-0.870564
-0.908755
-0.900354
-0.871622
-0.882892
-0.855304
-0.889953
-0.905614
-0.870727
-0.881608
-0.877517
-0.873971
-0.865439
-0.863686
-0.902809
-0.892916
-0.912593
-0.903671
-0.880736
-0.885581
-0.852011
-0.884081
-0.889623
-0.872617
-0.870844
-0.884553
-0.874041
-0.87489
-0.880324
-0.831858
-0.887358
-0.906567
-0.910334
-0.914455
-0.891842
-0.890114
-0.90072
-0.89319
-0.903075
-0.876278
-0.860188
-0.860855
-0.888705
-0.871991
-0.895899
-0.896883
-0.897505
-0.867991
-0.893973
-0.909662
-0.888687
-0.894063
-0.90038
-0.900091
-0.902088
-0.897489
-0.89389
-0.892569
-0.887831
-0.905063
-0.907462
-0.89759
-0.901081
-0.904712
-0.899281
-0.884232
-0.88918
-0.900168
-0.902085
-0.893904
-0.894223
-0.89985
-0.892617
-0.879696
-0.892825
-0.904699
-0.902369
-0.90579
-0.902398
-0.904252
-0.899288
-0.899028
-0.87261
-0.895326
-0.896805
-0.900039
-0.876829
-0.911779
-0.903055
-0.890099
-0.901867
-0.885242
-0.902504
-0.9044
-0.894727
-0.9039
-0.910997
-0.911819
-0.906208
-0.902728
-0.883132
-0.896449
-0.895869
-0.869321
-0.880593
-0.897048
-0.899063
-0.895117
-0.891234
-0.872273
-0.901713
-0.911648
-0.904804
-0.871194
-0.86103
-0.858769
-0.85247
-0.881966
-0.862948
-0.897785
-0.891651
-0.905846
-0.896288
-0.902858
-0.904116
-0.904935
-0.874496
-0.852365
-0.867857
-0.876135
-0.908396
-0.891837
-0.900928
-0.901044
-0.895233
-0.898419
-0.907998
-0.869752
-0.875046
-0.880588
-0.89758
-0.897685
-0.894369
-0.89223
-0.884532
-0.887117
-0.913073
-0.88402
-0.902054
-0.905872
-0.901529
-0.905713
-0.903024
-0.868031
-0.883601
-0.882894
-0.86467
-0.90285
-0.906486
-0.893015
-0.893849
-0.900339
-0.895543
-0.86965
-0.901735
-0.897095
-0.87286
-0.866695
-0.888515
-0.857851
-0.867004
-0.871546
-0.873265
-0.90767
-0.898189
-0.907285
-0.900858
-0.899467
-0.899511
-0.896149
-0.897149
-0.886989
-0.898472
-0.901496
-0.893257
-0.899573
-0.89898
-0.893388
-0.887387
-0.895772
-0.899843
-0.893436
-0.909055
-0.91104
-0.907719
-0.907486
-0.886588
-0.899446
-0.900756
-0.900053
-0.899366
-0.884784
-0.859378
-0.896465
-0.901163
-0.881526
-0.895361
-0.887929
-0.898378
-0.87918
-0.894907
-0.900145
-0.89622
-0.89842
-0.903518
-0.902264
-0.897444
-0.892516
-0.896774
-0.894739
-0.885239
-0.851719
-0.875675
-0.86398
-0.870705
-0.80361
-0.904642
-0.897548
-0.898426
-0.894614
-0.878115
-0.885639
-0.892624
-0.883304
-0.885542
-0.870168
-0.880209
-0.91108
-0.89712
-0.901722
-0.896806
-0.887785
-0.892494
-0.893341
-0.896362
-0.878704
-0.873129
-0.884665
-0.883731
-0.888953
-0.887091
-0.888018
-0.885756
-0.880522
-0.886404
-0.889385
-0.833481
-0.847806
-0.844156
-0.838376
-0.860784
-0.883195
-0.865191
-0.8896
-0.895439
-0.8778
-0.863651
-0.888677
-0.881692
-0.904475
-0.906558
-0.903261
-0.900582
-0.903103
-0.899133
-0.902096
-0.902601
-0.903542
-0.899823
-0.896102
-0.893293
-0.893162
-0.89064
-0.893265
-0.891704
-0.868849
-0.902186
-0.901227
-0.900234
-0.900332
-0.892844
-0.872279
-0.880597
-0.891797
-0.881486
-0.895855
-0.891227
-0.884983
-0.881679
-0.889321
-0.883288
-0.883003
-0.891244
-0.890569
-0.881274
-0.893566
-0.881768
-0.891501
-0.890102
-0.901343
-0.904501
-0.905364
-0.905221
-0.893567
-0.856868
-0.855531
-0.872467
-0.881588
-0.889389
-0.894031
-0.894148
-0.892905
-0.887977
-0.889125
-0.889931
-0.854678
-0.885758
-0.893521
-0.890091
-0.887079
-0.891164
-0.897869
-0.897052
-0.885213
-0.883496
-0.872372
-0.903529
-0.904159
-0.878139
-0.89093
-0.882743
-0.88697
-0.854697
-0.886753
-0.890766
-0.863171
-0.877655
-0.898021
-0.898022
-0.87163
-0.892163
-0.884326
-0.878621
-0.871158
-0.869404
-0.886612
-0.893919
-0.901346
-0.888559
-0.87827
-0.875292
-0.89591
-0.874377
-0.891823
-0.864975
-0.874976
-0.897046
-0.901161
-0.877659
-0.902802
-0.897805
-0.900994
-0.909974
-0.867592
-0.886617
-0.903407
-0.910081
-0.90492
-0.908918
-0.894992
-0.899673
-0.857394
-0.8713
-0.899931
-0.899779
-0.893846
-0.890951
-0.885881
-0.887286
-0.88925
-0.892378
-0.890416
-0.893637
-0.891182
-0.847209
-0.871283
-0.880419
-0.890129
-0.88851
-0.890659
-0.893564
-0.864378
-0.90008
-0.882529
-0.882877
-0.874111
-0.86779
-0.852672
-0.895422
-0.897914
-0.912545
-0.898598
-0.905115
-0.903308
-0.89909
-0.896118
-0.905596
-0.852276
-0.868114
-0.893864
-0.892854
-0.894702
-0.897124
-0.889724
-0.887203
-0.885549
-0.894778
-0.88255
-0.886528
-0.891958
-0.889721
-0.881815
-0.893387
-0.901801
-0.890608
-0.885833
-0.871642
-0.853064
-0.861295
-0.840658
-0.844619
-0.85112
-0.856414
-0.871266
-0.876632
-0.877019
-0.858245
-0.889569
-0.896609
-0.884642
-0.894654
-0.898501
-0.875558
-0.886415
-0.894026
-0.865009
-0.850091
-0.89439
-0.894688
-0.889542
-0.89345
-0.883193
-0.881621
-0.888672
-0.890203
-0.888988
-0.900316
-0.892669
-0.893728
-0.895747
-0.885984
-0.891993
-0.874419
-0.89534
-0.897038
-0.886196
-0.887961
-0.878694
-0.886337
-0.889859
-0.874785
-0.8689
-0.887364
-0.881603
-0.879384
-0.854406
-0.879223
-0.862796
-0.880158
-0.859379
-0.852912
-0.873422
-0.908572
-0.909812
-0.849212
-0.885231
-0.88425
-0.895906
-0.888848
-0.888684
-0.882347
-0.884176
-0.877478
-0.885181
-0.887149
-0.891925
-0.895528
-0.894011
-0.880432
-0.880807
-0.900213
-0.888867
-0.896585
-0.891955
-0.892767
-0.889565
-0.879031
-0.886751
-0.892092
-0.889643
-0.890075
-0.884552
-0.87533
-0.876635
-0.881165
-0.887355
-0.876796
-0.867142
-0.876502
-0.862514
-0.888034
-0.880053
-0.888734
-0.870379
-0.881784
-0.880497
-0.868329
-0.884643
-0.885404
-0.884642
-0.873888
-0.887192
-0.883796
-0.889655
-0.882613
-0.870775
-0.894948
-0.900697
-0.906011
-0.896227
-0.897114
-0.856479
-0.88931
-0.887053
-0.892792
-0.896221
-0.851589
-0.875426
-0.889626
-0.885977
-0.888833
-0.889986
-0.892661
-0.888297
-0.883912
-0.886137
-0.881636
-0.883698
-0.870256
-0.868453
-0.885196
-0.864392
-0.876199
-0.874418
-0.879229
-0.882251
-0.881574
-0.888685
-0.872527
-0.884724
-0.880634
-0.881905
-0.889607
-0.896217
-0.898017
-0.890137
-0.845781
-0.884223
-0.891003
-0.889599
-0.881713
-0.868187
-0.881441
-0.888436
-0.889002
-0.891565
-0.886473
-0.892666
-0.884907
-0.859153
-0.877907
-0.894224
-0.886214
-0.896584
-0.900087
-0.895243
-0.888107
-0.889423
-0.881366
-0.886408
-0.886789
-0.877413
-0.889981
-0.875161
-0.862221
-0.848696
-0.847634
-0.850335
-0.853085
-0.871485
-0.869207
-0.87213
-0.870373
-0.873864
-0.872358
-0.871819
-0.869741
-0.87283
-0.883548
-0.890308
-0.885625
-0.897635
-0.899315
-0.903606
-0.896594
-0.878233
-0.859101
-0.882955
-0.892416
-0.896004
-0.892171
-0.887639
-0.887535
-0.888294
-0.877308
-0.892863
-0.87766
-0.888221
-0.880604
-0.880338
-0.886759
-0.902449
-0.88995
-0.890939
-0.893476
-0.884098
-0.885951
-0.892817
-0.894659
-0.89278
-0.877547
-0.891166
-0.89412
-0.895507
-0.853595
-0.847336
-0.872723
-0.862316
-0.854168
-0.856812
-0.880558
-0.901002
-0.851861
-0.867373
-0.864591
-0.870815
-0.890684
-0.873212
-0.883101
-0.880251
-0.879104
-0.885238
-0.885966
-0.851989
-0.868219
-0.886969
-0.886152
-0.889315
-0.893027
-0.891389
-0.888341
-0.891142
-0.890382
-0.88949
-0.88848
-0.892831
-0.893636
-0.888429
-0.88914
-0.891734
-0.89526
-0.890241
-0.889081
-0.886094
-0.889957
-0.895685
-0.890061
-0.892666
-0.893685
-0.890625
-0.892083
-0.888349
-0.888401
-0.878791
-0.883155
-0.881597
-0.880499
-0.883409
-0.886198
-0.882443
-0.879698
-0.880049
-0.887075
-0.880865
-0.877465
-0.879148
-0.879329
-0.871894
-0.880417
-0.878349
-0.88515
-0.883575
-0.883367
-0.885234
-0.883864
-0.886654
-0.882445
-0.884464
-0.882543
-0.88009
-0.882932
-0.880857
-0.879871
-0.879713
-0.880804
-0.877066
-0.880561
-0.876156
-0.877056
-0.876073
-0.871999
-0.886729
-0.887633
-0.887662
-0.890968
-0.894735
-0.887541
-0.845069
-0.852423
-0.858981
-0.871791
-0.842749
-0.802319
-0.816673
-0.880275
-0.887616
-0.883931
-0.904434
-0.899169
-0.892768
-0.89033
-0.886698
-0.890253
-0.884429
-0.88494
-0.882821
-0.884253
-0.879096
-0.875076
-0.878853
