bad volumes, zero indexed (FSL style)
918
919
920
938
939
940
955
964
965
966
967
1072
1074
1075
1076
1077
1078
1177
1178
1179
1180
1181
1214
1215
1216
1217
1218
1255
1258
1259
1260
1261
1262
1284
1285
1286
1287
1345
1346
1347
1348
1369
1370
1371
1372
1523
1524
1525
1526
1527
1604
1605
1606
1607
1608
1650
1651
1652
1653
1692
1693
1696
1697
1698
1699
1700
1789
1798
1805
1806
1807
1808
1809
1810
1827
1828
2026
2030
2031
2032
2033
2034
2063
2064
2065
2066
2067
2068
2137
2141
2142
2143
2144
2145
2213
2214
2215
