-0.911872
-0.905664
-0.913194
-0.899211
-0.906211
-0.908185
-0.908755
-0.901858
-0.9067
-0.908291
-0.906018
-0.905832
-0.910246
-0.904934
-0.885903
-0.905518
-0.910342
-0.90512
-0.909712
-0.901854
-0.907698
-0.897043
-0.895867
-0.908107
-0.910846
-0.905962
-0.894258
-0.89286
-0.899891
-0.905746
-0.906564
-0.908763
-0.909152
-0.903382
-0.902053
-0.900426
-0.897491
-0.902333
-0.905831
-0.91193
-0.887198
-0.886064
-0.907779
-0.911292
-0.909293
-0.89017
-0.906935
-0.902651
-0.910975
-0.898601
-0.908957
-0.915003
-0.914456
-0.914145
-0.914962
-0.915209
-0.895235
-0.899136
-0.90644
-0.908829
-0.901756
-0.894424
-0.90238
-0.900052
-0.902494
-0.909611
-0.889749
-0.892309
-0.908551
-0.909182
-0.911196
-0.913332
-0.899994
-0.90268
-0.907802
-0.908533
-0.90167
-0.891048
-0.898215
-0.91185
-0.894988
-0.906961
-0.908876
-0.905774
-0.903542
-0.907636
-0.904716
-0.901202
-0.90266
-0.913584
-0.913558
-0.915152
-0.914108
-0.911147
-0.91124
-0.911681
-0.912274
-0.911409
-0.880285
-0.896868
-0.908317
-0.902022
-0.909892
-0.907083
-0.904905
-0.912511
-0.914853
-0.915007
-0.916543
-0.915436
-0.915286
-0.916283
-0.902215
-0.898696
-0.910335
-0.906015
-0.915337
-0.914206
-0.909464
-0.90636
-0.914419
-0.913712
-0.914848
-0.899522
-0.889447
-0.904156
-0.906688
-0.902838
-0.899354
-0.90772
-0.90835
-0.909993
-0.902021
-0.896552
-0.904202
-0.902167
-0.909205
-0.910427
-0.909849
-0.899133
-0.906705
-0.900887
-0.904592
-0.908638
-0.909671
-0.911772
-0.902662
-0.899447
-0.904778
-0.908349
-0.909608
-0.912367
-0.901151
-0.909569
-0.910763
-0.912518
-0.91401
-0.913979
-0.914153
-0.913577
-0.912323
-0.912655
-0.901892
-0.899885
-0.90315
-0.910606
-0.912685
-0.902559
-0.886356
-0.910748
-0.890275
-0.903589
-0.903281
-0.906786
-0.912582
-0.912603
-0.913729
-0.91321
-0.913697
-0.911179
-0.912017
-0.913031
-0.886101
-0.895725
-0.903491
-0.909004
-0.910433
-0.903753
-0.911171
-0.912036
-0.910951
-0.912811
-0.911216
-0.908826
-0.907942
-0.903718
-0.903242
-0.900856
-0.903508
-0.90668
-0.903305
-0.902726
-0.909552
-0.914783
-0.914634
-0.914474
-0.888845
-0.90547
-0.912011
-0.913566
-0.914994
-0.907739
-0.913721
-0.913738
-0.913073
-0.913147
-0.913345
-0.898099
-0.906796
-0.904518
-0.910568
-0.910323
-0.910549
-0.911629
-0.912319
-0.909973
-0.910378
-0.909317
-0.910219
-0.910853
-0.912637
-0.913925
-0.911949
-0.902687
-0.913182
-0.905946
-0.905023
-0.912516
-0.911269
-0.905338
-0.910335
-0.91076
-0.911144
-0.888965
-0.894839
-0.911007
-0.910199
-0.909448
-0.911339
-0.911667
-0.910243
-0.910722
-0.911479
-0.910305
-0.909525
-0.910246
-0.909185
-0.909432
-0.909786
-0.910395
-0.910173
-0.910171
-0.910218
-0.912804
-0.884393
-0.90125
-0.908442
-0.91102
-0.911574
-0.907481
-0.909188
-0.910859
-0.910675
-0.912648
-0.912188
-0.912536
-0.91261
-0.912696
-0.912003
-0.910991
-0.910495
-0.909241
-0.908831
-0.90909
-0.911185
-0.910535
-0.906395
-0.911501
-0.910456
-0.910943
-0.912914
-0.913676
-0.915385
-0.914732
-0.91399
-0.914937
-0.914944
-0.901035
-0.90862
-0.91236
-0.911254
-0.912122
-0.913104
-0.908487
-0.905911
-0.90945
-0.908709
-0.911924
-0.911543
-0.908444
-0.91269
-0.909714
-0.909099
-0.908722
-0.91232
-0.90695
-0.907182
-0.90573
-0.906358
-0.909377
-0.910743
-0.911742
-0.912022
-0.914621
-0.913338
-0.915406
-0.896796
-0.899633
-0.910806
-0.899906
-0.907921
-0.907414
-0.911281
-0.911478
-0.910604
-0.901378
-0.909583
-0.902979
-0.909247
-0.907475
-0.910021
-0.891352
-0.900587
-0.912338
-0.90317
-0.903788
-0.904857
-0.911554
-0.902211
-0.90042
-0.901284
-0.905492
-0.896142
-0.906241
-0.897621
-0.910467
-0.910106
-0.908375
-0.893369
-0.908336
-0.908552
-0.90742
-0.895945
-0.900386
-0.906449
-0.896809
-0.90983
-0.911625
-0.891138
-0.897037
-0.904397
-0.913419
-0.912671
-0.910171
-0.894586
-0.900005
-0.894485
-0.900804
-0.90276
-0.9021
-0.900801
-0.908114
-0.899403
-0.902183
-0.912399
-0.907433
-0.905631
-0.90625
-0.902476
-0.905286
-0.907689
-0.909671
-0.892378
-0.896979
-0.897943
-0.909797
-0.906763
-0.908719
-0.911851
-0.881808
-0.892663
-0.914025
-0.916311
-0.899614
-0.912787
-0.912737
-0.911887
-0.91239
-0.910827
-0.913282
-0.91284
-0.891137
-0.901408
-0.898791
-0.905413
-0.908395
-0.908517
-0.910738
-0.911701
-0.911368
-0.903489
-0.908725
-0.911909
-0.910497
-0.912735
-0.91314
-0.9143
-0.913491
-0.913529
-0.894869
-0.899063
-0.905865
-0.907272
-0.911042
-0.914948
-0.911203
-0.914336
-0.904523
-0.909735
-0.911022
-0.88842
-0.905101
-0.907242
-0.895468
-0.896476
-0.905995
-0.910555
-0.90105
-0.904218
-0.908505
-0.898618
-0.90682
-0.91045
-0.909986
-0.898449
-0.903937
-0.90694
-0.896542
-0.906952
-0.908744
-0.898558
-0.905046
-0.905073
-0.908029
-0.910416
-0.901393
-0.905043
-0.9091
-0.90637
-0.907675
-0.910425
-0.909439
-0.868429
-0.858604
-0.906873
-0.912628
-0.915847
-0.914986
-0.91501
-0.889107
-0.894813
-0.907214
-0.907209
-0.909238
-0.912615
-0.911257
-0.905695
-0.90791
-0.912458
-0.904935
-0.909388
-0.911124
-0.914193
-0.914057
-0.909035
-0.911011
-0.892579
-0.8854
-0.905336
-0.908643
-0.89687
-0.885876
-0.90362
-0.901647
-0.884953
-0.896725
-0.901737
-0.904653
-0.905018
-0.901498
-0.907701
-0.885476
-0.896034
-0.893513
-0.907428
-0.909276
-0.907855
-0.892104
-0.899961
-0.899549
-0.900581
-0.907582
-0.900796
-0.902505
-0.886947
-0.88625
-0.888767
-0.905502
-0.905002
-0.879826
-0.903957
-0.907088
-0.907389
-0.890633
-0.89876
-0.905948
-0.891455
-0.898251
-0.909942
-0.873868
-0.87404
-0.906046
-0.908679
-0.904279
-0.901983
-0.908217
-0.905018
-0.90618
-0.903768
-0.899932
-0.904863
-0.906645
-0.890427
-0.903894
-0.912983
-0.90879
-0.908741
-0.909932
-0.886968
-0.895499
-0.904751
-0.906496
-0.905342
-0.896801
-0.905063
-0.905493
-0.907031
-0.9077
-0.908209
-0.908274
-0.894828
-0.897572
-0.906236
-0.907867
-0.896123
-0.90335
-0.895596
-0.894456
-0.913089
-0.909666
-0.878574
-0.88549
-0.884142
-0.902144
-0.910556
-0.902908
-0.91068
-0.911474
-0.911959
-0.911
-0.911712
-0.913533
-0.913093
-0.911601
-0.903205
-0.883867
-0.902796
-0.906848
-0.901644
-0.907665
-0.907458
-0.910119
-0.914101
-0.911199
-0.911471
-0.912152
-0.896469
-0.902914
-0.911458
-0.911551
-0.914179
-0.910927
-0.914552
-0.915873
-0.913908
-0.907375
-0.910389
-0.904146
-0.911661
-0.913243
-0.907915
-0.912428
-0.914494
-0.911892
-0.917035
-0.91741
-0.912545
-0.911181
-0.910703
-0.905617
-0.915529
-0.915112
-0.912125
-0.911842
-0.915208
-0.916934
-0.912449
-0.914398
-0.91274
-0.91369
-0.913653
-0.915471
-0.913921
-0.915333
-0.914807
-0.914502
-0.914809
-0.912107
-0.901744
-0.885829
-0.910883
-0.89729
-0.904526
-0.913023
-0.911903
-0.911569
-0.910937
-0.910085
-0.909511
-0.905563
-0.903752
-0.909401
-0.909583
-0.908955
-0.908227
-0.909309
-0.910273
-0.909831
-0.907287
-0.907346
-0.908116
-0.905701
-0.907351
-0.907467
-0.908309
-0.903884
-0.90594
-0.905165
-0.908294
-0.912944
-0.911912
-0.910073
-0.905188
-0.910794
-0.912205
-0.905618
-0.912444
-0.902447
-0.904402
-0.911772
-0.910948
-0.907397
-0.908051
-0.906308
-0.908508
-0.905986
-0.911558
-0.902932
-0.899673
-0.900812
-0.910351
-0.912036
-0.909513
-0.878051
-0.89873
-0.90475
-0.899999
-0.902527
-0.908346
-0.908864
-0.911533
-0.883503
-0.902132
-0.90463
-0.904624
-0.905789
-0.909285
-0.903988
-0.908023
-0.90567
-0.909652
-0.913759
-0.900637
-0.908026
-0.888717
-0.892169
-0.909752
-0.909463
-0.908197
-0.905547
-0.906799
-0.882297
-0.902547
-0.904147
-0.910534
-0.905812
-0.90546
-0.903835
-0.906839
-0.902198
-0.904365
-0.905741
-0.901331
-0.899114
-0.911488
-0.91265
-0.893738
-0.909012
-0.91295
-0.890232
-0.908768
-0.905646
-0.911526
-0.909623
-0.903489
-0.914351
-0.909064
-0.910944
-0.913697
-0.910758
-0.907387
-0.911867
-0.900894
-0.902625
-0.905917
-0.907816
-0.910479
-0.902514
-0.91048
-0.917269
-0.916644
-0.906865
-0.916102
-0.916179
-0.917196
-0.908362
-0.915769
-0.916207
-0.889944
-0.886684
-0.903106
-0.906674
-0.906096
-0.907267
-0.898261
-0.892648
-0.898794
-0.901738
-0.905004
-0.903928
-0.907772
-0.89424
-0.888643
-0.900009
-0.889767
-0.907865
-0.906009
-0.913746
-0.910901
-0.906308
-0.9104
-0.910187
-0.910302
-0.909027
-0.850564
-0.892864
-0.910927
-0.907836
-0.909689
-0.908441
-0.904655
-0.902749
-0.910303
-0.906359
-0.908477
-0.90966
-0.90115
-0.909116
-0.907733
-0.907829
-0.897036
-0.904121
-0.907116
-0.90725
-0.904671
-0.906702
-0.894685
-0.896184
-0.899916
-0.907592
-0.90799
-0.896597
-0.906066
-0.893656
-0.894982
-0.911022
-0.910935
-0.91118
-0.912717
-0.912957
-0.912508
-0.91339
-0.904321
-0.912688
-0.911534
-0.908969
-0.910713
-0.911455
-0.913293
-0.91104
-0.910076
-0.912606
-0.912435
-0.879276
-0.901402
-0.912774
-0.910888
-0.908065
-0.905886
-0.908708
-0.902218
-0.907322
-0.902685
-0.900076
-0.907178
-0.911582
-0.903367
-0.911394
-0.911173
-0.910648
-0.905641
-0.908663
-0.909426
-0.896649
-0.907265
-0.908986
-0.911125
-0.908965
-0.909525
-0.907917
-0.903179
-0.912487
-0.911408
-0.906683
-0.909932
-0.906105
-0.905897
-0.907252
-0.908188
-0.907503
-0.906605
-0.906522
-0.902048
-0.896489
-0.899435
-0.905069
-0.910795
-0.909582
-0.907546
-0.90688
-0.903105
-0.906212
-0.901825
-0.912506
-0.898324
-0.906524
-0.895943
-0.906257
-0.907423
-0.906827
-0.901162
-0.904383
-0.894924
-0.903932
-0.908323
-0.8317
-0.886823
-0.882356
-0.812824
-0.753678
-0.797755
-0.847305
-0.904205
-0.907656
-0.908675
-0.91084
-0.904374
-0.90533
-0.904069
-0.902368
-0.906491
-0.909713
-0.884205
-0.891224
-0.888262
-0.902132
-0.903281
-0.874633
-0.850075
-0.781386
-0.784181
-0.832036
-0.87763
-0.907
-0.911091
-0.90987
-0.909924
-0.907768
-0.90947
-0.906784
-0.909423
-0.908457
-0.906407
-0.90906
-0.802576
-0.886749
-0.886586
-0.901026
-0.903938
-0.891263
-0.891141
-0.893654
-0.893578
-0.87601
-0.809371
-0.782091
-0.761585
-0.812614
-0.856826
-0.903685
-0.908654
-0.908462
-0.907924
-0.908211
-0.906584
-0.907782
-0.908073
-0.9079
-0.902891
-0.906068
-0.908625
-0.907058
-0.904323
-0.906132
-0.90844
-0.905666
-0.906796
-0.907052
-0.905632
-0.907264
-0.907919
-0.907191
-0.905023
-0.905318
-0.905581
-0.906224
-0.906332
-0.907161
-0.902645
-0.906437
-0.905083
-0.906408
-0.901528
-0.903528
-0.904063
-0.900951
-0.905691
-0.903877
-0.90553
-0.905612
-0.908577
-0.905836
-0.904619
-0.906552
-0.906322
-0.907298
-0.908065
-0.903782
-0.902151
-0.904818
-0.907042
-0.908851
-0.903177
-0.908034
-0.904927
-0.908617
-0.906007
-0.906041
-0.905425
-0.905273
-0.902518
-0.905497
-0.906359
-0.905116
-0.90617
-0.906844
-0.906754
-0.906518
-0.904117
-0.904174
-0.907558
-0.906358
-0.90691
-0.90788
-0.906441
-0.906838
-0.907209
-0.906462
-0.902048
-0.904061
-0.905353
-0.906055
-0.904511
-0.906693
-0.903162
-0.901731
-0.893848
-0.907856
-0.908501
-0.904319
-0.903142
-0.90225
-0.902426
-0.906021
-0.896728
-0.892999
-0.896799
-0.903368
-0.903111
-0.892394
-0.904676
-0.904654
-0.86269
-0.882204
-0.808569
-0.788295
-0.767188
-0.812656
-0.835974
-0.85753
-0.906778
-0.913705
-0.910333
-0.908838
-0.904705
-0.903558
-0.906303
-0.908527
-0.907386
-0.809202
-0.896057
-0.896622
-0.888821
-0.906443
-0.906288
-0.87311
-0.881747
-0.908715
-0.91164
-0.910277
-0.909473
-0.911677
-0.910289
-0.911558
-0.911857
-0.911219
-0.910032
-0.912976
-0.911734
-0.912178
-0.913301
-0.912183
-0.912281
-0.90826
-0.912358
-0.912267
-0.911023
-0.911665
-0.911633
-0.911149
-0.912316
-0.911854
-0.913397
-0.910134
-0.912013
-0.91027
-0.912782
-0.9109
-0.910066
-0.911207
-0.910857
-0.910741
-0.908866
-0.907604
-0.909592
-0.911017
-0.910943
-0.912261
-0.909743
-0.912475
-0.913971
-0.909958
-0.909464
-0.910796
-0.909148
-0.910717
-0.910337
-0.911561
-0.910628
-0.909726
-0.909828
-0.813567
-0.879039
-0.904369
-0.903934
-0.903227
-0.904327
-0.90514
-0.906841
-0.906618
-0.905109
-0.906343
-0.899227
-0.905408
-0.901215
-0.906135
-0.903889
-0.900733
-0.90394
-0.904103
-0.894044
-0.888561
-0.900797
-0.900305
-0.903467
-0.862202
-0.832768
-0.780952
-0.774433
-0.736968
-0.800685
-0.849002
-0.896925
-0.909454
-0.912027
-0.910254
-0.910607
-0.909625
-0.910125
-0.909528
-0.908604
-0.907159
-0.908382
-0.907509
-0.902965
-0.909355
-0.90631
-0.876802
-0.892384
-0.90505
-0.907233
-0.907982
-0.905489
-0.892226
-0.895898
-0.898981
-0.903564
-0.898689
-0.903958
-0.904776
-0.904252
-0.86493
-0.871091
-0.852437
-0.721239
-0.752094
-0.815622
-0.841952
-0.846796
-0.897711
-0.908759
-0.907521
-0.908184
-0.908315
-0.907005
-0.904787
-0.907575
-0.906487
-0.906464
-0.905924
-0.905985
-0.908414
-0.907992
-0.906731
-0.907554
-0.908367
-0.908472
-0.903448
-0.907406
-0.908586
-0.902404
-0.906487
-0.904432
-0.904064
-0.906465
-0.907318
-0.908813
-0.906686
-0.905473
-0.90258
-0.905322
-0.905953
-0.903411
-0.90421
-0.856997
-0.843578
-0.898462
-0.865822
-0.772396
-0.759501
-0.796859
-0.833053
-0.795041
-0.888037
-0.905408
-0.906534
-0.905734
-0.906499
-0.9093
-0.908327
-0.910705
-0.908265
-0.909827
-0.910151
-0.907708
-0.906637
-0.90732
-0.907978
-0.908848
-0.903379
-0.862662
-0.894432
-0.910586
-0.866444
-0.792242
-0.778782
-0.828126
-0.824853
-0.892625
-0.906046
-0.909815
-0.908494
-0.9044
-0.903881
-0.905076
-0.90733
-0.906992
-0.908539
-0.907723
-0.906899
-0.90657
-0.906569
-0.905018
-0.907708
-0.908877
-0.908958
-0.907533
-0.90519
-0.907636
-0.906627
-0.907552
-0.907358
-0.908172
-0.906464
-0.907597
-0.906188
-0.909381
-0.90843
-0.908229
-0.909172
-0.907367
-0.908187
-0.905334
-0.907354
-0.905626
-0.908215
-0.908909
-0.909145
-0.90726
-0.909044
-0.907071
-0.907928
-0.907638
-0.903273
-0.90352
-0.902182
-0.904054
-0.831681
-0.894934
-0.902387
-0.901977
-0.901964
-0.877916
-0.89027
-0.864244
-0.771376
-0.764044
-0.815064
-0.815569
-0.902204
-0.911017
-0.906878
-0.908778
-0.908031
-0.907672
-0.908737
-0.907895
-0.906081
-0.906879
-0.908354
-0.907172
-0.906986
-0.905346
-0.905045
-0.90852
-0.883147
-0.877257
-0.898973
-0.871694
-0.816638
-0.785736
-0.838228
-0.819801
-0.902633
-0.911494
-0.910138
-0.909043
-0.909091
-0.908
-0.907669
-0.909883
-0.907634
-0.909699
-0.908216
-0.907551
-0.908622
-0.905612
-0.907931
-0.909546
-0.908256
-0.908869
-0.908651
-0.909147
-0.908358
-0.907777
-0.908492
-0.908639
-0.909117
-0.90734
-0.907629
-0.90744
-0.908918
-0.909048
-0.909879
-0.90919
-0.909063
-0.909361
-0.908259
-0.909825
-0.908833
-0.908061
-0.907475
-0.908329
-0.909221
-0.909033
-0.910017
-0.906098
-0.907838
-0.909399
-0.907946
-0.907834
-0.909222
-0.908828
-0.909255
-0.909365
-0.910171
-0.908178
-0.909388
-0.910055
-0.911293
-0.908791
-0.907782
-0.911382
-0.908616
-0.910511
-0.908841
-0.909481
-0.909051
-0.908191
-0.909571
-0.90858
-0.909554
-0.907537
-0.907318
-0.906243
-0.907665
-0.909838
-0.909294
-0.908881
-0.908267
-0.908447
-0.909459
-0.906041
-0.907121
-0.909939
-0.909774
-0.906558
-0.909227
-0.908092
-0.905838
-0.906601
-0.909754
-0.909004
-0.909984
-0.907104
-0.907654
-0.906307
-0.909532
-0.908688
-0.909251
-0.909895
-0.909069
-0.910643
-0.909499
-0.908378
-0.908049
-0.908512
-0.907618
-0.907992
-0.907301
-0.90822
-0.909957
-0.90785
-0.905794
-0.907818
-0.908807
-0.906789
-0.911306
-0.910484
-0.909105
-0.906998
-0.908707
-0.908421
-0.909813
-0.909731
-0.907837
-0.909338
-0.907672
-0.907511
-0.906654
-0.907998
-0.906024
-0.906533
-0.907042
-0.905232
-0.906321
-0.907626
-0.906323
-0.903403
-0.906162
-0.904368
-0.899052
-0.907264
-0.856293
-0.900262
-0.897055
-0.900712
-0.905817
-0.902631
-0.879306
-0.896525
-0.90628
-0.877632
-0.840486
-0.784877
-0.791006
-0.806811
-0.790743
-0.883377
-0.908865
-0.905589
-0.907166
-0.907778
-0.904761
-0.905955
-0.904259
-0.905697
-0.907861
-0.90638
-0.907812
-0.90844
-0.908271
-0.905976
-0.906549
-0.90756
-0.904862
-0.904334
-0.905947
-0.904716
-0.903776
-0.904596
-0.905809
-0.904196
-0.90335
-0.907549
-0.906795
-0.899319
-0.901248
-0.90148
-0.905009
-0.903846
-0.903002
-0.905107
-0.904268
-0.905459
-0.905891
-0.906447
-0.904968
-0.904232
-0.906197
-0.90472
-0.903228
-0.902889
-0.902107
-0.900823
-0.905802
-0.904766
-0.903211
-0.902961
-0.902627
-0.904692
-0.906572
-0.905477
-0.903294
-0.899983
-0.902806
-0.906057
-0.905907
-0.904247
-0.901845
-0.876994
-0.90073
-0.888759
-0.896149
-0.89641
-0.89704
-0.90049
-0.899777
-0.905026
-0.906504
-0.900409
-0.887104
-0.901785
-0.905066
-0.865009
-0.779893
-0.784927
-0.851757
-0.799811
-0.84769
-0.90625
-0.906288
-0.907544
-0.906628
-0.907499
-0.906623
-0.90799
-0.905212
-0.906193
-0.903802
-0.907489
-0.906254
-0.907404
-0.906349
-0.905751
-0.906059
-0.904036
-0.906661
-0.904129
-0.905932
-0.902634
-0.906468
-0.904155
-0.905467
-0.907178
-0.904755
-0.904239
-0.906755
-0.908068
-0.907532
-0.906974
-0.90571
-0.906612
-0.905451
-0.903165
-0.860195
-0.88594
-0.876013
-0.888551
-0.851311
-0.772692
-0.776459
-0.796089
-0.845377
-0.892103
-0.906371
-0.906263
-0.906676
-0.906297
-0.907617
-0.907487
-0.904272
-0.905613
-0.90708
-0.904405
-0.906024
-0.90225
-0.904013
-0.907287
-0.901971
-0.89754
-0.90052
-0.90118
-0.903382
-0.90574
-0.904435
-0.901532
-0.901147
-0.903691
-0.903962
-0.900028
-0.872633
-0.892506
-0.900194
-0.904335
-0.905241
-0.906008
-0.903877
-0.879119
-0.890802
-0.898349
-0.901347
-0.702615
-0.853523
-0.88914
-0.861377
-0.796127
-0.790278
-0.76965
-0.822311
-0.837379
-0.90342
-0.907346
-0.906431
-0.906182
-0.905996
-0.905605
-0.905689
-0.904784
-0.904537
-0.90465
-0.903642
-0.904768
-0.904516
-0.904245
-0.900084
-0.905494
-0.90275
-0.90331
-0.899932
-0.903765
-0.901521
-0.900905
-0.9049
-0.904565
-0.902245
-0.903541
-0.905621
-0.902653
-0.902427
-0.902819
-0.907953
-0.905585
-0.905267
-0.901013
-0.906118
-0.904474
-0.902275
-0.90676
-0.903558
-0.903972
-0.904401
-0.903502
-0.907134
-0.900845
-0.906126
-0.905642
-0.906128
-0.905287
-0.901326
-0.905297
-0.903744
-0.905784
-0.905378
-0.904592
-0.905352
-0.903259
-0.905223
-0.902979
-0.905334
-0.903297
-0.901632
-0.903538
-0.90012
-0.904839
-0.904193
-0.906619
-0.90741
-0.901882
-0.906294
-0.90354
-0.905998
-0.904223
-0.900436
-0.900288
-0.901531
-0.899093
-0.902478
-0.853074
-0.898872
-0.902819
-0.902716
-0.902021
-0.901224
-0.900026
-0.901431
-0.902348
-0.902808
-0.886093
-0.885703
-0.879434
-0.888518
-0.897419
-0.892824
-0.902549
-0.90324
-0.905037
-0.900815
-0.880072
-0.89166
-0.896129
-0.904852
-0.90449
-0.905959
-0.852262
-0.845043
-0.773808
-0.783296
-0.810213
-0.778721
-0.853213
-0.892762
-0.902466
-0.897199
-0.901927
-0.902941
-0.906732
-0.908323
-0.904501
-0.906068
-0.904004
-0.902953
-0.90126
-0.902461
-0.86368
-0.889563
-0.861173
-0.818212
-0.780096
-0.870824
-0.897053
-0.907954
-0.909956
-0.907089
-0.906853
-0.907995
-0.904519
-0.907999
-0.904113
-0.904411
-0.906624
-0.904794
-0.90462
-0.905543
-0.901425
-0.903533
-0.904444
-0.904512
-0.904622
-0.905135
-0.904861
-0.903365
-0.904541
-0.904404
-0.901995
-0.904979
-0.903338
-0.904765
-0.905109
-0.904595
-0.90262
-0.901154
-0.902785
-0.903526
-0.906878
-0.908594
-0.905457
-0.904821
-0.907136
-0.903607
-0.904548
-0.90448
-0.905211
-0.905685
-0.905344
-0.904196
-0.904196
-0.904591
-0.906382
-0.906081
-0.905478
-0.90415
-0.905528
-0.903611
-0.905711
-0.904185
-0.905624
-0.905276
-0.905137
-0.901005
-0.90252
-0.904081
-0.905714
-0.906577
-0.906126
-0.902772
-0.907963
-0.906635
-0.905997
-0.905679
-0.901054
-0.903597
-0.903026
-0.901503
-0.903602
-0.907512
-0.904615
-0.905117
-0.90526
-0.90484
-0.907089
-0.904873
-0.906242
-0.902683
-0.906607
-0.905793
-0.906136
-0.902668
-0.906875
-0.904434
-0.903268
-0.906357
-0.90717
-0.903637
-0.90519
-0.906028
-0.907771
-0.903078
-0.906078
-0.904432
-0.903381
-0.905459
-0.904807
-0.900946
-0.90274
-0.900893
-0.90565
-0.906856
-0.902699
-0.906529
-0.905461
-0.904613
-0.90467
-0.902381
-0.903486
-0.906016
-0.906126
-0.903246
-0.905734
-0.904344
-0.905365
-0.904734
-0.904468
-0.903924
-0.903621
-0.902033
-0.907126
-0.906089
-0.905686
-0.907706
-0.905496
-0.905495
-0.906215
-0.905319
-0.904135
-0.904106
-0.906493
-0.904929
-0.905605
-0.903871
-0.904976
-0.904278
-0.903876
-0.903218
-0.902776
-0.904887
-0.904976
-0.908926
-0.908341
-0.905633
-0.905054
-0.906637
-0.90732
-0.905035
-0.906153
-0.902586
-0.903284
-0.907086
-0.905448
-0.905201
-0.906988
-0.906343
-0.903079
-0.906137
-0.904666
-0.901735
-0.906477
-0.904765
-0.90638
-0.905192
-0.90398
-0.905948
-0.905093
-0.904316
-0.90424
-0.905169
-0.902749
-0.902638
-0.905207
-0.906616
-0.905267
-0.906585
-0.904251
-0.906314
-0.90308
-0.905539
-0.906061
-0.903918
-0.902013
-0.901746
-0.868741
-0.898751
-0.904342
-0.893893
-0.907741
-0.902092
-0.878533
-0.900203
-0.904299
-0.87386
-0.850054
-0.799518
-0.790921
-0.826576
-0.817668
-0.85781
-0.903724
-0.905554
-0.902767
-0.903683
-0.904868
-0.905784
-0.90567
-0.903602
-0.900904
-0.901828
-0.90529
-0.862087
-0.894639
-0.901643
-0.897401
-0.903609
-0.902986
-0.907364
-0.905065
-0.898789
-0.906714
-0.884273
-0.891009
-0.895348
-0.903175
-0.904439
-0.902053
-0.86815
-0.806741
-0.764886
-0.771058
-0.829139
-0.72994
-0.865157
-0.902908
-0.90626
-0.906597
-0.910053
-0.903202
-0.907462
-0.908116
-0.906711
-0.905749
-0.904344
-0.906419
-0.907771
-0.905759
-0.90374
-0.903178
-0.906235
-0.907529
-0.903835
-0.904408
-0.905312
-0.906492
-0.906463
-0.906514
-0.905241
-0.90557
-0.906089
-0.905416
-0.903653
-0.904067
-0.904986
-0.906205
-0.90401
-0.905049
-0.908089
-0.90735
-0.904709
-0.90552
-0.902824
-0.906218
-0.905962
-0.907861
-0.906355
-0.906204
-0.906339
-0.907212
-0.904312
-0.905203
-0.905632
-0.904651
-0.90409
-0.905621
-0.905138
-0.904488
-0.904011
-0.90478
-0.903411
-0.906336
-0.888857
-0.884777
-0.900023
-0.894165
-0.903933
-0.900933
-0.903267
-0.906433
-0.900352
-0.902624
-0.865031
-0.898386
-0.897053
-0.894418
-0.856682
-0.788414
-0.805327
-0.782871
-0.766729
-0.87076
-0.904051
-0.909712
-0.908359
-0.907154
-0.908106
-0.906916
-0.906568
-0.907336
-0.907199
-0.907419
-0.908244
-0.904712
-0.90878
-0.906257
-0.907122
-0.906733
-0.904489
-0.904481
-0.904502
-0.905435
-0.9059
-0.90486
-0.905662
-0.904733
-0.906012
-0.907559
-0.90659
-0.906078
-0.906094
-0.905844
-0.90583
-0.906514
-0.908373
-0.905488
-0.904944
-0.907925
-0.907813
-0.904217
-0.90859
-0.905938
-0.906072
-0.905349
-0.905861
-0.906108
-0.90587
-0.905779
-0.897596
-0.900454
-0.906747
-0.908634
-0.906278
-0.9042
-0.903961
-0.905518
-0.903175
-0.906133
-0.906412
-0.909172
-0.908752
-0.90713
-0.907012
-0.906498
-0.904181
-0.906494
-0.903642
-0.873996
-0.814761
-0.885539
-0.873984
-0.893584
-0.889331
-0.893488
-0.901084
-0.900981
-0.902871
-0.894399
-0.902352
-0.904258
-0.903311
-0.899226
-0.904853
-0.900851
-0.90008
-0.900684
-0.899557
-0.901167
-0.90039
