-0.887612
-0.881555
-0.902064
-0.899431
-0.851966
-0.887914
-0.887805
-0.875955
-0.904366
-0.896499
-0.89659
-0.911439
-0.916401
-0.901341
-0.872504
-0.893382
-0.908244
-0.905664
-0.914486
-0.901335
-0.914724
-0.887146
-0.860693
-0.888476
-0.890019
-0.890173
-0.901823
-0.884935
-0.896175
-0.909495
-0.900624
-0.906323
-0.903522
-0.888997
-0.903165
-0.886165
-0.872983
-0.900786
-0.90694
-0.901146
-0.879859
-0.877926
-0.911809
-0.914286
-0.917185
-0.867668
-0.899048
-0.89582
-0.911339
-0.910344
-0.919988
-0.926752
-0.929238
-0.928737
-0.928891
-0.929342
-0.897587
-0.897582
-0.869323
-0.869969
-0.848216
-0.898
-0.892534
-0.883355
-0.885026
-0.908976
-0.889887
-0.910582
-0.91527
-0.919659
-0.923638
-0.929579
-0.912334
-0.89508
-0.85915
-0.862119
-0.891964
-0.896595
-0.909397
-0.927722
-0.904024
-0.906134
-0.915417
-0.903559
-0.890449
-0.918746
-0.918194
-0.901832
-0.9208
-0.929295
-0.928032
-0.926925
-0.927446
-0.923015
-0.920332
-0.916918
-0.917346
-0.915657
-0.89231
-0.8771
-0.891967
-0.89059
-0.906107
-0.900013
-0.90608
-0.914096
-0.918219
-0.923509
-0.922065
-0.922639
-0.923782
-0.922036
-0.911745
-0.882423
-0.913325
-0.923724
-0.929904
-0.932579
-0.926907
-0.924192
-0.927376
-0.930189
-0.927996
-0.913413
-0.884868
-0.907786
-0.903389
-0.897903
-0.871979
-0.904669
-0.911877
-0.914938
-0.899171
-0.903893
-0.915125
-0.903294
-0.915218
-0.916279
-0.919662
-0.905713
-0.912793
-0.89918
-0.915553
-0.924947
-0.928391
-0.926279
-0.902839
-0.919732
-0.923763
-0.923118
-0.92963
-0.925338
-0.91812
-0.927346
-0.925067
-0.932697
-0.93487
-0.933785
-0.933046
-0.932481
-0.930179
-0.929582
-0.915499
-0.86908
-0.882805
-0.891915
-0.897852
-0.897602
-0.908224
-0.931754
-0.891385
-0.909414
-0.906676
-0.924073
-0.925925
-0.929015
-0.929173
-0.928535
-0.928206
-0.928192
-0.927476
-0.927472
-0.873824
-0.907221
-0.907886
-0.917437
-0.926679
-0.921379
-0.932591
-0.932598
-0.931672
-0.934039
-0.932895
-0.928683
-0.928275
-0.919959
-0.918145
-0.897147
-0.898749
-0.895178
-0.889411
-0.916499
-0.928796
-0.929992
-0.930105
-0.930722
-0.902851
-0.91986
-0.926171
-0.926216
-0.924623
-0.913516
-0.924506
-0.930608
-0.930834
-0.929653
-0.929103
-0.898646
-0.929297
-0.919563
-0.92763
-0.929815
-0.930662
-0.930063
-0.934083
-0.93115
-0.926092
-0.925896
-0.923683
-0.923151
-0.922944
-0.923242
-0.924135
-0.909991
-0.922506
-0.923901
-0.911954
-0.925767
-0.927349
-0.916471
-0.919083
-0.927198
-0.931096
-0.898736
-0.916547
-0.925601
-0.928505
-0.93103
-0.932875
-0.933374
-0.933928
-0.932436
-0.932005
-0.92852
-0.929958
-0.929068
-0.928804
-0.927537
-0.925946
-0.925823
-0.926622
-0.925963
-0.924535
-0.925316
-0.893766
-0.899023
-0.914855
-0.924976
-0.926522
-0.927148
-0.922087
-0.927186
-0.930412
-0.933718
-0.933476
-0.932674
-0.933315
-0.930634
-0.929228
-0.926794
-0.924339
-0.930839
-0.920929
-0.924028
-0.92079
-0.924297
-0.925512
-0.918944
-0.917294
-0.915576
-0.91714
-0.91583
-0.914302
-0.915493
-0.915318
-0.912731
-0.913168
-0.919459
-0.932456
-0.934015
-0.931058
-0.931344
-0.933529
-0.929893
-0.923057
-0.92627
-0.923843
-0.919141
-0.920743
-0.918048
-0.920406
-0.922744
-0.924333
-0.92287
-0.924827
-0.92582
-0.925163
-0.924122
-0.923132
-0.925005
-0.927016
-0.92705
-0.926107
-0.927718
-0.92768
-0.928028
-0.902002
-0.906354
-0.915087
-0.908131
-0.91142
-0.905837
-0.917151
-0.920286
-0.91972
-0.907259
-0.917883
-0.894628
-0.919496
-0.923033
-0.921589
-0.899943
-0.91791
-0.92512
-0.915779
-0.922325
-0.921805
-0.917476
-0.906366
-0.908514
-0.916335
-0.924137
-0.882819
-0.905173
-0.902031
-0.920316
-0.925542
-0.92483
-0.897318
-0.908022
-0.912968
-0.899468
-0.897542
-0.895929
-0.908721
-0.876162
-0.926336
-0.91787
-0.871254
-0.896721
-0.914029
-0.922793
-0.926172
-0.931206
-0.899644
-0.917866
-0.900796
-0.916014
-0.908628
-0.92176
-0.90295
-0.911978
-0.882344
-0.923761
-0.92168
-0.910297
-0.911735
-0.910619
-0.892824
-0.889733
-0.894607
-0.894336
-0.868296
-0.892615
-0.886749
-0.915323
-0.914496
-0.91441
-0.930731
-0.875791
-0.893718
-0.913912
-0.915754
-0.907035
-0.926553
-0.925841
-0.927671
-0.93043
-0.928148
-0.929024
-0.930241
-0.860679
-0.891228
-0.881857
-0.894521
-0.888814
-0.898894
-0.908688
-0.911454
-0.914673
-0.904266
-0.909992
-0.918088
-0.920385
-0.927886
-0.929474
-0.929357
-0.927704
-0.926921
-0.887128
-0.922244
-0.924883
-0.923813
-0.929865
-0.926773
-0.929516
-0.922719
-0.924655
-0.930963
-0.926736
-0.90603
-0.910309
-0.918069
-0.886062
-0.907339
-0.905352
-0.892461
-0.850232
-0.892019
-0.903047
-0.893227
-0.896693
-0.898929
-0.893394
-0.868469
-0.915771
-0.913287
-0.890351
-0.926129
-0.924608
-0.913247
-0.918917
-0.914434
-0.925078
-0.927211
-0.90503
-0.925333
-0.928104
-0.927522
-0.928212
-0.925999
-0.926384
-0.876754
-0.858059
-0.916895
-0.927146
-0.930771
-0.92946
-0.930191
-0.903259
-0.889723
-0.920876
-0.920871
-0.924484
-0.92639
-0.926992
-0.924139
-0.921566
-0.922412
-0.923329
-0.922268
-0.920244
-0.920167
-0.912463
-0.9173
-0.917452
-0.909405
-0.867539
-0.908027
-0.909337
-0.879544
-0.884065
-0.89505
-0.870958
-0.833922
-0.871487
-0.885363
-0.885605
-0.880574
-0.884199
-0.909176
-0.86894
-0.859639
-0.855957
-0.863637
-0.868737
-0.863105
-0.824653
-0.880883
-0.817731
-0.878175
-0.877555
-0.850823
-0.881153
-0.879203
-0.898157
-0.879705
-0.879736
-0.860955
-0.817918
-0.838182
-0.85318
-0.851907
-0.8408
-0.866973
-0.867177
-0.837857
-0.90486
-0.912968
-0.855619
-0.889012
-0.919303
-0.918781
-0.917451
-0.913946
-0.923167
-0.910679
-0.898821
-0.896896
-0.913625
-0.913311
-0.908038
-0.903112
-0.91528
-0.923665
-0.917922
-0.911422
-0.911322
-0.865524
-0.87877
-0.894018
-0.896748
-0.894012
-0.885803
-0.896267
-0.901098
-0.897935
-0.900545
-0.888082
-0.902674
-0.855716
-0.862192
-0.882791
-0.889182
-0.859893
-0.854869
-0.858205
-0.906884
-0.915392
-0.913074
-0.879444
-0.904791
-0.85252
-0.914403
-0.923332
-0.913553
-0.923469
-0.922538
-0.924095
-0.923153
-0.924573
-0.925476
-0.925847
-0.92598
-0.912521
-0.870586
-0.911449
-0.917716
-0.920173
-0.921701
-0.921071
-0.925357
-0.929191
-0.928311
-0.928727
-0.926371
-0.908654
-0.913567
-0.924943
-0.924957
-0.924847
-0.922444
-0.927691
-0.928593
-0.925988
-0.926541
-0.928473
-0.921573
-0.923869
-0.925854
-0.920532
-0.916264
-0.923252
-0.927494
-0.92331
-0.921562
-0.921416
-0.922827
-0.927175
-0.922036
-0.924046
-0.928248
-0.927392
-0.92527
-0.92748
-0.927456
-0.928551
-0.926649
-0.921008
-0.919871
-0.920088
-0.921529
-0.91847
-0.917348
-0.919858
-0.917869
-0.916562
-0.916228
-0.915813
-0.874728
-0.918386
-0.909999
-0.917586
-0.91455
-0.914405
-0.917299
-0.911171
-0.908873
-0.902457
-0.891413
-0.895003
-0.907906
-0.906216
-0.905763
-0.907031
-0.902367
-0.903177
-0.904326
-0.908339
-0.911273
-0.910262
-0.908861
-0.909633
-0.9065
-0.90759
-0.904803
-0.910907
-0.916861
-0.919106
-0.92007
-0.920548
-0.922391
-0.917839
-0.924305
-0.924673
-0.917431
-0.925954
-0.913453
-0.916604
-0.920832
-0.914277
-0.908445
-0.909303
-0.911284
-0.913024
-0.908844
-0.908984
-0.898437
-0.909679
-0.907296
-0.91652
-0.920647
-0.918973
-0.848213
-0.866253
-0.879808
-0.875516
-0.875835
-0.913266
-0.923062
-0.916567
-0.864196
-0.896878
-0.88787
-0.881669
-0.899851
-0.915267
-0.910607
-0.915551
-0.916059
-0.920195
-0.921387
-0.909776
-0.918105
-0.89
-0.887202
-0.908256
-0.910144
-0.907692
-0.901594
-0.909534
-0.88783
-0.899596
-0.876025
-0.853832
-0.881422
-0.906542
-0.899912
-0.913073
-0.898279
-0.856654
-0.84027
-0.893408
-0.9039
-0.910903
-0.912641
-0.902302
-0.918483
-0.920809
-0.887376
-0.914784
-0.917569
-0.920725
-0.914693
-0.913606
-0.91911
-0.916543
-0.905447
-0.910309
-0.914232
-0.912248
-0.912977
-0.910288
-0.913309
-0.91291
-0.912422
-0.913993
-0.908549
-0.917548
-0.917301
-0.915593
-0.908426
-0.920476
-0.921144
-0.920105
-0.906947
-0.900725
-0.897749
-0.858157
-0.848654
-0.897757
-0.898888
-0.898154
-0.893043
-0.883722
-0.875008
-0.900503
-0.904176
-0.907961
-0.901854
-0.9097
-0.890395
-0.843201
-0.891051
-0.878826
-0.911895
-0.914191
-0.917127
-0.91497
-0.91347
-0.914661
-0.915244
-0.912823
-0.91205
-0.859303
-0.892892
-0.922111
-0.917928
-0.915391
-0.912586
-0.915809
-0.912794
-0.915551
-0.915515
-0.915082
-0.916968
-0.912221
-0.912958
-0.915007
-0.914175
-0.910173
-0.899864
-0.899831
-0.898032
-0.892997
-0.909046
-0.869273
-0.904313
-0.90468
-0.909733
-0.918989
-0.907209
-0.906236
-0.875898
-0.887386
-0.906218
-0.908461
-0.914729
-0.915242
-0.917467
-0.917199
-0.915325
-0.915143
-0.921715
-0.922412
-0.918901
-0.918985
-0.921995
-0.920069
-0.92049
-0.919369
-0.920996
-0.920762
-0.886785
-0.905221
-0.918536
-0.916581
-0.910214
-0.909682
-0.912301
-0.911582
-0.91436
-0.912813
-0.90921
-0.906329
-0.914149
-0.910398
-0.916062
-0.916738
-0.915332
-0.913863
-0.915704
-0.916294
-0.905819
-0.912427
-0.915199
-0.916219
-0.915515
-0.912689
-0.912413
-0.915063
-0.91486
-0.913143
-0.909885
-0.912653
-0.910013
-0.908084
-0.910443
-0.898575
-0.892126
-0.887799
-0.878134
-0.85469
-0.881152
-0.900519
-0.901758
-0.90297
-0.899941
-0.90328
-0.902299
-0.891758
-0.896835
-0.892004
-0.910873
-0.897421
-0.906632
-0.883547
-0.887543
-0.878437
-0.869351
-0.887374
-0.892448
-0.8799
-0.900727
-0.900442
-0.820187
-0.845204
-0.844867
-0.740792
-0.694168
-0.691964
-0.830286
-0.905711
-0.90747
-0.905672
-0.903711
-0.906702
-0.903593
-0.899146
-0.908634
-0.906692
-0.90664
-0.882111
-0.791544
-0.809981
-0.830364
-0.847504
-0.82433
-0.763019
-0.67592
-0.700853
-0.767019
-0.864451
-0.906735
-0.901837
-0.902978
-0.904141
-0.905216
-0.903194
-0.905521
-0.909184
-0.905091
-0.900288
-0.902335
-0.814568
-0.756829
-0.80168
-0.85405
-0.869417
-0.855272
-0.821257
-0.810172
-0.804538
-0.827108
-0.710667
-0.691435
-0.709327
-0.669949
-0.845237
-0.906834
-0.908599
-0.909536
-0.907943
-0.911674
-0.908953
-0.910563
-0.910279
-0.907973
-0.904211
-0.908177
-0.908499
-0.909303
-0.905081
-0.906182
-0.90778
-0.90797
-0.905395
-0.906415
-0.906875
-0.908895
-0.910734
-0.909086
-0.907714
-0.905295
-0.906426
-0.907651
-0.908844
-0.908463
-0.908939
-0.910921
-0.908908
-0.90912
-0.907587
-0.910901
-0.907796
-0.908213
-0.910817
-0.911869
-0.910323
-0.908099
-0.912141
-0.911764
-0.910754
-0.911311
-0.910391
-0.91148
-0.910957
-0.908226
-0.907781
-0.907839
-0.910769
-0.911319
-0.908047
-0.910449
-0.909977
-0.909599
-0.90759
-0.907713
-0.907825
-0.906833
-0.908479
-0.908817
-0.908333
-0.909304
-0.908522
-0.909642
-0.909157
-0.910063
-0.908059
-0.909202
-0.910168
-0.911564
-0.9126
-0.911078
-0.909925
-0.910813
-0.911192
-0.910159
-0.909407
-0.913547
-0.911887
-0.906574
-0.903018
-0.906301
-0.904412
-0.911314
-0.902918
-0.90674
-0.904835
-0.908646
-0.902207
-0.900073
-0.893892
-0.892559
-0.881667
-0.832511
-0.867144
-0.85373
-0.860123
-0.842032
-0.873823
-0.881759
-0.758115
-0.825789
-0.739751
-0.665864
-0.668967
-0.714048
-0.711445
-0.830109
-0.896939
-0.905074
-0.903946
-0.904465
-0.910152
-0.910008
-0.913446
-0.916384
-0.911765
-0.811362
-0.780551
-0.787826
-0.862356
-0.886617
-0.887436
-0.820698
-0.849159
-0.886493
-0.885638
-0.882062
-0.884253
-0.882642
-0.881194
-0.883206
-0.881389
-0.879983
-0.878798
-0.878914
-0.877409
-0.878797
-0.877728
-0.877477
-0.877288
-0.873907
-0.876653
-0.877707
-0.876533
-0.876096
-0.874011
-0.874884
-0.87567
-0.876201
-0.875649
-0.875988
-0.877442
-0.876988
-0.878369
-0.877403
-0.879196
-0.875942
-0.87717
-0.87563
-0.876588
-0.876696
-0.87581
-0.876963
-0.876032
-0.878792
-0.876959
-0.878623
-0.878896
-0.877554
-0.878421
-0.878202
-0.877962
-0.877179
-0.876811
-0.876424
-0.876562
-0.873504
-0.878792
-0.787358
-0.87359
-0.907783
-0.896642
-0.900027
-0.905335
-0.90671
-0.906201
-0.904905
-0.901083
-0.903489
-0.899067
-0.909141
-0.904068
-0.908029
-0.903148
-0.892245
-0.89449
-0.893296
-0.874788
-0.814951
-0.868736
-0.887166
-0.882938
-0.827376
-0.776865
-0.671397
-0.681821
-0.615501
-0.647052
-0.732722
-0.872831
-0.885439
-0.884768
-0.886136
-0.887142
-0.885883
-0.888462
-0.889229
-0.887545
-0.887549
-0.889392
-0.899186
-0.893159
-0.902827
-0.901941
-0.79205
-0.798395
-0.841917
-0.856114
-0.860996
-0.864911
-0.82596
-0.79998
-0.819415
-0.852734
-0.876388
-0.869018
-0.870682
-0.872749
-0.829516
-0.792899
-0.83028
-0.635443
-0.654267
-0.580588
-0.57411
-0.733715
-0.858758
-0.871457
-0.875565
-0.87372
-0.872453
-0.873977
-0.874694
-0.877236
-0.877912
-0.881437
-0.879481
-0.879549
-0.885209
-0.888616
-0.888299
-0.888024
-0.88933
-0.891031
-0.880177
-0.882706
-0.888577
-0.887472
-0.891357
-0.890161
-0.887989
-0.890006
-0.88972
-0.88916
-0.883742
-0.889213
-0.895163
-0.89003
-0.883599
-0.88553
-0.89585
-0.778911
-0.689713
-0.800758
-0.772774
-0.667519
-0.67953
-0.599954
-0.520787
-0.640249
-0.877
-0.904646
-0.905447
-0.909219
-0.908466
-0.914985
-0.905575
-0.907961
-0.911772
-0.91129
-0.909937
-0.909374
-0.91212
-0.909071
-0.909915
-0.910914
-0.903859
-0.818599
-0.900234
-0.908864
-0.821693
-0.706794
-0.642174
-0.620317
-0.758218
-0.881101
-0.902586
-0.909743
-0.910684
-0.900351
-0.905248
-0.908668
-0.908244
-0.907499
-0.903939
-0.904226
-0.903557
-0.905088
-0.904252
-0.904372
-0.905206
-0.907424
-0.904949
-0.903402
-0.899301
-0.904138
-0.904593
-0.903857
-0.90364
-0.899256
-0.901298
-0.903424
-0.900702
-0.902737
-0.90098
-0.904313
-0.902214
-0.901344
-0.898503
-0.897013
-0.900311
-0.900574
-0.900867
-0.900644
-0.898512
-0.900662
-0.903597
-0.900474
-0.904751
-0.902406
-0.905201
-0.905225
-0.898914
-0.903881
-0.835836
-0.846886
-0.868177
-0.867899
-0.85005
-0.798559
-0.836782
-0.805332
-0.673601
-0.660296
-0.629118
-0.754174
-0.902657
-0.911993
-0.912708
-0.915638
-0.917724
-0.91617
-0.917435
-0.912942
-0.914482
-0.91353
-0.915102
-0.915452
-0.915188
-0.910824
-0.910873
-0.913011
-0.883546
-0.782528
-0.842499
-0.794169
-0.700263
-0.589453
-0.5725
-0.749273
-0.898273
-0.899326
-0.900683
-0.902549
-0.903871
-0.903786
-0.902069
-0.905793
-0.904223
-0.906053
-0.905279
-0.904283
-0.903648
-0.901606
-0.901921
-0.90283
-0.901609
-0.903358
-0.902539
-0.901365
-0.898956
-0.899587
-0.899361
-0.901249
-0.900147
-0.899952
-0.899238
-0.902039
-0.901376
-0.897835
-0.897416
-0.898955
-0.900336
-0.901504
-0.900805
-0.903455
-0.900789
-0.902186
-0.901392
-0.903844
-0.904617
-0.903319
-0.905043
-0.903882
-0.90378
-0.903687
-0.903179
-0.902415
-0.902413
-0.903337
-0.90334
-0.904583
-0.905553
-0.904028
-0.90418
-0.903479
-0.903595
-0.902869
-0.907363
-0.907154
-0.906731
-0.907373
-0.907549
-0.905584
-0.906633
-0.904539
-0.90732
-0.905541
-0.906986
-0.903528
-0.902506
-0.901269
-0.902271
-0.904436
-0.906411
-0.905992
-0.906531
-0.905525
-0.907158
-0.907361
-0.907148
-0.908416
-0.907982
-0.905465
-0.907933
-0.905841
-0.904054
-0.905133
-0.906593
-0.905017
-0.904317
-0.90115
-0.90693
-0.906561
-0.905484
-0.907177
-0.906542
-0.906873
-0.90645
-0.905282
-0.907355
-0.905065
-0.90488
-0.903554
-0.903896
-0.903523
-0.902067
-0.900119
-0.901708
-0.90204
-0.901556
-0.903186
-0.900796
-0.898851
-0.900369
-0.89932
-0.899781
-0.898713
-0.902015
-0.903935
-0.900808
-0.899672
-0.901362
-0.905017
-0.909748
-0.909922
-0.909375
-0.913063
-0.913317
-0.912348
-0.91334
-0.909182
-0.914019
-0.912451
-0.91796
-0.914235
-0.915188
-0.909674
-0.907857
-0.911875
-0.840292
-0.849969
-0.854891
-0.867136
-0.869033
-0.874225
-0.828216
-0.780036
-0.801695
-0.804042
-0.712959
-0.701798
-0.662637
-0.591929
-0.592449
-0.826197
-0.856897
-0.850667
-0.854432
-0.857851
-0.855909
-0.854309
-0.853001
-0.85464
-0.854308
-0.855378
-0.857347
-0.859766
-0.860076
-0.862863
-0.86471
-0.858699
-0.857488
-0.853981
-0.857586
-0.857908
-0.857392
-0.857908
-0.857413
-0.85899
-0.853667
-0.85677
-0.855142
-0.849734
-0.856297
-0.860405
-0.861954
-0.86205
-0.854222
-0.859923
-0.85803
-0.85725
-0.859896
-0.859934
-0.856555
-0.852642
-0.856328
-0.866631
-0.864628
-0.860783
-0.860955
-0.860625
-0.869962
-0.870886
-0.86881
-0.863265
-0.868286
-0.869868
-0.866354
-0.866562
-0.865451
-0.856391
-0.868244
-0.865363
-0.867677
-0.859214
-0.874318
-0.82241
-0.833742
-0.779069
-0.793396
-0.832301
-0.835194
-0.85574
-0.851168
-0.845329
-0.851591
-0.84842
-0.786516
-0.789366
-0.811675
-0.743064
-0.671682
-0.630979
-0.606309
-0.602182
-0.805202
-0.908162
-0.908862
-0.91141
-0.910307
-0.912441
-0.910639
-0.912592
-0.911327
-0.910333
-0.910948
-0.915442
-0.91611
-0.913793
-0.915654
-0.914529
-0.915257
-0.913418
-0.915641
-0.918491
-0.921097
-0.914967
-0.914653
-0.908845
-0.90861
-0.909191
-0.915005
-0.915944
-0.916313
-0.917398
-0.915198
-0.909177
-0.908516
-0.911072
-0.918469
-0.919217
-0.766956
-0.8031
-0.812888
-0.831975
-0.77418
-0.648314
-0.644828
-0.570845
-0.725718
-0.881661
-0.903779
-0.907717
-0.907195
-0.910453
-0.916052
-0.92246
-0.918529
-0.919179
-0.920519
-0.919004
-0.920951
-0.918653
-0.918873
-0.920304
-0.914639
-0.898069
-0.90054
-0.907373
-0.908578
-0.906922
-0.912741
-0.909822
-0.90848
-0.914632
-0.91208
-0.904112
-0.779497
-0.801625
-0.833184
-0.849372
-0.84758
-0.852028
-0.847618
-0.764576
-0.812454
-0.83194
-0.858969
-0.517395
-0.653155
-0.812294
-0.775933
-0.704016
-0.671008
-0.640421
-0.524329
-0.719131
-0.845918
-0.846151
-0.84709
-0.851371
-0.854539
-0.857736
-0.85531
-0.856669
-0.854576
-0.86047
-0.855475
-0.856008
-0.853887
-0.855839
-0.851327
-0.856936
-0.851486
-0.851335
-0.851258
-0.851798
-0.843818
-0.850053
-0.853998
-0.854021
-0.844145
-0.849549
-0.850128
-0.851998
-0.844113
-0.850245
-0.85753
-0.847448
-0.852052
-0.841619
-0.854789
-0.851864
-0.849578
-0.857148
-0.852063
-0.849042
-0.85247
-0.844754
-0.843404
-0.845581
-0.85509
-0.854173
-0.84521
-0.84015
-0.840616
-0.845079
-0.845411
-0.846516
-0.842707
-0.844158
-0.842521
-0.837741
-0.841443
-0.837428
-0.845948
-0.842694
-0.845723
-0.845797
-0.842731
-0.84734
-0.851009
-0.849299
-0.85301
-0.845673
-0.853476
-0.851861
-0.846452
-0.854501
-0.850638
-0.865841
-0.865695
-0.86058
-0.862381
-0.800564
-0.811361
-0.835288
-0.836904
-0.810615
-0.814999
-0.817389
-0.804807
-0.800299
-0.798647
-0.769581
-0.737667
-0.771981
-0.827624
-0.855623
-0.843643
-0.85304
-0.832605
-0.839505
-0.83953
-0.736477
-0.77176
-0.841514
-0.856371
-0.861045
-0.863305
-0.771199
-0.75496
-0.653227
-0.634241
-0.618591
-0.613908
-0.746402
-0.879473
-0.898816
-0.882438
-0.877452
-0.8974
-0.910197
-0.913413
-0.909825
-0.915922
-0.913759
-0.907982
-0.901265
-0.895524
-0.780926
-0.821319
-0.77538
-0.715242
-0.650036
-0.829105
-0.900909
-0.918131
-0.921591
-0.92139
-0.920276
-0.920963
-0.919566
-0.924745
-0.919403
-0.919813
-0.918749
-0.919557
-0.921406
-0.921594
-0.918298
-0.92082
-0.918318
-0.920077
-0.920721
-0.922432
-0.919946
-0.918896
-0.920921
-0.918484
-0.916611
-0.918127
-0.917834
-0.918586
-0.920351
-0.920544
-0.918528
-0.916597
-0.920313
-0.919075
-0.91789
-0.918004
-0.916877
-0.917319
-0.920885
-0.918994
-0.919862
-0.921864
-0.920598
-0.919564
-0.918912
-0.915818
-0.916216
-0.915777
-0.918499
-0.91796
-0.912111
-0.917242
-0.918719
-0.914771
-0.918271
-0.919397
-0.919863
-0.917714
-0.917889
-0.912219
-0.916778
-0.919291
-0.919407
-0.921426
-0.92112
-0.917422
-0.923525
-0.919133
-0.921577
-0.914471
-0.916164
-0.919838
-0.916217
-0.916957
-0.918646
-0.918565
-0.916646
-0.919429
-0.919388
-0.913889
-0.913792
-0.913809
-0.918397
-0.913998
-0.916933
-0.916642
-0.916931
-0.91155
-0.918138
-0.917685
-0.916462
-0.918962
-0.91633
-0.918442
-0.91764
-0.921548
-0.920717
-0.91793
-0.916017
-0.916721
-0.917319
-0.919079
-0.916601
-0.910344
-0.906011
-0.904867
-0.905361
-0.899833
-0.906285
-0.913942
-0.916691
-0.916599
-0.914925
-0.91128
-0.911112
-0.917723
-0.917615
-0.915853
-0.915436
-0.913732
-0.917805
-0.917271
-0.916951
-0.915509
-0.916933
-0.913022
-0.91876
-0.919467
-0.916295
-0.917374
-0.91756
-0.915261
-0.916998
-0.915445
-0.916497
-0.913657
-0.917679
-0.915261
-0.915643
-0.912519
-0.916328
-0.915408
-0.912112
-0.910926
-0.910939
-0.910099
-0.910274
-0.913835
-0.910608
-0.909125
-0.906995
-0.909841
-0.910352
-0.91346
-0.916941
-0.913536
-0.906682
-0.908998
-0.909737
-0.911221
-0.910482
-0.910644
-0.912729
-0.915712
-0.911727
-0.910099
-0.911824
-0.911895
-0.915478
-0.912333
-0.910654
-0.914276
-0.912432
-0.915483
-0.913773
-0.914762
-0.912344
-0.913538
-0.912396
-0.913016
-0.913862
-0.911767
-0.909956
-0.910325
-0.911869
-0.914071
-0.914109
-0.913218
-0.903903
-0.900262
-0.806508
-0.840884
-0.858415
-0.812411
-0.831488
-0.814647
-0.738706
-0.803497
-0.835322
-0.791573
-0.739494
-0.645507
-0.610526
-0.64141
-0.594439
-0.794356
-0.900586
-0.910531
-0.910751
-0.911988
-0.913775
-0.915174
-0.91889
-0.917504
-0.917011
-0.914268
-0.913511
-0.84097
-0.775982
-0.788035
-0.787151
-0.801821
-0.80938
-0.816534
-0.805272
-0.780824
-0.807455
-0.779898
-0.865849
-0.844738
-0.845196
-0.845659
-0.857478
-0.725908
-0.702792
-0.632644
-0.625581
-0.623604
-0.60652
-0.834172
-0.890406
-0.90087
-0.901246
-0.906433
-0.902149
-0.914426
-0.914639
-0.911425
-0.911346
-0.912366
-0.913677
-0.913032
-0.914331
-0.914261
-0.91561
-0.916137
-0.915807
-0.915147
-0.914921
-0.914125
-0.916655
-0.914337
-0.913272
-0.909353
-0.90803
-0.911043
-0.913748
-0.914509
-0.912453
-0.915425
-0.913129
-0.91499
-0.91269
-0.914348
-0.912169
-0.911243
-0.914823
-0.913471
-0.914347
-0.913113
-0.914726
-0.914192
-0.908803
-0.914003
-0.914516
-0.911124
-0.909536
-0.911919
-0.911935
-0.91145
-0.912596
-0.91109
-0.915024
-0.911357
-0.911503
-0.914714
-0.913533
-0.888909
-0.794279
-0.831708
-0.845839
-0.898818
-0.895558
-0.846526
-0.842566
-0.881928
-0.877805
-0.713105
-0.79615
-0.830354
-0.80818
-0.760637
-0.66984
-0.624319
-0.630489
-0.573892
-0.812203
-0.890669
-0.902301
-0.904166
-0.909292
-0.910465
-0.908199
-0.908793
-0.907912
-0.908148
-0.908363
-0.902523
-0.900878
-0.906223
-0.909969
-0.90687
-0.904994
-0.900769
-0.899569
-0.89901
-0.906028
-0.901855
-0.897762
-0.898347
-0.899672
-0.897022
-0.899027
-0.898335
-0.898227
-0.897609
-0.899339
-0.89798
-0.897006
-0.899814
-0.897787
-0.89799
-0.901136
-0.898582
-0.89499
-0.90165
-0.900584
-0.909192
-0.905867
-0.903593
-0.902819
-0.904178
-0.901962
-0.895594
-0.891105
-0.897203
-0.901299
-0.904341
-0.904468
-0.90121
-0.902315
-0.899822
-0.905104
-0.906073
-0.906477
-0.906703
-0.904491
-0.903937
-0.906756
-0.902139
-0.904769
-0.898484
-0.850235
-0.649491
-0.741644
-0.730526
-0.802712
-0.78809
-0.811594
-0.819322
-0.842715
-0.848317
-0.837379
-0.851941
-0.858657
-0.858512
-0.859027
-0.855481
-0.857625
-0.85512
-0.85364
-0.855616
-0.850329
-0.850289
