bad volumes, zero indexed (FSL style)
192
445
725
742
840
841
842
844
845
846
874
875
877
905
906
907
908
964
967
968
969
1067
1070
1071
1072
1073
1074
1195
1196
1200
1201
1202
1203
1204
1216
1241
1242
1243
1244
1245
1273
1274
1275
1276
1277
1298
1305
1306
1307
1308
1309
1339
1343
1344
1345
1346
1485
1487
1488
1489
1490
1491
1545
1546
1547
1548
1551
1552
1553
1554
1555
1616
1617
1618
1619
1621
1622
1623
1624
1625
1693
1697
1698
1699
1700
1713
1714
1717
1718
1719
1872
1873
1874
1875
1876
1877
1878
1879
1880
2038
