-0.89983
-0.888019
-0.893888
-0.8988
-0.899898
-0.895549
-0.900258
-0.897906
-0.899838
-0.874871
-0.880305
-0.884991
-0.896721
-0.899622
-0.889588
-0.886829
-0.887082
-0.900868
-0.898978
-0.893913
-0.877485
-0.890343
-0.883443
-0.871648
-0.888267
-0.880577
-0.889541
-0.900461
-0.895331
-0.893774
-0.873236
-0.889104
-0.891621
-0.897942
-0.880192
-0.898094
-0.898282
-0.899777
-0.898994
-0.896021
-0.874886
-0.88036
-0.897594
-0.867118
-0.883901
-0.886011
-0.893381
-0.889636
-0.882322
-0.894376
-0.887329
-0.888916
-0.899812
-0.896297
-0.883114
-0.873765
-0.876325
-0.885005
-0.891339
-0.86798
-0.87568
-0.891378
-0.878972
-0.869235
-0.887309
-0.894636
-0.896546
-0.874716
-0.878472
-0.849232
-0.874591
-0.889835
-0.891024
-0.896594
-0.895127
-0.895602
-0.882531
-0.8758
-0.887116
-0.900898
-0.897198
-0.857339
-0.879928
-0.874224
-0.854499
-0.889284
-0.894536
-0.895672
-0.877669
-0.87122
-0.893257
-0.896427
-0.875948
-0.887914
-0.894966
-0.878557
-0.888331
-0.90047
-0.895058
-0.872154
-0.883396
-0.894411
-0.895345
-0.879425
-0.893974
-0.847519
-0.862872
-0.89538
-0.896548
-0.884099
-0.874799
-0.882738
-0.890312
-0.890335
-0.88159
-0.892851
-0.897585
-0.895837
-0.865683
-0.868118
-0.883717
-0.87834
-0.889768
-0.896681
-0.895019
-0.871903
-0.862946
-0.878954
-0.8872
-0.89355
-0.896385
-0.894282
-0.898189
-0.897561
-0.895776
-0.895643
-0.846723
-0.886677
-0.876046
-0.895006
-0.89367
-0.882235
-0.893418
-0.89078
-0.880771
-0.883117
-0.893632
-0.891901
-0.892611
-0.891803
-0.866206
-0.875505
-0.895465
-0.891153
-0.897821
-0.872942
-0.886112
-0.89386
-0.891781
-0.881536
-0.886044
-0.885587
-0.874311
-0.888842
-0.862693
-0.863311
-0.882209
-0.894764
-0.900497
-0.900172
-0.896934
-0.89635
-0.894942
-0.870084
-0.881637
-0.888468
-0.895296
-0.883493
-0.891553
-0.895395
-0.896701
-0.89413
-0.89335
-0.896225
-0.896275
-0.886673
-0.89578
-0.870552
-0.8805
-0.89411
-0.893575
-0.893244
-0.858945
-0.888207
-0.893141
-0.87181
-0.885598
-0.878169
-0.89653
-0.876005
-0.891701
-0.893235
-0.856177
-0.863025
-0.870817
-0.891127
-0.895788
-0.893576
-0.895826
-0.894493
-0.893652
-0.894654
-0.896519
-0.898082
-0.896773
-0.8645
-0.881773
-0.876654
-0.897603
-0.892705
-0.891511
-0.881485
-0.891095
-0.896824
-0.891386
-0.871924
-0.87653
-0.883069
-0.891522
-0.894095
-0.896005
-0.894205
-0.895317
-0.894512
-0.891832
-0.844525
-0.854867
-0.890078
-0.898046
-0.887707
-0.878741
-0.887803
-0.891052
-0.864501
-0.878172
-0.89304
-0.867353
-0.868316
-0.89343
-0.889055
-0.901412
-0.900067
-0.897518
-0.901117
-0.861654
-0.883477
-0.899962
-0.900039
-0.898341
-0.897312
-0.898706
-0.898911
-0.895464
-0.858497
-0.888864
-0.893685
-0.895071
-0.895209
-0.873698
-0.889772
-0.893789
-0.88598
-0.896168
-0.898587
-0.892493
-0.892941
-0.89805
-0.901736
-0.899239
-0.896788
-0.901971
-0.90358
-0.902289
-0.903414
-0.902974
-0.90075
-0.89961
-0.899718
-0.90013
-0.900559
-0.900063
-0.900345
-0.901369
-0.897498
-0.899714
-0.897937
-0.86853
-0.881846
-0.88577
-0.89169
-0.89468
-0.87296
-0.880308
-0.87352
-0.88235
-0.887577
-0.89511
-0.861087
-0.888139
-0.893819
-0.890313
-0.884663
-0.879308
-0.882224
-0.888639
-0.889663
-0.888642
-0.900755
-0.894934
-0.881321
-0.877869
-0.885359
-0.884731
-0.893382
-0.889902
-0.89827
-0.870888
-0.858983
-0.863044
-0.883768
-0.894345
-0.89886
-0.900676
-0.900378
-0.90265
-0.901743
-0.899971
-0.894611
-0.901804
-0.90122
-0.848144
-0.871945
-0.889399
-0.897109
-0.877296
-0.885309
-0.889509
-0.884398
-0.872661
-0.88997
-0.880095
-0.89256
-0.890315
-0.863978
-0.869181
-0.897436
-0.897807
-0.897511
-0.88174
-0.894323
-0.901526
-0.900455
-0.847872
-0.873688
-0.880738
-0.889715
-0.887619
-0.895646
-0.895759
-0.881079
-0.875955
-0.877961
-0.885701
-0.884031
-0.895208
-0.892762
-0.866941
-0.87611
-0.871089
-0.884001
-0.887865
-0.87908
-0.89431
-0.882465
-0.889247
-0.893349
-0.899692
-0.896546
-0.889074
-0.861852
-0.895226
-0.899373
-0.887659
-0.875181
-0.876367
-0.888834
-0.89224
-0.879771
-0.891393
-0.888569
-0.886413
-0.898364
-0.896602
-0.9001
-0.901024
-0.901042
-0.876537
-0.888615
-0.897294
-0.900119
-0.88769
-0.896002
-0.897238
-0.8977
-0.899624
-0.901873
-0.896431
-0.897459
-0.898136
-0.902808
-0.900168
-0.901121
-0.88181
-0.887699
-0.897618
-0.885188
-0.895315
-0.892665
-0.897861
-0.897638
-0.887694
-0.845652
-0.891623
-0.895492
-0.895977
-0.896635
-0.863727
-0.877098
-0.890182
-0.890634
-0.894525
-0.897015
-0.894691
-0.892579
-0.894114
-0.848691
-0.893163
-0.892355
-0.89463
-0.892006
-0.894428
-0.889222
-0.881636
-0.874101
-0.89295
-0.891457
-0.893191
-0.893468
-0.888605
-0.871393
-0.895456
-0.8953
-0.890866
-0.885269
-0.892349
-0.894092
-0.895467
-0.890054
-0.89592
-0.89828
-0.89816
-0.884656
-0.893382
-0.898365
-0.897635
-0.899586
-0.89785
-0.897551
-0.896
-0.852916
-0.877446
-0.873912
-0.893171
-0.892795
-0.882647
-0.890118
-0.858424
-0.859413
-0.895188
-0.896587
-0.897476
-0.883775
-0.884752
-0.895518
-0.88843
-0.896069
-0.889616
-0.889907
-0.880895
-0.896116
-0.899444
-0.894226
-0.888764
-0.89387
-0.89728
-0.900559
-0.896197
-0.886882
-0.897742
-0.896215
-0.901841
-0.901494
-0.899039
-0.890693
-0.898128
-0.899032
-0.90037
-0.900543
-0.89609
-0.898998
-0.884914
-0.896526
-0.885566
-0.895405
-0.895887
-0.882294
-0.896594
-0.886922
-0.884073
-0.892003
-0.901833
-0.889276
-0.885673
-0.89885
-0.902561
-0.895354
-0.898869
-0.889477
-0.883022
-0.886401
-0.886636
-0.900534
-0.902713
-0.862435
-0.863363
-0.893439
-0.893535
-0.899085
-0.899202
-0.881393
-0.893345
-0.888059
-0.893501
-0.85267
-0.857595
-0.894523
-0.895183
-0.895694
-0.895892
-0.895292
-0.893134
-0.89376
-0.894273
-0.884204
-0.895608
-0.895484
-0.893309
-0.896324
-0.900435
-0.876908
-0.891042
-0.88176
-0.893273
-0.893335
-0.882768
-0.861032
-0.88638
-0.881745
-0.890725
-0.888976
-0.881756
-0.899126
-0.900469
-0.898971
-0.89413
-0.897189
-0.901892
-0.899833
-0.903351
-0.902854
-0.901426
-0.904218
-0.901109
-0.89603
-0.895976
-0.884859
-0.85866
-0.886392
-0.892108
-0.895547
-0.887446
-0.877683
-0.856398
-0.8671
-0.894289
-0.893125
-0.890449
-0.890939
-0.892805
-0.89173
-0.892052
-0.900132
-0.893336
-0.897772
-0.896896
-0.853465
-0.889382
-0.899321
-0.884856
-0.883788
-0.889658
-0.89151
-0.888233
-0.88666
-0.881223
-0.874548
-0.876465
-0.881372
-0.889803
-0.896185
-0.897835
-0.890744
-0.883626
-0.89022
-0.893406
-0.861728
-0.876977
-0.888662
-0.898562
-0.892512
-0.850072
-0.896878
-0.896198
-0.900004
-0.90029
-0.896098
-0.896676
-0.895966
-0.797561
-0.840216
-0.881125
-0.886828
-0.893005
-0.89547
-0.882624
-0.868696
-0.88493
-0.894359
-0.875872
-0.892086
-0.900654
-0.891261
-0.89326
-0.889019
-0.895731
-0.891323
-0.899651
-0.881764
-0.894223
-0.882756
-0.892082
-0.894018
-0.898649
-0.901503
-0.897126
-0.898679
-0.900362
-0.891877
-0.898034
-0.89393
-0.899831
-0.898849
-0.90037
-0.901337
-0.883376
-0.89887
-0.89932
-0.901423
-0.895652
-0.889997
-0.878503
-0.890976
-0.892927
-0.884289
-0.874946
-0.896978
-0.897425
-0.897628
-0.895015
-0.899486
-0.8641
-0.863715
-0.896198
-0.894888
-0.900431
-0.880462
-0.871463
-0.884803
-0.870734
-0.890435
-0.88076
-0.894062
-0.896847
-0.895287
-0.89642
-0.893702
-0.871741
-0.890297
-0.897233
-0.900096
-0.899501
-0.899031
-0.897693
-0.89763
-0.898377
-0.794458
-0.876088
-0.884211
-0.884163
-0.890419
-0.891967
-0.886945
-0.863795
-0.889003
-0.889053
-0.888285
-0.884525
-0.891473
-0.860074
-0.841695
-0.832706
-0.865461
-0.843791
-0.858693
-0.899248
-0.900223
-0.893443
-0.903853
-0.901363
-0.899757
-0.901656
-0.899469
-0.901757
-0.902502
-0.902727
-0.896476
-0.899725
-0.895457
-0.898235
-0.874038
-0.873097
-0.868132
-0.88513
-0.891715
-0.898152
-0.853483
-0.872712
-0.883253
-0.888069
-0.897203
-0.897437
-0.865392
-0.892512
-0.896646
-0.893255
-0.893821
-0.885188
-0.870653
-0.872064
-0.85614
-0.842887
-0.867054
-0.898421
-0.898915
-0.897079
-0.895602
-0.899111
-0.899035
-0.894963
-0.897804
-0.895309
-0.901213
-0.891761
-0.895267
-0.891762
-0.896657
-0.898396
-0.889206
-0.895466
-0.897192
-0.897201
-0.895706
-0.898264
-0.895025
-0.897663
-0.898804
-0.899433
-0.897975
-0.881373
-0.89414
-0.886189
-0.898781
-0.890883
-0.871299
-0.890752
-0.886626
-0.895473
-0.887359
-0.898875
-0.891173
-0.897753
-0.895315
-0.894839
-0.897144
-0.892623
-0.902026
-0.895805
-0.898386
-0.899764
-0.897776
-0.895032
-0.855913
-0.884034
-0.890464
-0.898541
-0.887153
-0.887103
-0.893834
-0.890545
-0.891485
-0.85972
-0.892059
-0.873432
-0.870236
-0.814747
-0.811976
-0.803351
-0.859737
-0.897729
-0.900774
-0.898992
-0.903525
-0.903362
-0.898402
-0.898703
-0.899991
-0.895241
-0.897555
-0.895247
-0.899337
-0.899858
-0.898346
-0.894855
-0.900432
-0.902452
-0.891175
-0.895396
-0.89222
-0.898799
-0.901438
-0.880941
-0.884714
-0.887116
-0.859897
-0.840417
-0.82958
-0.849354
-0.813003
-0.873903
-0.896799
-0.893336
-0.898955
-0.898883
-0.895965
-0.893913
-0.900918
-0.899611
-0.904577
-0.889582
-0.895963
-0.8917
-0.893545
-0.894888
-0.831005
-0.891675
-0.894844
-0.894238
-0.889266
-0.895392
-0.889523
-0.891806
-0.884042
-0.886554
-0.877674
-0.859702
-0.810044
-0.766149
-0.8495
-0.814974
-0.886425
-0.899496
-0.899223
-0.899567
-0.900711
-0.899848
-0.899281
-0.903085
-0.901602
-0.899996
-0.896337
-0.894381
-0.896275
-0.894377
-0.892934
-0.896783
-0.891996
-0.894511
-0.894935
-0.897395
-0.901189
-0.896096
-0.898396
-0.897444
-0.898547
-0.899565
-0.899009
-0.897367
-0.900178
-0.900011
-0.896009
-0.901348
-0.899337
-0.89697
-0.892478
-0.896215
-0.893002
-0.898365
-0.895652
-0.898144
-0.896172
-0.891857
-0.89502
-0.899143
-0.898032
-0.899343
-0.893669
-0.898297
-0.900168
-0.899195
-0.898884
-0.886783
-0.89298
-0.850628
-0.868179
-0.884149
-0.869772
-0.849125
-0.813864
-0.868609
-0.842475
-0.864584
-0.896675
-0.900266
-0.897653
-0.89844
-0.896963
-0.897413
-0.899206
-0.900399
-0.900308
-0.90014
-0.900114
-0.90102
-0.897318
-0.900204
-0.89698
-0.90179
-0.902587
-0.904569
-0.901924
-0.90201
-0.901241
-0.900783
-0.902494
-0.902119
-0.900247
-0.901783
-0.90323
-0.90283
-0.903986
-0.901884
-0.901194
-0.902659
-0.90334
-0.902263
-0.903384
-0.902247
-0.903849
-0.902649
-0.901576
-0.902004
-0.902378
-0.901963
-0.90103
-0.903319
-0.902009
-0.900643
-0.902511
-0.900749
-0.901569
-0.902973
-0.902238
-0.900867
-0.900542
-0.902386
-0.901653
-0.899885
-0.902461
-0.903352
-0.90135
-0.900268
-0.900813
-0.900313
-0.899303
-0.902147
-0.901075
-0.901061
-0.901988
-0.903478
-0.904637
-0.901112
-0.900905
-0.902275
-0.902727
-0.902809
-0.904374
-0.902003
-0.90232
-0.894074
-0.902341
-0.902252
-0.903181
-0.899926
-0.900292
-0.90361
-0.823523
-0.887384
-0.888872
-0.896675
-0.892736
-0.883977
-0.889936
-0.900474
-0.89289
-0.893131
-0.888968
-0.88904
-0.864767
-0.891678
-0.886808
-0.851063
-0.804056
-0.791689
-0.877365
-0.806724
-0.873193
-0.892681
-0.897438
-0.897666
-0.898479
-0.898925
-0.899592
-0.900832
-0.900755
-0.897821
-0.899984
-0.901691
-0.899211
-0.900143
-0.899972
-0.898823
-0.898874
-0.900225
-0.898902
-0.89872
-0.89842
-0.899341
-0.898794
-0.901072
-0.895624
-0.89916
-0.898942
-0.898404
-0.899897
-0.899023
-0.897894
-0.898375
-0.899075
-0.900148
-0.900707
-0.900454
-0.898446
-0.899478
-0.900155
-0.90037
-0.900946
-0.897929
-0.899266
-0.900968
-0.900273
-0.899324
-0.892083
-0.901702
-0.899291
-0.901142
-0.901814
-0.900873
-0.901545
-0.900108
-0.897996
-0.899474
-0.902746
-0.901101
-0.900495
-0.900751
-0.900537
-0.901713
-0.902093
-0.902283
-0.901092
-0.901244
-0.901282
-0.902951
-0.90069
-0.901718
-0.901182
-0.900689
-0.901124
-0.902753
-0.898722
-0.899384
-0.899069
-0.899769
-0.901251
-0.899994
-0.901136
-0.90037
-0.901134
-0.902211
-0.899974
-0.900831
-0.901712
-0.900578
-0.902191
-0.900365
-0.901839
-0.902548
-0.90228
-0.901178
-0.901111
-0.902028
-0.901864
-0.894299
-0.899004
-0.899635
-0.900007
-0.898167
-0.896878
-0.900411
-0.900599
-0.898459
-0.871307
-0.887062
-0.881492
-0.897044
-0.89582
-0.896872
-0.892943
-0.897167
-0.897738
-0.896145
-0.896114
-0.894771
-0.898289
-0.899323
-0.794256
-0.859408
-0.88647
-0.891395
-0.871301
-0.778186
-0.788643
-0.80214
-0.842643
-0.820475
-0.858511
-0.897843
-0.904225
-0.9018
-0.900862
-0.899375
-0.898573
-0.89998
-0.898265
-0.892136
-0.889966
-0.871147
-0.875589
-0.900343
-0.902098
-0.898477
-0.898669
-0.899471
-0.900451
-0.899743
-0.895114
-0.895074
-0.897908
-0.896471
-0.903054
-0.902287
-0.901631
-0.894946
-0.894038
-0.895125
-0.891145
-0.893831
-0.893598
-0.813327
-0.885812
-0.867
-0.850299
-0.756866
-0.780313
-0.830806
-0.812357
-0.86564
-0.895428
-0.898951
-0.900697
-0.898154
-0.897562
-0.897091
-0.900784
-0.903392
-0.902336
-0.897563
-0.8986
-0.898914
-0.9002
-0.900509
-0.900355
-0.89776
-0.895223
-0.888944
-0.896066
-0.893022
-0.89851
-0.897931
-0.893119
-0.897719
-0.839838
-0.88484
-0.844146
-0.793853
-0.786058
-0.827879
-0.846375
-0.881969
-0.900822
-0.902182
-0.902135
-0.899824
-0.900134
-0.898266
-0.900328
-0.901503
-0.900265
-0.900015
-0.900126
-0.900065
-0.89911
-0.894574
-0.89624
-0.895974
-0.895562
-0.895767
-0.85953
-0.885161
-0.880921
-0.876015
-0.883493
-0.893678
-0.868552
-0.878443
-0.831899
-0.818382
-0.848617
-0.835717
-0.827215
-0.863123
-0.896897
-0.900688
-0.899867
-0.895573
-0.89958
-0.903783
-0.902677
-0.904736
-0.903381
-0.902472
-0.903517
-0.903507
-0.905278
-0.897986
-0.900158
-0.899908
-0.898935
-0.901928
-0.898547
-0.89997
-0.899919
-0.901555
-0.899865
-0.899813
-0.902249
-0.903778
-0.901373
-0.802369
-0.83841
-0.891875
-0.883409
-0.865513
-0.816947
-0.807472
-0.844154
-0.846155
-0.883564
-0.897847
-0.90218
-0.901573
-0.901701
-0.903341
-0.904046
-0.902881
-0.903199
-0.902877
-0.903308
-0.903114
-0.903481
-0.901349
-0.903244
-0.901397
-0.896405
-0.90053
-0.90063
-0.902299
-0.906152
-0.901582
-0.902208
-0.902422
-0.900638
-0.897436
-0.902514
-0.900682
-0.902344
-0.903713
-0.90394
-0.902985
-0.902343
-0.904643
-0.904221
-0.904781
-0.900811
-0.90371
-0.904567
-0.903422
-0.901875
-0.904538
-0.901729
-0.90178
-0.903861
-0.902156
-0.90386
-0.896033
-0.899318
-0.896852
-0.900901
-0.898429
-0.894671
-0.90191
-0.899911
-0.899919
-0.902357
-0.899995
-0.900088
-0.898668
-0.900289
-0.901787
-0.89886
-0.902038
-0.898692
-0.896596
-0.89719
-0.900507
-0.903792
-0.901632
-0.900347
-0.901447
-0.898745
-0.90014
-0.90297
-0.899
-0.900169
-0.901505
-0.897285
-0.900259
-0.900925
-0.897867
-0.898648
-0.89764
-0.89804
-0.90179
-0.900424
-0.898781
-0.897566
-0.897699
-0.900432
-0.900697
-0.900075
-0.899811
-0.899012
-0.900349
-0.90003
-0.899177
-0.898551
-0.898906
-0.896363
-0.902546
-0.902923
-0.898071
-0.899622
-0.900048
-0.900019
-0.89991
-0.899158
-0.899504
-0.895905
-0.899091
-0.902134
-0.896548
-0.898464
-0.896329
-0.899809
-0.901168
-0.900539
-0.896244
-0.900463
-0.900703
-0.897382
-0.896446
-0.899666
-0.897602
-0.896131
-0.892901
-0.900804
-0.897882
-0.903613
-0.897846
-0.897946
-0.825717
-0.882525
-0.885188
-0.888224
-0.897411
-0.863041
-0.854256
-0.809039
-0.772173
-0.865402
-0.837551
-0.821565
-0.891569
-0.902995
-0.902574
-0.905035
-0.900637
-0.903571
-0.903663
-0.903734
-0.90505
-0.905036
-0.904932
-0.903253
-0.903377
-0.904594
-0.904803
-0.904217
-0.90291
-0.902794
-0.902204
-0.900841
-0.901178
-0.900653
-0.904004
-0.901896
-0.895716
-0.903262
-0.901516
-0.901159
-0.899007
-0.900378
-0.901786
-0.90025
-0.900625
-0.901204
-0.901326
-0.897775
-0.898717
-0.899597
-0.9006
-0.905021
-0.894988
-0.899327
-0.901429
-0.897586
-0.899649
-0.901205
-0.902143
-0.898461
-0.897827
-0.901133
-0.897252
-0.900529
-0.873538
-0.854533
-0.882059
-0.869891
-0.893563
-0.882409
-0.855406
-0.780206
-0.781041
-0.819753
-0.859028
-0.828564
-0.881349
-0.903243
-0.90132
-0.901849
-0.901927
-0.903678
-0.899312
-0.900421
-0.900648
-0.901098
-0.896761
-0.896535
-0.902208
-0.901457
-0.901376
-0.898991
-0.901137
-0.899655
-0.897646
-0.898849
-0.899134
-0.895312
-0.897193
-0.901468
-0.902945
-0.898753
-0.899101
-0.900211
-0.901648
-0.899128
-0.899987
-0.903044
-0.899929
-0.899339
-0.898228
-0.899625
-0.89968
-0.89677
-0.899171
-0.899833
-0.899308
-0.89961
-0.90077
-0.900384
-0.89785
-0.901852
-0.897526
-0.89884
-0.901376
-0.897951
-0.894444
-0.898264
-0.897648
-0.897376
-0.897201
-0.898648
-0.896892
-0.896855
-0.898507
-0.894426
-0.813026
-0.888644
-0.895854
-0.885855
-0.880886
-0.808722
-0.809371
-0.828465
-0.83505
-0.80624
-0.865068
-0.898657
-0.897574
-0.899257
-0.903542
-0.898607
-0.898484
-0.901192
-0.9033
-0.899071
-0.901321
-0.899274
-0.900276
-0.902154
-0.899822
-0.898409
-0.89886
-0.897707
-0.899455
-0.898876
-0.897918
-0.898837
-0.897718
-0.900201
-0.899383
-0.89948
-0.89927
-0.894926
-0.900258
-0.899029
-0.899331
-0.898265
-0.90092
-0.896711
-0.902112
-0.90022
-0.903536
-0.899439
-0.902159
-0.898595
-0.899871
-0.895713
-0.90006
-0.899118
-0.898906
-0.897241
-0.899392
-0.896772
-0.902015
-0.898481
-0.901315
-0.899444
-0.898846
-0.898293
-0.897353
-0.897211
-0.89537
-0.898338
-0.901317
-0.89907
-0.894413
-0.897113
-0.897846
-0.899128
-0.898784
-0.899905
-0.881288
-0.880844
-0.886034
-0.894404
-0.869645
-0.823593
-0.83096
-0.837451
-0.825371
-0.87737
-0.897958
-0.897845
-0.902854
-0.903128
-0.898243
-0.901838
-0.902452
-0.903393
-0.898922
-0.900883
-0.825439
-0.885777
-0.881766
-0.893305
-0.882713
-0.798276
-0.830743
-0.783266
-0.878705
-0.894502
-0.897223
-0.899691
-0.898631
-0.901311
-0.897981
-0.899426
-0.900627
-0.895907
-0.898018
-0.89915
-0.898121
-0.897517
-0.898292
-0.897389
-0.896699
-0.898774
-0.900502
-0.899109
-0.900314
-0.898707
-0.899596
-0.898745
-0.897391
-0.897988
-0.898663
-0.898063
-0.890981
-0.893034
-0.896806
-0.893427
-0.894401
-0.872561
-0.879408
-0.896909
-0.902264
-0.898705
-0.901893
-0.900411
-0.899034
-0.8979
-0.903867
-0.897355
-0.891336
-0.898123
-0.899203
-0.896519
-0.895891
-0.899872
-0.898511
-0.89711
-0.897914
-0.901128
-0.898792
-0.89925
-0.898892
-0.898636
-0.896307
-0.900309
-0.895325
-0.899202
-0.8985
-0.89618
-0.897903
-0.899482
-0.897973
-0.895681
-0.902089
-0.900849
-0.899381
-0.891553
-0.894609
-0.893617
-0.893024
-0.893539
-0.899779
-0.899955
-0.898087
-0.900413
-0.896468
-0.897443
-0.889426
-0.894048
-0.895913
-0.900154
-0.898414
-0.898501
-0.899399
-0.895805
-0.898307
-0.894888
-0.89624
-0.901254
-0.89881
-0.899287
-0.895124
-0.898599
-0.90179
-0.898279
-0.900923
-0.899053
-0.899314
-0.895642
-0.896884
-0.899688
-0.896754
-0.896182
-0.898203
-0.898228
-0.899254
-0.899534
-0.894225
-0.8946
-0.900443
-0.898951
-0.896835
-0.898224
-0.898824
-0.894581
-0.894832
-0.897483
-0.898562
-0.898671
-0.899602
-0.893991
-0.897043
-0.896905
-0.898445
-0.894832
-0.897185
-0.892884
-0.895411
-0.898894
-0.897412
-0.899532
-0.90115
-0.897607
-0.895227
-0.893725
-0.897896
-0.897303
-0.895323
-0.89798
-0.858023
-0.882487
-0.900087
-0.886651
-0.886947
-0.895321
-0.896476
-0.847235
-0.887176
-0.896219
-0.892261
-0.884541
-0.825368
-0.776417
-0.775683
-0.803037
-0.836507
-0.854459
-0.896945
-0.902028
-0.902362
-0.898555
-0.902388
-0.902309
-0.902007
-0.899788
-0.900814
-0.897415
-0.900212
-0.901826
-0.898483
-0.898743
-0.898253
-0.899601
-0.899467
-0.896863
-0.897643
-0.900898
-0.898531
-0.897402
-0.899693
-0.900357
-0.902059
-0.900385
-0.898171
-0.894612
-0.898155
-0.899824
-0.900341
-0.900445
-0.899511
-0.90018
-0.901223
-0.899917
-0.902117
-0.897295
-0.898909
-0.89959
-0.89778
-0.899107
-0.899632
-0.899227
-0.899526
-0.898636
-0.898395
-0.898632
-0.899854
-0.899852
-0.900966
-0.900574
-0.896901
-0.899791
-0.903359
-0.902568
-0.901943
-0.902284
-0.902211
-0.895624
-0.898083
-0.899445
-0.898004
-0.89859
-0.898552
-0.898252
-0.90024
-0.897958
-0.89992
-0.898745
-0.901294
-0.900143
-0.900947
-0.902207
-0.899134
-0.899257
-0.900086
-0.901436
-0.899336
-0.899923
-0.90174
-0.898879
-0.898299
-0.89966
-0.897541
-0.899279
-0.899504
-0.899087
-0.898558
-0.897162
-0.899966
-0.896424
-0.900583
-0.900904
-0.90083
-0.89783
-0.898426
-0.898156
-0.900826
-0.899734
-0.897826
-0.900456
-0.901722
-0.898907
-0.898255
-0.900822
-0.903143
-0.896231
-0.903731
-0.901717
-0.897236
-0.900649
-0.895364
-0.899018
-0.901124
-0.900842
-0.900865
-0.900207
-0.898514
-0.902874
-0.89911
-0.898142
-0.901487
-0.899221
-0.895514
-0.898737
-0.900472
-0.898844
-0.896537
-0.899763
-0.897658
-0.896745
-0.899217
-0.895575
-0.89869
-0.900694
-0.900846
-0.900768
-0.899946
-0.900904
-0.900405
-0.897698
-0.90104
-0.90057
-0.895898
-0.897298
-0.901628
-0.897879
-0.897555
-0.89963
-0.898968
-0.897455
-0.899635
-0.897734
-0.894544
-0.895267
-0.869028
-0.892084
-0.88415
-0.894584
-0.884773
-0.896872
-0.896704
-0.896666
-0.890282
-0.896051
-0.893799
-0.896712
-0.890239
-0.894594
-0.89246
-0.896309
-0.895367
-0.881097
