-0.892305
-0.865812
-0.868746
-0.870456
-0.870969
-0.871309
-0.878014
-0.880076
-0.875206
-0.866927
-0.857356
-0.868954
-0.885639
-0.884783
-0.88245
-0.889081
-0.882839
-0.892889
-0.890537
-0.89343
-0.869534
-0.879051
-0.881389
-0.870989
-0.894023
-0.866242
-0.876567
-0.888904
-0.887446
-0.888644
-0.864637
-0.866476
-0.885151
-0.896019
-0.877365
-0.898149
-0.89898
-0.901034
-0.899302
-0.898894
-0.868594
-0.872355
-0.893736
-0.849816
-0.888467
-0.875157
-0.89365
-0.884308
-0.867791
-0.895318
-0.877059
-0.859595
-0.873505
-0.867072
-0.861902
-0.87768
-0.867015
-0.869094
-0.877205
-0.854321
-0.859885
-0.875811
-0.867522
-0.872886
-0.885823
-0.893634
-0.890384
-0.827943
-0.870031
-0.852214
-0.863026
-0.885704
-0.890835
-0.890199
-0.898279
-0.898491
-0.873789
-0.882636
-0.899753
-0.89366
-0.893881
-0.862854
-0.878621
-0.870142
-0.821404
-0.85248
-0.860376
-0.857773
-0.869026
-0.855184
-0.888348
-0.880275
-0.829516
-0.894372
-0.89955
-0.874442
-0.882538
-0.890541
-0.891686
-0.808474
-0.88646
-0.893922
-0.896891
-0.880451
-0.889714
-0.827254
-0.855357
-0.881167
-0.879574
-0.853377
-0.870381
-0.837244
-0.848803
-0.84924
-0.847222
-0.853755
-0.851479
-0.855458
-0.829133
-0.860631
-0.852853
-0.83084
-0.839924
-0.852301
-0.848604
-0.782788
-0.857437
-0.86224
-0.882411
-0.886256
-0.888598
-0.888823
-0.894883
-0.892359
-0.892316
-0.889034
-0.840731
-0.863384
-0.841262
-0.867729
-0.865427
-0.84388
-0.887555
-0.887835
-0.871581
-0.883808
-0.862287
-0.865042
-0.871874
-0.872306
-0.795223
-0.874451
-0.868613
-0.863041
-0.863189
-0.856108
-0.866892
-0.893457
-0.889801
-0.880712
-0.857011
-0.85445
-0.859003
-0.88158
-0.823989
-0.877191
-0.873385
-0.900899
-0.897969
-0.899451
-0.896614
-0.897564
-0.894996
-0.837783
-0.868503
-0.879466
-0.884674
-0.854912
-0.875067
-0.880826
-0.887852
-0.888695
-0.893972
-0.895321
-0.895018
-0.884719
-0.897529
-0.866646
-0.866699
-0.868309
-0.86296
-0.850025
-0.75822
-0.881387
-0.902177
-0.857606
-0.861979
-0.850472
-0.871572
-0.861124
-0.895329
-0.907988
-0.860543
-0.874157
-0.856267
-0.898185
-0.898764
-0.901993
-0.89339
-0.890306
-0.89234
-0.895585
-0.900047
-0.902695
-0.902061
-0.795172
-0.876106
-0.867751
-0.897962
-0.897297
-0.892654
-0.866873
-0.902289
-0.907398
-0.905189
-0.869143
-0.871715
-0.876718
-0.890051
-0.889961
-0.890855
-0.892048
-0.892058
-0.890599
-0.894542
-0.843814
-0.874531
-0.890661
-0.898405
-0.895303
-0.887086
-0.849648
-0.86337
-0.834285
-0.8768
-0.898966
-0.861656
-0.887517
-0.901495
-0.901229
-0.906977
-0.906428
-0.907936
-0.900802
-0.798573
-0.893353
-0.902505
-0.901318
-0.89847
-0.896675
-0.897323
-0.895889
-0.895472
-0.864314
-0.892447
-0.885442
-0.881842
-0.892508
-0.832165
-0.892536
-0.877624
-0.879505
-0.903895
-0.903813
-0.89461
-0.902555
-0.903688
-0.907072
-0.905933
-0.903086
-0.905762
-0.907691
-0.904228
-0.904391
-0.902923
-0.903802
-0.90349
-0.901753
-0.903875
-0.903797
-0.901179
-0.896211
-0.897047
-0.899278
-0.89836
-0.894437
-0.854948
-0.888024
-0.899065
-0.891953
-0.894203
-0.878398
-0.883431
-0.86609
-0.886302
-0.870926
-0.873985
-0.820057
-0.895693
-0.893041
-0.887665
-0.873953
-0.857453
-0.887962
-0.871413
-0.877583
-0.900526
-0.906354
-0.903518
-0.878567
-0.880528
-0.886528
-0.895245
-0.889776
-0.884087
-0.905774
-0.859857
-0.866803
-0.870628
-0.892972
-0.902678
-0.907411
-0.907464
-0.901887
-0.898931
-0.898597
-0.899098
-0.902839
-0.904483
-0.906457
-0.836569
-0.81815
-0.856171
-0.877904
-0.870529
-0.901123
-0.884888
-0.879887
-0.878336
-0.863743
-0.865132
-0.889781
-0.881042
-0.837857
-0.857895
-0.903679
-0.904471
-0.905371
-0.895382
-0.90374
-0.901049
-0.898644
-0.836964
-0.874174
-0.865718
-0.873859
-0.863813
-0.865783
-0.859896
-0.831275
-0.881809
-0.873374
-0.888609
-0.889063
-0.889362
-0.882441
-0.820276
-0.864481
-0.870718
-0.882351
-0.89052
-0.864003
-0.889528
-0.874902
-0.898005
-0.900677
-0.907852
-0.903248
-0.880776
-0.834933
-0.901307
-0.898091
-0.876644
-0.89145
-0.884454
-0.88638
-0.895989
-0.85147
-0.868385
-0.885946
-0.88814
-0.894185
-0.893261
-0.896123
-0.898846
-0.898189
-0.892272
-0.899678
-0.901273
-0.903259
-0.902296
-0.902526
-0.901528
-0.900099
-0.900159
-0.89877
-0.899523
-0.899084
-0.898845
-0.892105
-0.889362
-0.889265
-0.891705
-0.893877
-0.897725
-0.887297
-0.902192
-0.895325
-0.898274
-0.893907
-0.872862
-0.802595
-0.884977
-0.895466
-0.891829
-0.889632
-0.860296
-0.856949
-0.866831
-0.886996
-0.89001
-0.891507
-0.885749
-0.883442
-0.881783
-0.775871
-0.845831
-0.852553
-0.852429
-0.861339
-0.90082
-0.890028
-0.863902
-0.866162
-0.876507
-0.886987
-0.897268
-0.899946
-0.89557
-0.871938
-0.890597
-0.876435
-0.857569
-0.895282
-0.90416
-0.901343
-0.901353
-0.898254
-0.901827
-0.904348
-0.904886
-0.89343
-0.90211
-0.906095
-0.904025
-0.90633
-0.904137
-0.905177
-0.896382
-0.799106
-0.860158
-0.861272
-0.857849
-0.870489
-0.835095
-0.866297
-0.822148
-0.870607
-0.903826
-0.903998
-0.904001
-0.896996
-0.892577
-0.898054
-0.898986
-0.902427
-0.896605
-0.893909
-0.896715
-0.899642
-0.902889
-0.896358
-0.88823
-0.895811
-0.899251
-0.893984
-0.88846
-0.899808
-0.902602
-0.90107
-0.904409
-0.902668
-0.903357
-0.898959
-0.899138
-0.901324
-0.902015
-0.898957
-0.9018
-0.898862
-0.887524
-0.899001
-0.891774
-0.89421
-0.901892
-0.894019
-0.901623
-0.892481
-0.883142
-0.89519
-0.895726
-0.89989
-0.894908
-0.888626
-0.899984
-0.893555
-0.889379
-0.888554
-0.879365
-0.884673
-0.8831
-0.890869
-0.880334
-0.814847
-0.822991
-0.877048
-0.893714
-0.897799
-0.896778
-0.877308
-0.878075
-0.872525
-0.886842
-0.831355
-0.855576
-0.893986
-0.895148
-0.901167
-0.898875
-0.902148
-0.904376
-0.899415
-0.894691
-0.897643
-0.905692
-0.90178
-0.892047
-0.901341
-0.902718
-0.870902
-0.888073
-0.875174
-0.881335
-0.880584
-0.874403
-0.82664
-0.850778
-0.856611
-0.90135
-0.897936
-0.89421
-0.893958
-0.895533
-0.894989
-0.896996
-0.899385
-0.898874
-0.900527
-0.899176
-0.900257
-0.898699
-0.89848
-0.897714
-0.901302
-0.8954
-0.896189
-0.875602
-0.880945
-0.877159
-0.866619
-0.865027
-0.894766
-0.866018
-0.882261
-0.901268
-0.901855
-0.900964
-0.886603
-0.899267
-0.904097
-0.901682
-0.906043
-0.902982
-0.902169
-0.908854
-0.821826
-0.885148
-0.902612
-0.882728
-0.850498
-0.849788
-0.845622
-0.838672
-0.858589
-0.831186
-0.851777
-0.888074
-0.868325
-0.882561
-0.892772
-0.885846
-0.882697
-0.898814
-0.893485
-0.896629
-0.838093
-0.88343
-0.888739
-0.888411
-0.890716
-0.814041
-0.878861
-0.886734
-0.893462
-0.895988
-0.899166
-0.900245
-0.899398
-0.784819
-0.866856
-0.87016
-0.854241
-0.850829
-0.835542
-0.790835
-0.880381
-0.890788
-0.902201
-0.874593
-0.895697
-0.902916
-0.897089
-0.899454
-0.894355
-0.895612
-0.893603
-0.894324
-0.878158
-0.895983
-0.889319
-0.898784
-0.897389
-0.899362
-0.905076
-0.904502
-0.902687
-0.899845
-0.899909
-0.892875
-0.900041
-0.89843
-0.898198
-0.902785
-0.901153
-0.872266
-0.893194
-0.891819
-0.891808
-0.889442
-0.890096
-0.852989
-0.859973
-0.856072
-0.814881
-0.880646
-0.899252
-0.90174
-0.901853
-0.897223
-0.902556
-0.860132
-0.876929
-0.900513
-0.901265
-0.902812
-0.881212
-0.825326
-0.807953
-0.872062
-0.889733
-0.885447
-0.893695
-0.893124
-0.89388
-0.897841
-0.894482
-0.856665
-0.886794
-0.898252
-0.899508
-0.901854
-0.899043
-0.898808
-0.901345
-0.901853
-0.777882
-0.829434
-0.829546
-0.807097
-0.81391
-0.813498
-0.803952
-0.79308
-0.851252
-0.840493
-0.874345
-0.871873
-0.883114
-0.819031
-0.818395
-0.790884
-0.819338
-0.777333
-0.857589
-0.896381
-0.893084
-0.892089
-0.902473
-0.89716
-0.892686
-0.894314
-0.897715
-0.900816
-0.896182
-0.893876
-0.892112
-0.902757
-0.903388
-0.905136
-0.856158
-0.86976
-0.860662
-0.885377
-0.889381
-0.889559
-0.835131
-0.837291
-0.840981
-0.858083
-0.8454
-0.842206
-0.819623
-0.8493
-0.861552
-0.859916
-0.867694
-0.864362
-0.805593
-0.841723
-0.824872
-0.811364
-0.868865
-0.891185
-0.892125
-0.893158
-0.889919
-0.892174
-0.890083
-0.89255
-0.890856
-0.892719
-0.892361
-0.895474
-0.89092
-0.88973
-0.892036
-0.89318
-0.892264
-0.890483
-0.891335
-0.894413
-0.893251
-0.895968
-0.897894
-0.89376
-0.89147
-0.891923
-0.890888
-0.88835
-0.892306
-0.893249
-0.893041
-0.895397
-0.864833
-0.870111
-0.874713
-0.889307
-0.887989
-0.902288
-0.893807
-0.89707
-0.896314
-0.889122
-0.880901
-0.889699
-0.89343
-0.890457
-0.88904
-0.89369
-0.894049
-0.896446
-0.852636
-0.860125
-0.871228
-0.902306
-0.887312
-0.879851
-0.890758
-0.885444
-0.883442
-0.769381
-0.742802
-0.750939
-0.79739
-0.756586
-0.74978
-0.738296
-0.821901
-0.889431
-0.892536
-0.891525
-0.893561
-0.893784
-0.898209
-0.890551
-0.894093
-0.895634
-0.891295
-0.889715
-0.888207
-0.890192
-0.892529
-0.887097
-0.888773
-0.887794
-0.888748
-0.885907
-0.884945
-0.88289
-0.879418
-0.882738
-0.86797
-0.880537
-0.80775
-0.76111
-0.762931
-0.787106
-0.75917
-0.872734
-0.891393
-0.883024
-0.896065
-0.892357
-0.895014
-0.893858
-0.89235
-0.888948
-0.894116
-0.887092
-0.892339
-0.887918
-0.880291
-0.878652
-0.813917
-0.843789
-0.85969
-0.85044
-0.847687
-0.849446
-0.855626
-0.85996
-0.847367
-0.80447
-0.818486
-0.802571
-0.723381
-0.690637
-0.733671
-0.751045
-0.881198
-0.892005
-0.896189
-0.902612
-0.899789
-0.899688
-0.896284
-0.89479
-0.895966
-0.898693
-0.893389
-0.89472
-0.888999
-0.886885
-0.890348
-0.891703
-0.893862
-0.893224
-0.892832
-0.898007
-0.899876
-0.895484
-0.898052
-0.897918
-0.900677
-0.904214
-0.906454
-0.902615
-0.902803
-0.90398
-0.902869
-0.909748
-0.902909
-0.897233
-0.897639
-0.89964
-0.896125
-0.896067
-0.895438
-0.896081
-0.896541
-0.895227
-0.894422
-0.897657
-0.892337
-0.889876
-0.885632
-0.887796
-0.894459
-0.894132
-0.893447
-0.894384
-0.900644
-0.850985
-0.783382
-0.760871
-0.817939
-0.789807
-0.767581
-0.770684
-0.710054
-0.84978
-0.896383
-0.89118
-0.890076
-0.892228
-0.891885
-0.896303
-0.897081
-0.897474
-0.897822
-0.900152
-0.899569
-0.898634
-0.898736
-0.903711
-0.895783
-0.900573
-0.901358
-0.90142
-0.898578
-0.901201
-0.902396
-0.902964
-0.903048
-0.902854
-0.901514
-0.903156
-0.9003
-0.898373
-0.897394
-0.898355
-0.896851
-0.900898
-0.902818
-0.901337
-0.902179
-0.900135
-0.900699
-0.901146
-0.89972
-0.898564
-0.899887
-0.901446
-0.900234
-0.898977
-0.896973
-0.897965
-0.90051
-0.900099
-0.899236
-0.903105
-0.900266
-0.901554
-0.898387
-0.901042
-0.901135
-0.898114
-0.901027
-0.901511
-0.900309
-0.899109
-0.899307
-0.904483
-0.902106
-0.903136
-0.903391
-0.901754
-0.899364
-0.900065
-0.901371
-0.900445
-0.901175
-0.898403
-0.899606
-0.899914
-0.899914
-0.902231
-0.899701
-0.897942
-0.904587
-0.903976
-0.902675
-0.90309
-0.901844
-0.901631
-0.835714
-0.841181
-0.862398
-0.884251
-0.892965
-0.851671
-0.876523
-0.884615
-0.885348
-0.865906
-0.858454
-0.847065
-0.778363
-0.809354
-0.826906
-0.779825
-0.712434
-0.694344
-0.740973
-0.750244
-0.869151
-0.900526
-0.901659
-0.898945
-0.903381
-0.904346
-0.908791
-0.912418
-0.907813
-0.907535
-0.906701
-0.909935
-0.909112
-0.908483
-0.909216
-0.909168
-0.909169
-0.90874
-0.905878
-0.908921
-0.907348
-0.907134
-0.904119
-0.903958
-0.902429
-0.904921
-0.90719
-0.907002
-0.908909
-0.9057
-0.907645
-0.905352
-0.901026
-0.901026
-0.901973
-0.901402
-0.902317
-0.896825
-0.897978
-0.898301
-0.901029
-0.898085
-0.898798
-0.898326
-0.896789
-0.896195
-0.892902
-0.901135
-0.903113
-0.906433
-0.90663
-0.906865
-0.90394
-0.902431
-0.900628
-0.899394
-0.901759
-0.904994
-0.901362
-0.901422
-0.904898
-0.904194
-0.905251
-0.904454
-0.903107
-0.903223
-0.905086
-0.907748
-0.904562
-0.905873
-0.904875
-0.907171
-0.906254
-0.908478
-0.905618
-0.907111
-0.906115
-0.905923
-0.905896
-0.907766
-0.906243
-0.906006
-0.90795
-0.908536
-0.906752
-0.907565
-0.907692
-0.906691
-0.903507
-0.903377
-0.906784
-0.907186
-0.904958
-0.902542
-0.9052
-0.907133
-0.905216
-0.903079
-0.901221
-0.903149
-0.897777
-0.901431
-0.90033
-0.892834
-0.89341
-0.894525
-0.860954
-0.82808
-0.846873
-0.877375
-0.891599
-0.893303
-0.887318
-0.894296
-0.892898
-0.883884
-0.888478
-0.889208
-0.894973
-0.890035
-0.735156
-0.774563
-0.803544
-0.827918
-0.826204
-0.67382
-0.687747
-0.685092
-0.70912
-0.699543
-0.828788
-0.891386
-0.900028
-0.897215
-0.886859
-0.883719
-0.891776
-0.906838
-0.902996
-0.893389
-0.893664
-0.780315
-0.817832
-0.859063
-0.86998
-0.874376
-0.869261
-0.87088
-0.871973
-0.869758
-0.857171
-0.864816
-0.834596
-0.851474
-0.864586
-0.878467
-0.874189
-0.862876
-0.855922
-0.849981
-0.846315
-0.855388
-0.846321
-0.810973
-0.830509
-0.791823
-0.770337
-0.674487
-0.644028
-0.678051
-0.709834
-0.823252
-0.884759
-0.89231
-0.892242
-0.887039
-0.889116
-0.886837
-0.900438
-0.903037
-0.901824
-0.889019
-0.900511
-0.897262
-0.896307
-0.891508
-0.887446
-0.888752
-0.876163
-0.859148
-0.873437
-0.87535
-0.88748
-0.888154
-0.89172
-0.893706
-0.797224
-0.783363
-0.768485
-0.706213
-0.640246
-0.638533
-0.76523
-0.876446
-0.906222
-0.908034
-0.909226
-0.906612
-0.908568
-0.908567
-0.908966
-0.906187
-0.908161
-0.907537
-0.907102
-0.906305
-0.905337
-0.896948
-0.888454
-0.885369
-0.882806
-0.887196
-0.842133
-0.757538
-0.811897
-0.826997
-0.818492
-0.808161
-0.809709
-0.827349
-0.752068
-0.704725
-0.701836
-0.702603
-0.763714
-0.85174
-0.88377
-0.883448
-0.882793
-0.899449
-0.906498
-0.905066
-0.901587
-0.903186
-0.902955
-0.903282
-0.904825
-0.903978
-0.901908
-0.897171
-0.898644
-0.896981
-0.895448
-0.901198
-0.890973
-0.895252
-0.899274
-0.896807
-0.891621
-0.892077
-0.897429
-0.903784
-0.899294
-0.789765
-0.721169
-0.831959
-0.85545
-0.81909
-0.73612
-0.689392
-0.676952
-0.773001
-0.880576
-0.90158
-0.910775
-0.90825
-0.907652
-0.911848
-0.901946
-0.903233
-0.905533
-0.905739
-0.905987
-0.906096
-0.902735
-0.899081
-0.901736
-0.901026
-0.897644
-0.90418
-0.901499
-0.904469
-0.905477
-0.903094
-0.903443
-0.898839
-0.897791
-0.900849
-0.901676
-0.904191
-0.901426
-0.907188
-0.905416
-0.906178
-0.901364
-0.906417
-0.902382
-0.903632
-0.899607
-0.903352
-0.906078
-0.904615
-0.90353
-0.903635
-0.901883
-0.900738
-0.903855
-0.902909
-0.905137
-0.897899
-0.900395
-0.899181
-0.899859
-0.894329
-0.898852
-0.902004
-0.905469
-0.901565
-0.90214
-0.901866
-0.900769
-0.902894
-0.898643
-0.895469
-0.898117
-0.902073
-0.898139
-0.897911
-0.899359
-0.904617
-0.904873
-0.901934
-0.90077
-0.900302
-0.901357
-0.900294
-0.905119
-0.901114
-0.905564
-0.90325
-0.903024
-0.90283
-0.898314
-0.903046
-0.904803
-0.901294
-0.900656
-0.903528
-0.904859
-0.901936
-0.900273
-0.90474
-0.902617
-0.903342
-0.906593
-0.90629
-0.90495
-0.904328
-0.904491
-0.900713
-0.901902
-0.904059
-0.900031
-0.902282
-0.904144
-0.902123
-0.905767
-0.904231
-0.904992
-0.904291
-0.905549
-0.902292
-0.901101
-0.904815
-0.90735
-0.903769
-0.904257
-0.90185
-0.903491
-0.903655
-0.90632
-0.901781
-0.904519
-0.904159
-0.903093
-0.894661
-0.897878
-0.900642
-0.900029
-0.901597
-0.906921
-0.904524
-0.899673
-0.900544
-0.904262
-0.825432
-0.828872
-0.834806
-0.840351
-0.860554
-0.772442
-0.792819
-0.714984
-0.652388
-0.722348
-0.739859
-0.726683
-0.882632
-0.892046
-0.893963
-0.890968
-0.890719
-0.894987
-0.897484
-0.897388
-0.899869
-0.900663
-0.902255
-0.901965
-0.901719
-0.903561
-0.904369
-0.902471
-0.902773
-0.894131
-0.88771
-0.891444
-0.895724
-0.901289
-0.905777
-0.906279
-0.898765
-0.897215
-0.894277
-0.891485
-0.888651
-0.881946
-0.881256
-0.88648
-0.888758
-0.895718
-0.888392
-0.882019
-0.890437
-0.887677
-0.88048
-0.882313
-0.892849
-0.891435
-0.887826
-0.887839
-0.889083
-0.896484
-0.895094
-0.89597
-0.893758
-0.887213
-0.883142
-0.893402
-0.863496
-0.715273
-0.730025
-0.731444
-0.769632
-0.81713
-0.788113
-0.667361
-0.661969
-0.675206
-0.634738
-0.640045
-0.822047
-0.843016
-0.836025
-0.830258
-0.831055
-0.82861
-0.827512
-0.831414
-0.836233
-0.836847
-0.836607
-0.822088
-0.82681
-0.837664
-0.838666
-0.83679
-0.839425
-0.832208
-0.826075
-0.831655
-0.83733
-0.831583
-0.829749
-0.833344
-0.831391
-0.826017
-0.825758
-0.82431
-0.820683
-0.817707
-0.821444
-0.823304
-0.821661
-0.823067
-0.82104
-0.81912
-0.81857
-0.822237
-0.818683
-0.824891
-0.820244
-0.824287
-0.823135
-0.825409
-0.817945
-0.821996
-0.819537
-0.814632
-0.820862
-0.822544
-0.821837
-0.827545
-0.811289
-0.809232
-0.806429
-0.818553
-0.820764
-0.829528
-0.819058
-0.820594
-0.746295
-0.742941
-0.751185
-0.750809
-0.790038
-0.702472
-0.68206
-0.667918
-0.713643
-0.651188
-0.786366
-0.889194
-0.890054
-0.883511
-0.887705
-0.885576
-0.883484
-0.880289
-0.877966
-0.878654
-0.885534
-0.891129
-0.883015
-0.880642
-0.881724
-0.887877
-0.891474
-0.889061
-0.893403
-0.893419
-0.890953
-0.894146
-0.896537
-0.895639
-0.898219
-0.891798
-0.895171
-0.891374
-0.890709
-0.888715
-0.876366
-0.870239
-0.882208
-0.88714
-0.877962
-0.87381
-0.875044
-0.876462
-0.886524
-0.892175
-0.892892
-0.893943
-0.890928
-0.890949
-0.891751
-0.891363
-0.888714
-0.883762
-0.8906
-0.887769
-0.895478
-0.892125
-0.887233
-0.889411
-0.888413
-0.887696
-0.882277
-0.890001
-0.892311
-0.892557
-0.886006
-0.880326
-0.885813
-0.895494
-0.893295
-0.900385
-0.877988
-0.731649
-0.78593
-0.79724
-0.808064
-0.719064
-0.667061
-0.732504
-0.703851
-0.824309
-0.88262
-0.882899
-0.900395
-0.897373
-0.899734
-0.900855
-0.901842
-0.901922
-0.89829
-0.901135
-0.805845
-0.738824
-0.771385
-0.869711
-0.852187
-0.686788
-0.603828
-0.656906
-0.838535
-0.899595
-0.901547
-0.886957
-0.881763
-0.885729
-0.883336
-0.884651
-0.887604
-0.891112
-0.880721
-0.880892
-0.889919
-0.887672
-0.89309
-0.893277
-0.889366
-0.897306
-0.896839
-0.896332
-0.89927
-0.898724
-0.900595
-0.900885
-0.897842
-0.897151
-0.891485
-0.894314
-0.880481
-0.872742
-0.871232
-0.878929
-0.882558
-0.86692
-0.829537
-0.893796
-0.897677
-0.898698
-0.901146
-0.899569
-0.901964
-0.898562
-0.896258
-0.891877
-0.896634
-0.898325
-0.89554
-0.892274
-0.900937
-0.900758
-0.895088
-0.892461
-0.89504
-0.896963
-0.899247
-0.894855
-0.893508
-0.894079
-0.891344
-0.89719
-0.898294
-0.899137
-0.902019
-0.897616
-0.896717
-0.898306
-0.89798
-0.893179
-0.899313
-0.899431
-0.895875
-0.889619
-0.87234
-0.874622
-0.878196
-0.895565
-0.902329
-0.904409
-0.901727
-0.902025
-0.895411
-0.889167
-0.888752
-0.88337
-0.899995
-0.905366
-0.901162
-0.901924
-0.903944
-0.900089
-0.899693
-0.896135
-0.89341
-0.898048
-0.892856
-0.89579
-0.888995
-0.897858
-0.898368
-0.894243
-0.899319
-0.90127
-0.89788
-0.896998
-0.894746
-0.891922
-0.895597
-0.896729
-0.897309
-0.895089
-0.893951
-0.898072
-0.896466
-0.899094
-0.901078
-0.904614
-0.898486
-0.895746
-0.894907
-0.894167
-0.899246
-0.894644
-0.896305
-0.897166
-0.896403
-0.899838
-0.893234
-0.888537
-0.891225
-0.885697
-0.887054
-0.886923
-0.892167
-0.900763
-0.903234
-0.903909
-0.904023
-0.895495
-0.891517
-0.894245
-0.89093
-0.899101
-0.898054
-0.892058
-0.82548
-0.832234
-0.894158
-0.879416
-0.865014
-0.880225
-0.876719
-0.805886
-0.736247
-0.763867
-0.755118
-0.774621
-0.724115
-0.642967
-0.633242
-0.664284
-0.665091
-0.802219
-0.893962
-0.898593
-0.8975
-0.897685
-0.902707
-0.90294
-0.903047
-0.90201
-0.901297
-0.899357
-0.899811
-0.903941
-0.902782
-0.899944
-0.90099
-0.899067
-0.898716
-0.895429
-0.895567
-0.901587
-0.89789
-0.894553
-0.904736
-0.903476
-0.905692
-0.903606
-0.897445
-0.895701
-0.901462
-0.904559
-0.901491
-0.898061
-0.894528
-0.889983
-0.889677
-0.887162
-0.886393
-0.892308
-0.893822
-0.901842
-0.902933
-0.900952
-0.900659
-0.899011
-0.903606
-0.903677
-0.902781
-0.904682
-0.901326
-0.904618
-0.904055
-0.906375
-0.90156
-0.900621
-0.896999
-0.89213
-0.893346
-0.890681
-0.891702
-0.900018
-0.903181
-0.90421
-0.90172
-0.900969
-0.900468
-0.901857
-0.902074
-0.899092
-0.901065
-0.90103
-0.900958
-0.89924
-0.900403
-0.901629
-0.896197
-0.900564
-0.904326
-0.904252
-0.901852
-0.903802
-0.903938
-0.901476
-0.90186
-0.902466
-0.900221
-0.901004
-0.900467
-0.902271
-0.898815
-0.895337
-0.894678
-0.895392
-0.902086
-0.896024
-0.898159
-0.901165
-0.894531
-0.890019
-0.899931
-0.899435
-0.902053
-0.896614
-0.891494
-0.888739
-0.897724
-0.90116
-0.902843
-0.896859
-0.896035
-0.891212
-0.898714
-0.902698
-0.897936
-0.900099
-0.900237
-0.901408
-0.900228
-0.899561
-0.900165
-0.894413
-0.891788
-0.898947
-0.902538
-0.901519
-0.897996
-0.893304
-0.888416
-0.888712
-0.888452
-0.899214
-0.899529
-0.898229
-0.897684
-0.892112
-0.891539
-0.894326
-0.897254
-0.896331
-0.897244
-0.898601
-0.8965
-0.897894
-0.898407
-0.897163
-0.891093
-0.90031
-0.902438
-0.893818
-0.89713
-0.901799
-0.898055
-0.89032
-0.898437
-0.894547
-0.888485
-0.894979
-0.769256
-0.84037
-0.854193
-0.847605
-0.855341
-0.858923
-0.863402
-0.853841
-0.851671
-0.844588
-0.849068
-0.84847
-0.845094
-0.841588
-0.845794
-0.847417
-0.846371
-0.842234
