GlobalSignal	CompCorrVec1	CompCorrVec2	CompCorrVec3	CompCorrVec4	CompCorrVec5	CompCorrVec6	CompCorrVec7	CompCorrVec8	CompCorrVec9	CompCorrVec10	CompCorrVec11	CompCorrVec12
0	-0	-0	-0	-0	0	-0	-0	-0	-0	-0	-0	-0
0	-0	-0	-0	-0	0	-0	-0	-0	-0	-0	-0	-0
0	-0	-0	-0	-0	0	-0	-0	-0	-0	-0	-0	-0
0	-0	-0	-0	-0	0	-0	-0	-0	-0	-0	-0	-0
0	-0	-0	-0	-0	0	-0	-0	-0	-0	-0	-0	-0
0.00128120172890309	-0.056986011449442	-0	0.112629158528937	-0	-0.00381262993523199	0.0426682022605877	-0.253633035666052	0.00363592250689365	-0.135589223343626	0.00269232619917971	-0.196442547037677	0.00232668936299205
0	1.12839242856258e-17	-0	8.91002177351092e-18	-0	1.59937587122481e-17	-4.58235036446258e-17	6.50836933778523e-07	-2.70163776149728e-05	5.97054429520787e-06	-3.44046590241573e-05	3.2704621056063e-05	0.000401913109416364
0	-1.34371366146953e-17	-0	-1.33707380356952e-17	-0	-5.04628310381715e-18	3.39447333963322e-16	3.16152698847667e-06	4.04577524870156e-06	2.22107927266138e-05	-2.00014078580853e-05	-5.30949542378737e-05	-1.25095126567158e-05
0	-5.54869653546467e-19	-0	-2.06015693814751e-18	-0	-6.08734174143227e-17	-9.01781779098639e-18	2.20278507522484e-07	-3.21862494788859e-07	1.37687122212211e-06	2.39212918958465e-06	-3.62776211113679e-06	0.000109936607779891
-0.0012507260844922	0.0556304985882126	-0	-0.109950075205633	-0	0.00372193980302426	-0.0416532637617124	-0.0297448848381974	-0.0103049441693588	0.0162139031067089	-0.00503782941313486	0.0440702386482521	-0.00193283081354773
0	-0	-0	-0	-0	0	-0	5.99501175184129e-11	-2.94889800497025e-11	5.18332376483885e-10	-8.27488965071579e-12	3.65522375505222e-10	2.9047261422321e-10
0	-0	-0	-0	-0	0	-0	-2.13162940462369e-11	-4.15857469222966e-11	4.77513631180168e-10	-7.52145700383457e-11	3.50622023895242e-11	2.63293333669805e-10
0	-0	-0	-0	-0	0	-0	6.80316142764865e-12	2.80676684284246e-11	-9.3778660870966e-10	8.15488710865024e-11	2.2159115170087e-09	-6.72706951776777e-10
0	-0	-0	-0	-0	0	-0	-4.3344556944043e-13	-7.54135061291472e-11	-1.97594059133856e-11	1.73240495543497e-10	4.19333891075452e-11	2.32463836549395e-10
0	-0	-0	-0	-0	0	-0	1.53965294455655e-13	3.27458745748999e-11	2.72128271755775e-11	1.610528350325e-10	-9.99610212098009e-11	1.29914907565037e-09
0	-0	-0	-0	-0	0	-0	-6.09037963403293e-15	-1.66041066901655e-12	-1.00676796004312e-11	-2.08967832819605e-09	-3.49379607751382e-11	2.43780536400216e-09
0	-0	-0	-0	-0	0	-0	3.41855055920038e-16	1.16165267256253e-13	2.71900310649039e-12	9.38901098073806e-10	3.72435743309816e-11	7.2081554266958e-09
0	-0	-0	-0	-0	0	-0	1.07306593106288e-17	4.45660690037734e-15	3.15745123311e-13	1.52558480238e-10	9.34624692404631e-12	4.17319935585771e-09
0	-0	-0	-0	-0	0	-0	5.24558085297861e-20	2.66082855029993e-17	5.65896259602395e-15	3.80476710745334e-12	3.55824280981323e-13	3.47113867531757e-10
0.0015200205757807	-0.162564901107542	-0	-0.0964098078908576	-0	0.00906962961611787	-0.00424364172590938	-0.00536432465664667	0.162882317853953	0.000722333273928397	-0.0775546855415256	0.00118806191043163	0.00845419408565843
0	-0	-0	-0	-0	0	-0	1.31871769116667e-26	9.93631503949976e-24	1.81761939083119e-20	2.30305996611271e-17	4.77307576506823e-18	1.87926438085041e-14
0	-0	-0	-0	-0	0	-0	6.10139762085966e-32	5.59957491858473e-29	2.98384897613338e-25	5.17044085558534e-22	1.58429871127823e-22	1.22715084916046e-18
0.000227951429509146	-0.00312133734681569	-0	0.00724039960258149	-0	-0.00026495087950401	-0.140370308610988	0.0171549508758897	-0.00114606009875209	0.00139781942132761	0.000528820597086612	0.0677150891856046	-0.00101438828891596
0	-0	-0	-0	-0	0	-0	-2.30677676304813e-38	-3.14193150774612e-35	-1.42636634693886e-30	-4.63286074258005e-27	-3.11573343711178e-27	-9.44734753633517e-23
0	-0	-0	-0	-0	0	-0	5.32423036047909e-42	8.83399229747369e-39	1.17125123939807e-33	5.2193163838393e-30	5.28788546786043e-30	2.99041847805707e-25
0	-0	-0	-0	-0	0	-0	1.86381408396267e-46	3.87043360615923e-43	2.11984998543029e-37	1.68671162163548e-33	5.54241056434017e-33	-2.40125154065506e-28
0	-0	-0	-0	-0	0	-0	-7.70084650098972e-53	-1.5865927813166e-49	-8.48866882818081e-44	-6.73232613568365e-40	-2.20589676918008e-39	9.52918648938535e-35
0	-0	-0	-0	-0	0	-0	-0	-0	-0	-0	-0	-0
0.000325714131384873	-0.00446000134706578	-0	0.0103456270158546	-0	-0.000378581725778497	-0.200571644757517	0.0404018659543484	-0.0030004334870092	0.0633354906031392	-0.0134667678430692	-0.213951601747034	0.000583479037381684
0	-0	-0	-0	-0	0	-0	-0	-0	-0	-0	-0	-0
0	-0	-0	-0	-0	0	-0	-0	-0	-0	-0	-0	-0
0	-0	-0	-0	-0	0	-0	-0	-0	-0	-0	-0	-0
0	-0	-0	-0	-0	0	-0	-0	-0	-0	-0	-0	-0
-0.0017268446341498	-0	-0	-0	-0	0	-0	-0	-0	-0	-0	-0	-0
0	-0	-0	-0	-0	0	-0	-0	-0	-0	-0	-0	-0
0	-0	-0	-0	-0	0	-0	-0	-0	-0	-0	-0	-0
0	-0	-0	-0	-0	0	-0	-0	-0	-0	-0	-0	-0
0	-0	-0	-0	-0	0	-0	-0	-0	-0	-0	-0	-0
0	-0	-0	-0	-0	0	-0	-0	-0	-0	-0	-0	-0
0	-0	-0	-0	-0	0	-0	-0	-0	-0	-0	-0	-0
0	-0	-0	-0	-0	0	-0	-0	-0	-0	-0	-0	-0
0	-0	-0	-0	-0	0	-0	-0	-0	-0	-0	-0	-0
0	-0	-0	-0	-0	0	-0	-0	-0	-0	-0	-0	-0
0	-0	-0	-0	-0	0	-0	-0	-0	-0	-0	-0	-0
0	-0	-0	-0	-0	0	-0	-0	-0	-0	-0	-0	-0
0	-0	-0	-0	-0	0	-0	-0	-0	-0	-0	-0	-0
0	-0	-0	-0	-0	0	-0	-0	-0	-0	-0	-0	-0
0.00248009118309676	-0.100066322690254	-0	0.199338493202506	-0	-0.00677682801348897	-0.133404921790912	-0.223858912908293	0.0104599866013842	-0.206140186965826	0.0211601153528032	0.182492095072628	0.000174434611194383
0	-0	-0	-0	-0	0	-0	-0	-0	-0	-0	-0	-0
0	-0	-0	-0	-0	0	-0	-0	-0	-0	-0	-0	-0
0	-0	-0	-0	-0	0	-0	-0	-0	-0	-0	-0	-0
0	-0	-0	-0	-0	0	-0	-0	-0	-0	-0	-0	-0
0.000186253862995563	-0.0025503728570977	-0	0.00591596375822787	-0	-0.000216485261434652	-0.114693346231579	0.0140167326464131	-0.000936868146285137	0.00114185467126943	0.000432308289507705	0.0553272759276095	-0.000820487196335982
0	-0	-0	-0	-0	0	-0	-0	-0	-0	-0	-0	-0
-0.00078288691910647	0.0837290867049977	-0	0.0496558919490628	-0	-0.00467131465240371	0.00218568856864657	0.00369765456401318	-0.133336377182195	-0.00016653322826074	0.073803117153394	-9.71797828283916e-06	0.0261404897207164
0.00335847889061035	-0	-0	-0	-0	0	-0	-0	-0	-0	-0	-0	-0
-0.00102360828073461	-0	-0	-0	-0	0	-0	-0	-0	-0	-0	-0	-0
0	-0	-0	-0	-0	0	-0	-0	-0	-0	-0	-0	-0
0	-0	-0	-0	-0	0	-0	-0	-0	-0	-0	-0	-0
0	-0	-0	-0	-0	0	-0	-0	-0	-0	-0	-0	-0
0	-0	-0	-0	-0	0	-0	-0	-0	-0	-0	-0	-0
0	-0	-0	-0	-0	0	-0	-0	-0	-0	-0	-0	-0
0	-0	-0	-0	-0	0	-0	-0	-0	-0	-0	-0	-0
-0.00294716097988007	0.11891158045282	-0	-0.236879447853612	-0	0.00805309226577756	0.15852875479354	0.209537200200855	-0.013478206867859	0.211029134299507	-0.0229449216260569	-0.186833313280403	-0.000515970788723259
-0.00123825726975396	-0	-0	-0	-0	0	-0	-0	-0	-0	-0	-0	-0
0	-0	-0	-0	-0	0	-0	-0	-0	-0	-0	-0	-0
-0.00255902470288296	-0	-0	-0	-0	0	-0	-0	-0	-0	-0	-0	-0
0	-0	-0	-0	-0	0	-0	-0	-0	-0	-0	-0	-0
0	-0	-0	-0	-0	0	-0	-0	-0	-0	-0	-0	-0
-0.000561272322896521	-0	-0	-0	-0	0	-0	-0	-0	-0	-0	-0	-0
0	-0	-0	-0	-0	0	-0	-0	-0	-0	-0	-0	-0
0	-0	-0	-0	-0	0	-0	-0	-0	-0	-0	-0	-0
0	-0	-0	-0	-0	0	-0	-0	-0	-0	-0	-0	-0
0	-0	-0	-0	-0	0	-0	-0	-0	-0	-0	-0	-0
0	-0	-0	-0	-0	0	-0	-0	-0	-0	-0	-0	-0
0	-0	-0	-0	-0	0	-0	-0	-0	-0	-0	-0	-0
0	-0	-0	-0	-0	0	-0	-0	-0	-0	-0	-0	-0
-0.000609838913400445	-0	-0	-0	-0	0	-0	-0	-0	-0	-0	-0	-0
0	-0	-0	-0	-0	0	-0	-0	-0	-0	-0	-0	-0
0	-0	-0	-0	-0	0	-0	-0	-0	-0	-0	-0	-0
0	-0	-0	-0	-0	0	-0	-0	-0	-0	-0	-0	-0
-0.00677298121468902	-0	-0	-0	-0	0	-0	-0	-0	-0	-0	-0	-0
0.00409005750643799	-0	-0	-0	-0	0	-0	-0	-0	-0	-0	-0	-0
0	-0	-0	-0	-0	0	-0	-0	-0	-0	-0	-0	-0
0	-0	-0	-0	-0	0	-0	-0	-0	-0	-0	-0	-0
0	-0	-0	-0	-0	0	-0	-0	-0	-0	-0	-0	-0
0	-0	-0	-0	-0	0	-0	-0	-0	-0	-0	-0	-0
0	-0	-0	-0	-0	0	-0	-0	-0	-0	-0	-0	-0
-0.000105799928393124	0.00470582875028619	-0	-0.00930076555360607	-0	0.000314841890265524	-0.00352348318126111	0.281565830007036	0.00604744135204078	0.120380710364235	0.00205667688029416	0.155098592402109	-0.000521469199430675
0	-0	-0	-0	-0	0	-0	-0	-0	-0	-0	-0	-0
0.000570448911780101	-0.0610090234356464	-0	-0.0361816615331186	-0	0.00340374362505307	-0.00159259739182802	0.00132959475948687	-0.116270112356554	0.000828385488259206	0.0645925914882221	-0.000221414235828721	-0.0282801276983546
0	-0	-0	-0	-0	0	-0	-0	-0	-0	-0	-0	-0
0	-0	-0	-0	-0	0	-0	-0	-0	-0	-0	-0	-0
-0.00085026186221784	0.0909347792716412	-0	0.0539292586557549	-0	-0.00507332617064459	0.00237378807493916	0.00164088578117905	-0.0189576409966977	-0.000631574896724451	0.00526938206878125	-0.000394054980315443	0.0080784886667399
0	-0	-0	-0	-0	0	-0	-0	-0	-0	-0	-0	-0
0.00251042503076551	-0	-0	-0	-0	0	-0	-0	-0	-0	-0	-0	-0
0	-0	-0	-0	-0	0	-0	-0	-0	-0	-0	-0	-0
0	-0	-0	-0	-0	0	-0	-0	-0	-0	-0	-0	-0
-0.00178712621992064	-0	-0	-0	-0	0	-0	-0	-0	-0	-0	-0	-0
0	-0	-0	-0	-0	0	-0	-0	-0	-0	-0	-0	-0
-0.000954065586120791	-0	-0	-0	-0	0	-0	-0	-0	-0	-0	-0	-0
0	-0	-0	-0	-0	0	-0	-0	-0	-0	-0	-0	-0
0	-0	-0	-0	-0	0	-0	-0	-0	-0	-0	-0	-0
-0.000620008268369546	0.0663093542543492	-0	0.0393250453294346	-0	-0.00369945344335514	0.0017309587777878	0.00338308551889471	-0.129704461494789	-4.54522379975658e-05	0.0727949702278882	6.71504372974692e-05	0.0246017458227122
0	-0	-0	-0	-0	0	-0	-0	-0	-0	-0	-0	-0
0	-0	-0	-0	-0	0	-0	-0	-0	-0	-0	-0	-0
0	-0	-0	-0	-0	0	-0	-0	-0	-0	-0	-0	-0
0	-0	-0	-0	-0	0	-0	-0	-0	-0	-0	-0	-0
0	-0	-0	-0	-0	0	-0	-0	-0	-0	-0	-0	-0
0	-0	-0	-0	-0	0	-0	-0	-0	-0	-0	-0	-0
0	-0	-0	-0	-0	0	-0	-0	-0	-0	-0	-0	-0
0	-0	-0	-0	-0	0	-0	-0	-0	-0	-0	-0	-0
-0.00296258612146324	0.108119400092249	-0	0.0658417823452739	-0	0.048738470353819	0.00278127213917661	-0.000268577540665777	0.0986921741470831	-0.00139138767423287	-0.0825321183408066	-0.00132023180847771	-0.775161891005407
0	-0	-0	-0	-0	0	-0	-0	-0	-0	-0	-0	-0
-3.74346833600235e-05	0.00400360738228121	-0	0.00237435643220907	-0	-0.00022336455063951	0.000104511338092198	7.22328402690747e-05	-0.000834671284770277	-2.78950298658626e-05	0.00023200155166856	-1.72555517273837e-05	0.000356570631214652
0	-0	-0	-0	-0	0	-0	-0	-0	-0	-0	-0	-0
0	-0	-0	-0	-0	0	-0	-0	-0	-0	-0	-0	-0
0	-0	-0	-0	-0	0	-0	-0	-0	-0	-0	-0	-0
0	-0	-0	-0	-0	0	-0	-0	-0	-0	-0	-0	-0
0	-0	-0	-0	-0	0	-0	-0	-0	-0	-0	-0	-0
0	-0	-0	-0	-0	0	-0	-0	-0	-0	-0	-0	-0
0	-0	-0	-0	-0	0	-0	-0	-0	-0	-0	-0	-0
0	-0	-0	-0	-0	0	-0	-0	-0	-0	-0	-0	-0
0	-0	-0	-0	-0	0	-0	-0	-0	-0	-0	-0	-0
0	-0	-0	-0	-0	0	-0	-0	-0	-0	-0	-0	-0
0	-0	-0	-0	-0	0	-0	-0	-0	-0	-0	-0	-0
0.00895216684925103	-0.080966003216556	-0	0.160024058181752	-0	-0.00541700322145521	0.0606231900359524	-0.0704027067048395	0.0106055930516151	0.177483839653578	-0.00707772832621749	-0.0255576374936926	0.00342479290208069
0	-0	-0	-0	-0	0	-0	-0	-0	-0	-0	-0	-0
0	-0	-0	-0	-0	0	-0	-0	-0	-0	-0	-0	-0
0	-0	-0	-0	-0	0	-0	-0	-0	-0	-0	-0	-0
0	-0	-0	-0	-0	0	-0	-0	-0	-0	-0	-0	-0
0	-0	-0	-0	-0	0	-0	-0	-0	-0	-0	-0	-0
0.00133667244270597	-0.0594532690721149	-0	0.117505533324205	-0	-0.00397770097689344	0.0445155582102579	0.315871266739155	0.0179318992181884	0.101685644165947	0.00786524250318329	0.104279479451248	0.00170426659063822
-0.00187415251723372	-0	-0	-0	-0	0	-0	-0	-0	-0	-0	-0	-0
0.000896233688250911	-0.0958514267643799	-0	-0.0568450974192976	-0	0.00534762998043508	-0.00250213367911474	0.000700786340455962	-0.109005615938349	0.00107011639991047	0.0625654077984538	-6.98462395901069e-05	-0.0313896874455119
-0.0010231333668262	0.0455075016220447	-0	-0.0899426277445641	-0	0.00304466409472671	-0.0340736828953	-0.126721368206005	-0.0123262577017318	0.202153707555631	-0.0177510719146588	0.0769307918162092	-0.000733507807489162
0	-0	-0	-0	-0	0	-0	-0	-0	-0	-0	-0	-0
0	-0	-0	-0	-0	0	-0	-0	-0	-0	-0	-0	-0
0	-0	-0	-0	-0	0	-0	-0	-0	-0	-0	-0	-0
0	-0	-0	-0	-0	0	-0	-0	-0	-0	-0	-0	-0
0	-0	-0	-0	-0	0	-0	-0	-0	-0	-0	-0	-0
0	-0	-0	-0	-0	0	-0	-0	-0	-0	-0	-0	-0
0.00066315784554286	-0.0709241646442728	-0	-0.0420618783119187	-0	0.00395691751278254	-0.00185142513795991	-0.00371056124940997	0.143774306277186	8.76347018690696e-05	-0.072234839285296	0.000793531691347337	0.0165514849983301
0	-0	-0	-0	-0	0	-0	-0	-0	-0	-0	-0	-0
0	-0	-0	-0	-0	0	-0	-0	-0	-0	-0	-0	-0
0	-0	-0	-0	-0	0	-0	-0	-0	-0	-0	-0	-0
0	-0	-0	-0	-0	0	-0	-0	-0	-0	-0	-0	-0
0	-0	-0	-0	-0	0	-0	-0	-0	-0	-0	-0	-0
0	-0	-0	-0	-0	0	-0	-0	-0	-0	-0	-0	-0
0	-0	-0	-0	-0	0	-0	-0	-0	-0	-0	-0	-0
0	-0	-0	-0	-0	0	-0	-0	-0	-0	-0	-0	-0
0	-0	-0	-0	-0	0	-0	-0	-0	-0	-0	-0	-0
0	-0	-0	-0	-0	0	-0	-0	-0	-0	-0	-0	-0
0	-0	-0	-0	-0	0	-0	-0	-0	-0	-0	-0	-0
0.000177464027623898	-0.00243001370218028	-0	0.00563677305225687	-0	-0.000206268722685879	-0.109280649735588	0.0133554822901819	-0.000892477780610617	0.0010878043083351	0.000412309342043744	0.0527176763550987	-0.000787308608347939
0	-0	-0	-0	-0	0	-0	-0	-0	-0	-0	-0	-0
0	-0	-0	-0	-0	0	-0	-0	-0	-0	-0	-0	-0
0	-0	-0	-0	-0	0	-0	-0	-0	-0	-0	-0	-0
0	-0	-0	-0	-0	0	-0	-0	-0	-0	-0	-0	-0
0.00108951484839119	-0.116522681604449	-0	-0.0691042732587225	-0	0.00650089629944229	-0.00304174216145676	-0.00453314650818062	0.153281124573147	0.000402831850811073	-0.074883840988083	0.000986172538361842	0.012515015469058
0	-0	-0	-0	-0	0	-0	-0	-0	-0	-0	-0	-0
0	-0	-0	-0	-0	0	-0	-0	-0	-0	-0	-0	-0
0	-0	-0	-0	-0	0	-0	-0	-0	-0	-0	-0	-0
0	-0	-0	-0	-0	0	-0	-0	-0	-0	-0	-0	-0
0	-0	-0	-0	-0	0	-0	-0	-0	-0	-0	-0	-0
0	-0	-0	-0	-0	0	-0	-0	-0	-0	-0	-0	-0
0	-0	-0	-0	-0	0	-0	-0	-0	-0	-0	-0	-0
0	-0	-0	-0	-0	0	-0	-0	-0	-0	-0	-0	-0
0	-0	-0	-0	-0	0	-0	-0	-0	-0	-0	-0	-0
-0.000399159177090563	0.0426897327469022	-0	0.0253173280640694	-0	-0.00238169532160864	0.00111438526964358	0.00594393875598827	-0.193204147424701	-0.0209520926839357	-0.327663170997571	0.0206331073035968	0.0143148781542429
0	-0	-0	-0	-0	0	-0	-0	-0	-0	-0	-0	-0
0	-0	-0	-0	-0	0	-0	-0	-0	-0	-0	-0	-0
0	-0	-0	-0	-0	0	-0	-0	-0	-0	-0	-0	-0
0.00140066876826911	-0.0622997336522339	-0	0.123131386095568	-0	-0.00416814273254071	0.0466468448774231	-0.0803775553316584	0.00714870495076516	0.182938201427779	-0.00876867240428597	-0.0107286116308374	0.00277675356383363
0	-0	-0	-0	-0	0	-0	-0	-0	-0	-0	-0	-0
0	-0	-0	-0	-0	0	-0	-0	-0	-0	-0	-0	-0
-0.000911365637272751	0.0974697757758951	-0	0.0578048662023357	-0	-0.0054379190036132	0.00254437953505223	-0.000428089441923552	0.0955592374008292	-0.00109158757829625	-0.0633045413775306	-0.000770725604896022	-0.0100416408964065
0	-0	-0	-0	-0	0	-0	-0	-0	-0	-0	-0	-0
0	-0	-0	-0	-0	0	-0	-0	-0	-0	-0	-0	-0
0	-0	-0	-0	-0	0	-0	-0	-0	-0	-0	-0	-0
0.0012003259844098	-0.0484305619053037	-0	0.0964767662096161	-0	-0.00327988057313046	-0.0645659107220737	-0.0823414897543557	0.00382589203001771	0.171093078168563	-0.00530466673894719	0.156107751606974	0.0009045368981959
0	-0	-0	-0	-0	0	-0	-0	-0	-0	-0	-0	-0
0	-0	-0	-0	-0	0	-0	-0	-0	-0	-0	-0	-0
0	-0	-0	-0	-0	0	-0	-0	-0	-0	-0	-0	-0
0	-0	-0	-0	-0	0	-0	-0	-0	-0	-0	-0	-0
0	-0	-0	-0	-0	0	-0	-0	-0	-0	-0	-0	-0
0	-0	-0	-0	-0	0	-0	-0	-0	-0	-0	-0	-0
0	-0	-0	-0	-0	0	-0	-0	-0	-0	-0	-0	-0
0	-0	-0	-0	-0	0	-0	-0	-0	-0	-0	-0	-0
-0.00113953762232001	-0	-0	-0	-0	0	-0	-0	-0	-0	-0	-0	-0
0	-0	-0	-0	-0	0	-0	-0	-0	-0	-0	-0	-0
0	-0	-0	-0	-0	0	-0	-0	-0	-0	-0	-0	-0
0	-0	-0	-0	-0	0	-0	-0	-0	-0	-0	-0	-0
0	-0	-0	-0	-0	0	-0	-0	-0	-0	-0	-0	-0
0.000385588400325758	-0.00527985929733572	-0	0.0122474077328167	-0	-0.00044817435895348	-0.237441646525819	0.044907591147027	-0.00330210946622387	0.0637030914944981	-0.0133266566221144	-0.196165805432392	0.000321400785692561
0	-0	-0	-0	-0	0	-0	-0	-0	-0	-0	-0	-0
0.00136558361786019	-0.146048000486769	-0	-0.0866143895382357	-0	0.00814813813784654	-0.00381247972119996	-0.00506628232164374	0.15943848314727	0.000608975422989598	-0.0765958237036005	0.00111579466400403	0.00989526920669474
0	-0	-0	-0	-0	0	-0	-0	-0	-0	-0	-0	-0
0	-0	-0	-0	-0	0	-0	-0	-0	-0	-0	-0	-0
0	-0	-0	-0	-0	0	-0	-0	-0	-0	-0	-0	-0
0	-0	-0	-0	-0	0	-0	-0	-0	-0	-0	-0	-0
0	-0	-0	-0	-0	0	-0	-0	-0	-0	-0	-0	-0
0	-0	-0	-0	-0	0	-0	-0	-0	-0	-0	-0	-0
0	-0	-0	-0	-0	0	-0	-0	-0	-0	-0	-0	-0
0	-0	-0	-0	-0	0	-0	-0	-0	-0	-0	-0	-0
0	-0	-0	-0	-0	0	-0	-0	-0	-0	-0	-0	-0
0	-0	-0	-0	-0	0	-0	-0	-0	-0	-0	-0	-0
0	-0	-0	-0	-0	0	-0	-0	-0	-0	-0	-0	-0
0	-0	-0	-0	-0	0	-0	-0	-0	-0	-0	-0	-0
0	-0	-0	-0	-0	0	-0	-0	-0	-0	-0	-0	-0
0	-0	-0	-0	-0	0	-0	-0	-0	-0	-0	-0	-0
0	-0	-0	-0	-0	0	-0	-0	-0	-0	-0	-0	-0
0	-0	-0	-0	-0	0	-0	-0	-0	-0	-0	-0	-0
0	-0	-0	-0	-0	0	-0	-0	-0	-0	-0	-0	-0
0	-0	-0	-0	-0	0	-0	-0	-0	-0	-0	-0	-0
0	-0	-0	-0	-0	0	-0	-0	-0	-0	-0	-0	-0
0	-0	-0	-0	-0	0	-0	-0	-0	-0	-0	-0	-0
0	-0	-0	-0	-0	0	-0	-0	-0	-0	-0	-0	-0
0	-0	-0	-0	-0	0	-0	-0	-0	-0	-0	-0	-0
0	-0	-0	-0	-0	0	-0	-0	-0	-0	-0	-0	-0
0	-0	-0	-0	-0	0	-0	-0	-0	-0	-0	-0	-0
0	-0	-0	-0	-0	0	-0	-0	-0	-0	-0	-0	-0
0	-0	-0	-0	-0	0	-0	-0	-0	-0	-0	-0	-0
0	-0	-0	-0	-0	0	-0	-0	-0	-0	-0	-0	-0
0	-0	-0	-0	-0	0	-0	-0	-0	-0	-0	-0	-0
0	-0	-0	-0	-0	0	-0	-0	-0	-0	-0	-0	-0
0	-0	-0	-0	-0	0	-0	-0	-0	-0	-0	-0	-0
-0.00112515669375417	0.120334546495653	-0	0.0713649159888753	-0	-0.00671356337870954	0.00314124819747849	0.0043583901589576	-0.140966854080396	-0.000421151978515253	0.0759224966730833	-0.000165239276521002	0.0293950842567757
0.00133071026533409	-0.142318325247499	-0	-0.0844024897316683	-0	0.00794005648689813	-0.00371511918788134	-0.00256889971078333	0.0296699446326027	0.000987404728857818	-0.00824884938193038	0.000614490983095846	-0.0126313465410259
0.000755872222789392	-0.0808398880288657	-0	-0.0479424403526449	-0	0.00451012388058659	-0.00211026808136686	-0.00388910129669436	0.145840498444631	0.000157054780739157	-0.0728089230438266	0.000834905904537998	0.0156896907939224
0	-0	-0	-0	-0	0	-0	-0	-0	-0	-0	-0	-0
0	-0	-0	-0	-0	0	-0	-0	-0	-0	-0	-0	-0
0	-0	-0	-0	-0	0	-0	-0	-0	-0	-0	-0	-0
0	-0	-0	-0	-0	0	-0	-0	-0	-0	-0	-0	-0
0	-0	-0	-0	-0	0	-0	-0	-0	-0	-0	-0	-0
0	-0	-0	-0	-0	0	-0	-0	-0	-0	-0	-0	-0
0	-0	-0	-0	-0	0	-0	-0	-0	-0	-0	-0	-0
0	-0	-0	-0	-0	0	-0	-0	-0	-0	-0	-0	-0
0	-0	-0	-0	-0	0	-0	-0	-0	-0	-0	-0	-0
0	-0	-0	-0	-0	0	-0	-0	-0	-0	-0	-0	-0
0	-0	-0	-0	-0	0	-0	-0	-0	-0	-0	-0	-0
0.00137321337300077	-0.146863996276375	-0	-0.0870983193212173	-0	0.0081936632144734	-0.00383378071394018	-0.000220307536245022	-0.0983724067737485	0.00142510019749098	0.059621245744153	0.000154918746197706	-0.0359199630461137
0	-0	-0	-0	-0	0	-0	-0	-0	-0	-0	-0	-0
0	-0	-0	-0	-0	0	-0	-0	-0	-0	-0	-0	-0
0	-0	-0	-0	-0	0	-0	-0	-0	-0	-0	-0	-0
0	-0	-0	-0	-0	0	-0	-0	-0	-0	-0	-0	-0
0	-0	-0	-0	-0	0	-0	-0	-0	-0	-0	-0	-0
0.000906344487132738	-0.0969327680610255	-0	-0.0574863914868595	-0	0.00540795890126836	-0.00253036132859584	0.000681519477502314	-0.108779428786089	0.00107799580625291	0.0625068613759865	-6.3544296965828e-05	-0.0314721633379336
0	-0	-0	-0	-0	0	-0	-0	-0	-0	-0	-0	-0
0	-0	-0	-0	-0	0	-0	-0	-0	-0	-0	-0	-0
0	-0	-0	-0	-0	0	-0	-0	-0	-0	-0	-0	-0
0	-0	-0	-0	-0	0	-0	-0	-0	-0	-0	-0	-0
0	-0	-0	-0	-0	0	-0	-0	-0	-0	-0	-0	-0
0	-0	-0	-0	-0	0	-0	-0	-0	-0	-0	-0	-0
0	-0	-0	-0	-0	0	-0	-0	-0	-0	-0	-0	-0
0	-0	-0	-0	-0	0	-0	-0	-0	-0	-0	-0	-0
0.00154509151050805	-0.165246216143382	-0	-0.0979999732078416	-0	0.00921922238856452	-0.00431363555784263	-0.00541290204880527	0.163439232897949	0.000742758516883816	-0.0777124030770714	0.00119783891616624	0.00817292695462586
-0.002439499468039	-0	-0	-0	-0	0	-0	-0	-0	-0	-0	-0	-0
0	-0	-0	-0	-0	0	-0	-0	-0	-0	-0	-0	-0
-4.38976869968295e-05	0.0223636413001073	-0	0.0455871884000203	-0	-0.00279120272836164	0.0103314854382668	0.118614776006951	0.128425103868989	-0.205413581734476	-0.0505504326258102	-0.0482622467434423	0.0257965568152936
0	-0	-0	-0	-0	0	-0	-0	-0	-0	-0	-0	-0
0	-0	-0	-0	-0	0	-0	-0	-0	-0	-0	-0	-0
0	-0	-0	-0	-0	0	-0	-0	-0	-0	-0	-0	-0
0	-0	-0	-0	-0	0	-0	-0	-0	-0	-0	-0	-0
0	-0	-0	-0	-0	0	-0	-0	-0	-0	-0	-0	-0
0	-0	-0	-0	-0	0	-0	-0	-0	-0	-0	-0	-0
0	-0	-0	-0	-0	0	-0	-0	-0	-0	-0	-0	-0
0.000487980570502003	-0.00668191457499598	-0	0.0154996805079849	-0	-0.000567186095800206	-0.300493764943834	0.036724691152484	-0.00245563807846008	0.00299327609592712	0.00113975066152877	0.144957462477803	-0.00216106722551167
0	-0	-0	-0	-0	0	-0	-0	-0	-0	-0	-0	-0
0	-0	-0	-0	-0	0	-0	-0	-0	-0	-0	-0	-0
0	-0	-0	-0	-0	0	-0	-0	-0	-0	-0	-0	-0
0	-0	-0	-0	-0	0	-0	-0	-0	-0	-0	-0	-0
0.000754723716400782	-0.0807170562524978	-0	-0.0478695944438167	-0	0.00450327099469651	-0.00210706164473386	0.000974245760418041	-0.112160511261848	0.000966452160052871	0.0634467139425113	-0.000133145010928264	-0.0300356232912792
0	-0	-0	-0	-0	0	-0	-0	-0	-0	-0	-0	-0
0	-0	-0	-0	-0	0	-0	-0	-0	-0	-0	-0	-0
-0.000328583225114449	0.0146149095852942	-0	-0.0288854216447187	-0	0.000977805611733739	-0.0109428946218667	-0.121502849407636	-0.007098910593515	0.20535993297127	-0.0157333432797456	0.0502110317421816	0.000101658929121963
0.000644804547572588	-0.0689612951166662	-0	-0.0408977901675402	-0	0.00384740740648735	-0.00180018581770614	-0.00367502065731413	0.143365374773403	7.35534258557335e-05	-0.0721240392899302	0.000784569341425295	0.016729110622105
0.0151453552405449	-0	-0	-0	-0	0	-0	-0	-0	-0	-0	-0	-0
0	-0	-0	-0	-0	0	-0	-0	-0	-0	-0	-0	-0
0	-0	-0	-0	-0	0	-0	-0	-0	-0	-0	-0	-0
0	-0	-0	-0	-0	0	-0	-0	-0	-0	-0	-0	-0
0.000552226120045396	-0.0590601114383634	-0	-0.035025850961623	-0	0.00329501222086103	-0.00154172242302827	0.00136454691663562	-0.116675166493882	0.000814842506623131	0.064702771487334	-0.000229213091244643	-0.028119852641279
0	-0	-0	-0	-0	0	-0	-0	-0	-0	-0	-0	-0
0	-0	-0	-0	-0	0	-0	-0	-0	-0	-0	-0	-0
0	-0	-0	-0	-0	0	-0	-0	-0	-0	-0	-0	-0
0	-0	-0	-0	-0	0	-0	-0	-0	-0	-0	-0	-0
-0.0012984746069616	0.138870749142979	-0	0.0823578900200309	-0	-0.00774771337883182	0.003625122652887	0.000318972547165669	0.0869280642859563	-0.0013817313174929	-0.060905291151502	-0.000952336145302127	-0.00633286294695529
-0.000143652231706962	0.00196702901466778	-0	-0.00456281219029423	-0	0.000166968837244731	0.0884596694164465	-0.0266999801083506	0.00208464219016183	-0.062217284841362	0.0138899701402986	0.268031642302176	-0.00139610776379636
0	-0	-0	-0	-0	0	-0	-0	-0	-0	-0	-0	-0
0	-0	-0	-0	-0	0	-0	-0	-0	-0	-0	-0	-0
0	-0	-0	-0	-0	0	-0	-0	-0	-0	-0	-0	-0
0	-0	-0	-0	-0	0	-0	-0	-0	-0	-0	-0	-0
-0.00116850118027312	-0	-0	-0	-0	0	-0	-0	-0	-0	-0	-0	-0
0	-0	-0	-0	-0	0	-0	-0	-0	-0	-0	-0	-0
0.00125917839811213	-0.134668053201029	-0	-0.0798654632684587	-0	0.00751324151360787	-0.00351541424880124	2.88976615601426e-07	-0.100914539609544	0.00134093903018176	0.0603260753842051	9.8417809548531e-05	-0.0348243820605227
0.000487651299835292	-0.0521538896221919	-0	-0.0309300866606368	-0	0.0029097084222383	-0.00136144038877971	0.00423239583076295	-0.17343227026494	-0.0202935449018057	-0.333159522588851	0.0210438626003926	0.00588705861202336
1.22817701104845e-05	-0.000546275482132477	-0	0.00107967808788557	-0	-3.65483774545178e-05	0.000409023059452838	-0.283789779107881	-0.00681794743453661	-0.11916775918058	-0.00243327012737966	-0.151802825105061	0.000376901733207205
0.000513793759444146	-0.0549498033280565	-0	-0.032588215207607	-0	0.003065694748795	-0.00143442573791344	0.00418176930310443	-0.172848436795192	-0.0202740325874466	-0.333324404707417	0.0210563653600498	0.00563731395617994
0	-0	-0	-0	-0	0	-0	-0	-0	-0	-0	-0	-0
0	-0	-0	-0	-0	0	-0	-0	-0	-0	-0	-0	-0
-0.000196101245344021	0.00268521299544999	-0	-0.00622874522836726	-0	0.00022793100064171	0.120757270034294	-0.0147582954842944	0.000986574706949053	-0.00120342699200673	-0.000456504184803441	-0.0582489498100914	0.000870384803947557
-0.000405063167570442	0.0433211594814139	-0	0.0256917983817919	-0	-0.00241692313875984	0.00113086821777593	-0.00164904136294155	0.119957155561327	-0.000706074338086432	-0.0656151635508838	0.000296755103531901	0.0267129396726506
0	-0	-0	-0	-0	0	-0	-0	-0	-0	-0	-0	-0
0	-0	-0	-0	-0	0	-0	-0	-0	-0	-0	-0	-0
0	-0	-0	-0	-0	0	-0	-0	-0	-0	-0	-0	-0
0	-0	-0	-0	-0	0	-0	-0	-0	-0	-0	-0	-0
0	-0	-0	-0	-0	0	-0	-0	-0	-0	-0	-0	-0
0	-0	-0	-0	-0	0	-0	-0	-0	-0	-0	-0	-0
0	-0	-0	-0	-0	0	-0	-0	-0	-0	-0	-0	-0
0.00111335485173905	-0.119072349581611	-0	-0.0706163647261103	-0	0.00664314437414424	-0.00310829944004948	0.000281348055768693	-0.104166355490543	0.00123175458687353	0.0612272684108508	3.01780665344554e-05	-0.0334430193998408
0	-0	-0	-0	-0	0	-0	-0	-0	-0	-0	-0	-0
0.00100060320820066	-0.044505392548669	-0	0.0879620241048743	-0	-0.00297761832411875	0.0333233550245078	-0.0898922292384904	0.00385221459603765	0.1881225906551	-0.0103815834677135	0.00336902972629415	0.00215642853326889
0	-0	-0	-0	-0	0	-0	-0	-0	-0	-0	-0	-0
0	-0	-0	-0	-0	0	-0	-0	-0	-0	-0	-0	-0
0	-0	-0	-0	-0	0	-0	-0	-0	-0	-0	-0	-0
-6.07756205599526e-05	0.00270321225058746	-0	-0.00534272382580213	-0	0.000180857506705801	-0.002024026671475	-0.285527292831352	-0.00741985971119785	-0.118220677452943	-0.00272735467535352	-0.149228607992601	0.0002639472497466
0	-0	-0	-0	-0	0	-0	-0	-0	-0	-0	-0	-0
0	-0	-0	-0	-0	0	-0	-0	-0	-0	-0	-0	-0
0	-0	-0	-0	-0	0	-0	-0	-0	-0	-0	-0	-0
0	-0	-0	-0	-0	0	-0	-0	-0	-0	-0	-0	-0
0	-0	-0	-0	-0	0	-0	-0	-0	-0	-0	-0	-0
0	-0	-0	-0	-0	0	-0	-0	-0	-0	-0	-0	-0
0	-0	-0	-0	-0	0	-0	-0	-0	-0	-0	-0	-0
0	-0	-0	-0	-0	0	-0	-0	-0	-0	-0	-0	-0
0	-0	-0	-0	-0	0	-0	-0	-0	-0	-0	-0	-0
0	-0	-0	-0	-0	0	-0	-0	-0	-0	-0	-0	-0
0	-0	-0	-0	-0	0	-0	-0	-0	-0	-0	-0	-0
0	-0	-0	-0	-0	0	-0	-0	-0	-0	-0	-0	-0
0.00164492945900584	-0.0731640981039452	-0	0.144604098345898	-0	-0.00489501938318348	0.054781523688416	-0.0745800863610956	0.00916127867915548	0.179748387006531	-0.00778604854665244	-0.0193953338812853	0.00315141953758746
0	-0	-0	-0	-0	0	-0	-0	-0	-0	-0	-0	-0
0	-0	-0	-0	-0	0	-0	-0	-0	-0	-0	-0	-0
0	-0	-0	-0	-0	0	-0	-0	-0	-0	-0	-0	-0
0	-0	-0	-0	-0	0	-0	-0	-0	-0	-0	-0	-0
0	-0	-0	-0	-0	0	-0	-0	-0	-0	-0	-0	-0
0	-0	-0	-0	-0	0	-0	-0	-0	-0	-0	-0	-0
0	-0	-0	-0	-0	0	-0	-0	-0	-0	-0	-0	-0
0	-0	-0	-0	-0	0	-0	-0	-0	-0	-0	-0	-0
0	-0	-0	-0	-0	0	-0	-0	-0	-0	-0	-0	-0
0	-0	-0	-0	-0	0	-0	-0	-0	-0	-0	-0	-0
0	-0	-0	-0	-0	0	-0	-0	-0	-0	-0	-0	-0
0	-0	-0	-0	-0	0	-0	-0	-0	-0	-0	-0	-0
0	-0	-0	-0	-0	0	-0	-0	-0	-0	-0	-0	-0
0	-0	-0	-0	-0	0	-0	-0	-0	-0	-0	-0	-0
0	-0	-0	-0	-0	0	-0	-0	-0	-0	-0	-0	-0
0	-0	-0	-0	-0	0	-0	-0	-0	-0	-0	-0	-0
0	-0	-0	-0	-0	0	-0	-0	-0	-0	-0	-0	-0
0	-0	-0	-0	-0	0	-0	-0	-0	-0	-0	-0	-0
0	-0	-0	-0	-0	0	-0	-0	-0	-0	-0	-0	-0
0	-0	-0	-0	-0	0	-0	-0	-0	-0	-0	-0	-0
0.000605985716795328	-0.0447106410747368	-0	-0.0179199330725216	-0	0.00207928747876979	-0.133808208735971	0.0154664896236113	0.00762222626332296	0.00161271321907962	-0.00192036301413956	0.0642049845647115	-0.00466843414994372
0	-0	-0	-0	-0	0	-0	-0	-0	-0	-0	-0	-0
0	-0	-0	-0	-0	0	-0	-0	-0	-0	-0	-0	-0
0.00127981354609567	-0.136874964636761	-0	-0.0811742815072276	-0	0.00763636691879415	-0.00357302411041909	-0.00490005549261598	0.157522249962546	0.00054641286403654	-0.0760630593480514	0.0010748976922148	0.0106731786073948
0	-0	-0	-0	-0	0	-0	-0	-0	-0	-0	-0	-0
0	-0	-0	-0	-0	0	-0	-0	-0	-0	-0	-0	-0
0	-0	-0	-0	-0	0	-0	-0	-0	-0	-0	-0	-0
0	-0	-0	-0	-0	0	-0	-0	-0	-0	-0	-0	-0
0	-0	-0	-0	-0	0	-0	-0	-0	-0	-0	-0	-0
0	-0	-0	-0	-0	0	-0	-0	-0	-0	-0	-0	-0
0	-0	-0	-0	-0	0	-0	-0	-0	-0	-0	-0	-0
0.000943595139528739	-0.100916693489003	-0	-0.0598490754521447	-0	0.0056302253794816	-0.00263435888321271	-0.00425109996887193	0.150026846219606	0.00029621981700015	-0.0739730340072397	0.000918914337798682	0.0138817079974018
-0.00369810590540188	-0	-0	-0	-0	0	-0	-0	-0	-0	-0	-0	-0
0.00363001274011213	-0.146463175824981	-0	0.291763981738914	-0	-0.00991897897801029	-0.195259540454294	0.11139952912803	0.0234461046943951	-0.0377636486069472	0.0137929098296349	0.0339487264637178	0.00271941083921281
0	-0	-0	-0	-0	0	-0	-0	-0	-0	-0	-0	-0
0	-0	-0	-0	-0	0	-0	-0	-0	-0	-0	-0	-0
0	-0	-0	-0	-0	0	-0	-0	-0	-0	-0	-0	-0
0	-0	-0	-0	-0	0	-0	-0	-0	-0	-0	-0	-0
0	-0	-0	-0	-0	0	-0	-0	-0	-0	-0	-0	-0
0	-0	-0	-0	-0	0	-0	-0	-0	-0	-0	-0	-0
0	-0	-0	-0	-0	0	-0	-0	-0	-0	-0	-0	-0
0	-0	-0	-0	-0	0	-0	-0	-0	-0	-0	-0	-0
0	-0	-0	-0	-0	0	-0	-0	-0	-0	-0	-0	-0
0	-0	-0	-0	-0	0	-0	-0	-0	-0	-0	-0	-0
0	-0	-0	-0	-0	0	-0	-0	-0	-0	-0	-0	-0
0	-0	-0	-0	-0	0	-0	-0	-0	-0	-0	-0	-0
0	-0	-0	-0	-0	0	-0	-0	-0	-0	-0	-0	-0
0	-0	-0	-0	-0	0	-0	-0	-0	-0	-0	-0	-0
0	-0	-0	-0	-0	0	-0	-0	-0	-0	-0	-0	-0
0	-0	-0	-0	-0	0	-0	-0	-0	-0	-0	-0	-0
0	-0	-0	-0	-0	0	-0	-0	-0	-0	-0	-0	-0
0	-0	-0	-0	-0	0	-0	-0	-0	-0	-0	-0	-0
0	-0	-0	-0	-0	0	-0	-0	-0	-0	-0	-0	-0
0	-0	-0	-0	-0	0	-0	-0	-0	-0	-0	-0	-0
0	-0	-0	-0	-0	0	-0	-0	-0	-0	-0	-0	-0
0	-0	-0	-0	-0	0	-0	-0	-0	-0	-0	-0	-0
0	-0	-0	-0	-0	0	-0	-0	-0	-0	-0	-0	-0
0	-0	-0	-0	-0	0	-0	-0	-0	-0	-0	-0	-0
0	-0	-0	-0	-0	0	-0	-0	-0	-0	-0	-0	-0
0	-0	-0	-0	-0	0	-0	-0	-0	-0	-0	-0	-0
0.00119193026069767	-0	-0	-0	-0	0	-0	-0	-0	-0	-0	-0	-0
0	-0	-0	-0	-0	0	-0	-0	-0	-0	-0	-0	-0
0	-0	-0	-0	-0	0	-0	-0	-0	-0	-0	-0	-0
0.000295050145869814	-0.00404011960561063	-0	0.00937164975669392	-0	-0.000342940580869886	-0.18168905595655	0.0222050423527676	-0.00148357000178204	0.00180973308735023	0.000683975078115446	0.0876490904404352	-0.0013080089733976
0	-0	-0	-0	-0	0	-0	-0	-0	-0	-0	-0	-0
0.0030284769940278	-0	-0	-0	-0	0	-0	-0	-0	-0	-0	-0	-0
0.00832785014074858	-0	-0	-0	-0	0	-0	-0	-0	-0	-0	-0	-0
-0.00348817630519654	0.0521016441382348	-0	-0.103789796113749	-0	0.00352849861708894	0.0694600818070549	0.0670775403074432	-0.0048104446862323	-0.162602733180541	0.00524568059136587	-0.136219884666884	-0.0013727441568267
0	-0	-0	-0	-0	0	-0	-0	-0	-0	-0	-0	-0
0	-0	-0	-0	-0	0	-0	-0	-0	-0	-0	-0	-0
0	-0	-0	-0	-0	0	-0	-0	-0	-0	-0	-0	-0
0	-0	-0	-0	-0	0	-0	-0	-0	-0	-0	-0	-0
0	-0	-0	-0	-0	0	-0	-0	-0	-0	-0	-0	-0
0	-0	-0	-0	-0	0	-0	-0	-0	-0	-0	-0	-0
0	-0	-0	-0	-0	0	-0	-0	-0	-0	-0	-0	-0
0.000376079578627357	-0.00514965506762178	-0	0.0119453799324455	-0	-0.000437122133146142	-0.231586205131109	0.0441916131395516	-0.00325344928623633	0.0636422341176356	-0.0133503983713118	-0.198987535432063	0.000357941827743392
0	-0	-0	-0	-0	0	-0	-0	-0	-0	-0	-0	-0
0	-0	-0	-0	-0	0	-0	-0	-0	-0	-0	-0	-0
0	-0	-0	-0	-0	0	-0	-0	-0	-0	-0	-0	-0
0	-0	-0	-0	-0	0	-0	-0	-0	-0	-0	-0	-0
0	-0	-0	-0	-0	0	-0	-0	-0	-0	-0	-0	-0
0.00037824869529372	-0.00517935676712757	-0	0.0120142773790841	-0	-0.000439643325357113	-0.232921926413946	0.0284663509025107	-0.00190279384356503	0.00232024477397264	0.000880713224740475	0.112358748024615	-0.00168438990773999
0	-0	-0	-0	-0	0	-0	-0	-0	-0	-0	-0	-0
0	-0	-0	-0	-0	0	-0	-0	-0	-0	-0	-0	-0
0	-0	-0	-0	-0	0	-0	-0	-0	-0	-0	-0	-0
0	-0	-0	-0	-0	0	-0	-0	-0	-0	-0	-0	-0
0	-0	-0	-0	-0	0	-0	-0	-0	-0	-0	-0	-0
0	-0	-0	-0	-0	0	-0	-0	-0	-0	-0	-0	-0
-0.000739442080161121	0.0790826983209741	-0	0.0469003315025082	-0	-0.00441208882069822	0.00206439788728274	0.00361398700499602	-0.132368835823684	-0.000133854868118638	0.0735393241253402	6.61425082952187e-06	0.0257320090001141
0	-0	-0	-0	-0	0	-0	-0	-0	-0	-0	-0	-0
0	-0	-0	-0	-0	0	-0	-0	-0	-0	-0	-0	-0
0	-0	-0	-0	-0	0	-0	-0	-0	-0	-0	-0	-0
0.000870697301317219	-0.0387273645223214	-0	0.0765421261683171	-0	-0.00259104130180153	0.0289970640238548	-0.0929829471882964	0.00278210836261034	0.189807507276161	-0.0109041054779613	0.0079306619043113	0.00195512629537497
0	-0	-0	-0	-0	0	-0	-0	-0	-0	-0	-0	-0
0	-0	-0	-0	-0	0	-0	-0	-0	-0	-0	-0	-0
0	-0	-0	-0	-0	0	-0	-0	-0	-0	-0	-0	-0
0	-0	-0	-0	-0	0	-0	-0	-0	-0	-0	-0	-0
0	-0	-0	-0	-0	0	-0	-0	-0	-0	-0	-0	-0
0	-0	-0	-0	-0	0	-0	-0	-0	-0	-0	-0	-0
0	-0	-0	-0	-0	0	-0	-0	-0	-0	-0	-0	-0
0	-0	-0	-0	-0	0	-0	-0	-0	-0	-0	-0	-0
0.000569865780727404	-0.0609466580680662	-0	-0.0361446754859129	-0	0.00340026420987283	-0.00159096938804013	-0.0010996903022287	0.0127063866527242	0.000422846146231056	-0.00353290414195244	0.000263528090961098	-0.00541949854373225
-0.00139565459849552	-0	-0	-0	-0	0	-0	-0	-0	-0	-0	-0	-0
4.79378595422062e-05	-0.000656412778971464	-0	0.00152264567905402	-0	-5.5718790948311e-05	-0.0295196751018474	0.0194966877342148	-0.00160324230246751	0.0616301351015899	-0.0141121635921603	-0.296463847402538	0.00181714586285665
0	-0	-0	-0	-0	0	-0	-0	-0	-0	-0	-0	-0
0.000151820685678597	-0.0386698362148218	-0	-0.0325272994336907	-0	0.00262078243004853	0.147032799051556	-0.0347491963006302	0.0113203989104962	-0.0625197578877361	0.0112326619863036	0.239429053886798	-0.00468923201078973
0	-0	-0	-0	-0	0	-0	-0	-0	-0	-0	-0	-0
0	-0	-0	-0	-0	0	-0	-0	-0	-0	-0	-0	-0
0	-0	-0	-0	-0	0	-0	-0	-0	-0	-0	-0	-0
0	-0	-0	-0	-0	0	-0	-0	-0	-0	-0	-0	-0
0.00258153304464372	-0.164769358848661	-0	0.105944107788493	-0	-0.000532395394954896	0.0571147298518142	0.046008504441992	-0.151795170941467	-0.0431633874055421	-0.327913626207196	-0.0416114737096681	0.00567599742438642
0	-0	-0	-0	-0	0	-0	-0	-0	-0	-0	-0	-0
0	-0	-0	-0	-0	0	-0	-0	-0	-0	-0	-0	-0
0	-0	-0	-0	-0	0	-0	-0	-0	-0	-0	-0	-0
0	-0	-0	-0	-0	0	-0	-0	-0	-0	-0	-0	-0
-0.000506597113286912	0.0541801281739778	-0	0.0321317560750607	-0	-0.00302275393854243	0.00141433391258709	-0.0012091614306724	0.104585300817821	-0.00079263722873827	-0.0658100010294259	-0.00058682897029824	-0.0138779368360058
-0.000719252902893883	0.0667624529321985	-0	0.0352481096515105	-0	-0.00351485062249314	0.0687993073436273	-0.0092090389674207	0.102822142412714	-0.00153761493676938	-0.0654229065317313	-0.0330050243333103	-0.0124002117527982
0	-0	-0	-0	-0	0	-0	-0	-0	-0	-0	-0	-0
0	-0	-0	-0	-0	0	-0	-0	-0	-0	-0	-0	-0
0.000187369656965915	-0.00256565141621229	-0	0.00595140461611982	-0	-0.000217782163122995	-0.115380441479465	0.0141008248787027	-0.000942249535571779	0.00114929342579843	0.000436723342011005	0.055657215070641	-0.000830870891244653
0	-0	-0	-0	-0	0	-0	-0	-0	-0	-0	-0	-0
0	-0	-0	-0	-0	0	-0	-0	-0	-0	-0	-0	-0
0	-0	-0	-0	-0	0	-0	-0	-0	-0	-0	-0	-0
0	-0	-0	-0	-0	0	-0	-0	-0	-0	-0	-0	-0
0	-0	-0	-0	-0	0	-0	-0	-0	-0	-0	-0	-0
0	-0	-0	-0	-0	0	-0	-0	-0	-0	-0	-0	-0
0	-0	-0	-0	-0	0	-0	-0	-0	-0	-0	-0	-0
0	-0	-0	-0	-0	0	-0	-0	-0	-0	-0	-0	-0
-0.000580781614192075	0.0258323314505004	-0	-0.0510559289921831	-0	0.00172830344991581	-0.0193419247138078	0.0998744491780038	-0.000393483063146576	-0.193572727239745	0.0120707549022609	-0.0181725760321813	-0.00150722461941202
0	-0	-0	-0	-0	0	-0	-0	-0	-0	-0	-0	-0
0.0013119674405944	-0.0583544260863479	-0	0.115333741375724	-0	-0.00390418325640248	0.0436928009477346	0.0311981667481738	0.0108092487336181	-0.0170167343290955	0.00528789461220776	-0.0462575645191674	0.00202537112559514
0	-0	-0	-0	-0	0	-0	-0	-0	-0	-0	-0	-0
0.000625070631005001	-0.0668507696103738	-0	-0.0396461340152949	-0	0.00372965945162729	-0.00174509204259812	-0.00363682690706487	0.142926393711479	5.9176344129237e-05	-0.0720040886108432	0.000773951657371048	0.0169269094016754
0	-0	-0	-0	-0	0	-0	-0	-0	-0	-0	-0	-0
0	-0	-0	-0	-0	0	-0	-0	-0	-0	-0	-0	-0
0	-0	-0	-0	-0	0	-0	-0	-0	-0	-0	-0	-0
0	-0	-0	-0	-0	0	-0	-0	-0	-0	-0	-0	-0
0	-0	-0	-0	-0	0	-0	-0	-0	-0	-0	-0	-0
0	-0	-0	-0	-0	0	-0	-0	-0	-0	-0	-0	-0
0	-0	-0	-0	-0	0	-0	-0	-0	-0	-0	-0	-0
0	-0	-0	-0	-0	0	-0	-0	-0	-0	-0	-0	-0
0	-0	-0	-0	-0	0	-0	-0	-0	-0	-0	-0	-0
0	-0	-0	-0	-0	0	-0	-0	-0	-0	-0	-0	-0
0	-0	-0	-0	-0	0	-0	-0	-0	-0	-0	-0	-0
0	-0	-0	-0	-0	0	-0	-0	-0	-0	-0	-0	-0
0	-0	-0	-0	-0	0	-0	-0	-0	-0	-0	-0	-0
0	-0	-0	-0	-0	0	-0	-0	-0	-0	-0	-0	-0
0	-0	-0	-0	-0	0	-0	-0	-0	-0	-0	-0	-0
0	-0	-0	-0	-0	0	-0	-0	-0	-0	-0	-0	-0
-0.000541030771416325	0.057862778473421	-0	0.034315767540516	-0	-0.00322821202939858	0.00151046689312074	0.00104416959704178	-0.0120643384727688	-0.000401157604182345	0.00335759193479923	-0.000251311453727271	0.00514645621744234
0	-0	-0	-0	-0	0	-0	-0	-0	-0	-0	-0	-0
0	-0	-0	-0	-0	0	-0	-0	-0	-0	-0	-0	-0
-0.002721996167594	0.109826666472481	-0	-0.218781720136532	-0	0.00743783132881891	0.146417067887423	0.216443671528759	-0.0120225369077939	0.208675657177408	-0.022076279697908	-0.184735681801038	-0.000353498305053002
0	-0	-0	-0	-0	0	-0	-0	-0	-0	-0	-0	-0
0	-0	-0	-0	-0	0	-0	-0	-0	-0	-0	-0	-0
0	-0	-0	-0	-0	0	-0	-0	-0	-0	-0	-0	-0
0	-0	-0	-0	-0	0	-0	-0	-0	-0	-0	-0	-0
0	-0	-0	-0	-0	0	-0	-0	-0	-0	-0	-0	-0
0	-0	-0	-0	-0	0	-0	-0	-0	-0	-0	-0	-0
0	-0	-0	-0	-0	0	-0	-0	-0	-0	-0	-0	-0
0	-0	-0	-0	-0	0	-0	-0	-0	-0	-0	-0	-0
0.00925568102854416	-0	-0	-0	-0	0	-0	-0	-0	-0	-0	-0	-0
0	-0	-0	-0	-0	0	-0	-0	-0	-0	-0	-0	-0
0.000473327931388092	-0.0506220176118329	-0	-0.0300216034319582	-0	0.0028242440221234	-0.0013214519538123	-0.00608722362147607	0.194857500656857	0.0210068736797688	0.327205540644789	-0.0206005124127427	-0.015012934596645
0.00138413101809806	-0.0615641582940877	-0	0.121677569070734	-0	-0.00411892931053144	0.0460960837807758	-0.0807738165509623	0.00701216984425212	0.183148708966735	-0.00883711941050065	-0.0101605058404898	0.00274920928939086
0.00441908380880812	-0.0643771958847765	-0	-0.0381791705682889	-0	0.00359165673783879	-0.00168052115057166	0.0012686966221195	-0.11556644905532	0.000852423804511667	0.064392253600048	-0.000204422267504564	-0.0285880664252476
0.000694883173018668	-0.0743171612957209	-0	-0.0440741094461276	-0	0.00414621558824304	-0.00193999691492491	0.00108959612490122	-0.113494353472603	0.000922687464060996	0.06381710064959	-0.00016389892802131	-0.0294643784766743
0	-0	-0	-0	-0	0	-0	-0	-0	-0	-0	-0	-0
0	-0	-0	-0	-0	0	-0	-0	-0	-0	-0	-0	-0
-0.000410671801832984	0.0182660914930578	-0	-0.0361017460627294	-0	0.00122208670961116	-0.0136767123460066	-0.00976577364093756	-0.00338343510976218	0.00532663920499627	-0.00165384058373262	0.0144797685379172	-0.00063490112131268
0	-0	-0	-0	-0	0	-0	-0	-0	-0	-0	-0	-0
0.000451712715919187	-0.00618529909317168	-0	0.0143477080879244	-0	-0.000525031501770525	-0.278160367204628	0.0339950963940354	-0.00227272804777306	0.0027713654404644	0.00105082417859734	0.134184844787282	-0.0020166487145602
0	-0	-0	-0	-0	0	-0	-0	-0	-0	-0	-0	-0
0	-0	-0	-0	-0	0	-0	-0	-0	-0	-0	-0	-0
0	-0	-0	-0	-0	0	-0	-0	-0	-0	-0	-0	-0
0.00027156204571741	-0.00371849721276442	-0	0.00862559946266829	-0	-0.000315640059848107	-0.167225308682939	0.0204379666893053	-0.00136525966595186	0.00166664550242238	0.000631040936463358	0.0806688963941241	-0.00119928503597519
0	-0	-0	-0	-0	0	-0	-0	-0	-0	-0	-0	-0
0	-0	-0	-0	-0	0	-0	-0	-0	-0	-0	-0	-0
0	-0	-0	-0	-0	0	-0	-0	-0	-0	-0	-0	-0
0	-0	-0	-0	-0	0	-0	-0	-0	-0	-0	-0	-0
0	-0	-0	-0	-0	0	-0	-0	-0	-0	-0	-0	-0
0	-0	-0	-0	-0	0	-0	-0	-0	-0	-0	-0	-0
-0.00100236517116987	0.0445837621290947	-0	-0.0881169165016765	-0	0.00298286161454639	-0.0333820341463471	0.0785456690810022	-0.00436193646313102	-0.175902026096036	0.00959455320821102	-0.00557063862557875	-0.0023969390539513
0	-0	-0	-0	-0	0	-0	-0	-0	-0	-0	-0	-0
0	-0	-0	-0	-0	0	-0	-0	-0	-0	-0	-0	-0
0	-0	-0	-0	-0	0	-0	-0	-0	-0	-0	-0	-0
0.00181492296626841	-0.0807251649778448	-0	0.159548057010979	-0	-0.00540089002007292	0.0604428627166665	-0.0705282979700087	0.0105616620666357	0.177567566189269	-0.00710033314578832	-0.0253363305264301	0.00341372905877262
0	-0	-0	-0	-0	0	-0	-0	-0	-0	-0	-0	-0
0	-0	-0	-0	-0	0	-0	-0	-0	-0	-0	-0	-0
0	-0	-0	-0	-0	0	-0	-0	-0	-0	-0	-0	-0
0	-0	-0	-0	-0	0	-0	-0	-0	-0	-0	-0	-0
0	-0	-0	-0	-0	0	-0	-0	-0	-0	-0	-0	-0
0	-0	-0	-0	-0	0	-0	-0	-0	-0	-0	-0	-0
0	-0	-0	-0	-0	0	-0	-0	-0	-0	-0	-0	-0
0	-0	-0	-0	-0	0	-0	-0	-0	-0	-0	-0	-0
0	-0	-0	-0	-0	0	-0	-0	-0	-0	-0	-0	-0
0	-0	-0	-0	-0	0	-0	-0	-0	-0	-0	-0	-0
0	-0	-0	-0	-0	0	-0	-0	-0	-0	-0	-0	-0
0	-0	-0	-0	-0	0	-0	-0	-0	-0	-0	-0	-0
-0.000952293843769857	0.0423566614531165	-0	-0.0837151963476491	-0	0.00283385819265323	-0.0317144953998928	0.0797381389143259	-0.00394988127797351	-0.176541516077573	0.00979455238525663	-0.00731826745493451	-0.00231961202615177
0.000449938131623255	-0.0481204985230299	-0	-0.0285380668681326	-0	0.00268468221352535	-0.00125615156785743	-0.00329891264560018	0.139020345277221	-7.04576545937585e-05	-0.0709136682139135	0.000691897909151847	0.0185831565192899
0.00213430655784558	-0.228262261733629	-0	-0.135371907789082	-0	0.0127349394313092	-0.00595862484302136	-0.00654899226580923	0.176581147076344	0.00118289363974433	-0.0813612335484309	0.00145645956238715	0.00261643392162992
0	-0	-0	-0	-0	0	-0	-0	-0	-0	-0	-0	-0
0.00212956391831539	0.0039181276275363	-0	0.00803234490221732	-0	0.181447565502656	-3.4070498310411e-05	1.16700601670014e-05	-0.00513023606120201	0.000195869772314832	0.0162108954176535	0.000407065470049306	0.600630558044799
0	-0	-0	-0	-0	0	-0	-0	-0	-0	-0	-0	-0
0.00127805372102467	-0.13668675284993	-0	-0.0810626617043688	-0	0.00762586642831564	-0.00356811097487045	-3.62277707024519e-05	-0.100494301162863	0.00135748047200534	0.060205793283396	0.000108013031758782	-0.0349851720519791
0	-0	-0	-0	-0	0	-0	-0	-0	-0	-0	-0	-0
0	-0	-0	-0	-0	0	-0	-0	-0	-0	-0	-0	-0
0	-0	-0	-0	-0	0	-0	-0	-0	-0	-0	-0	-0
0	-0	-0	-0	-0	0	-0	-0	-0	-0	-0	-0	-0
0	-0	-0	-0	-0	0	-0	-0	-0	-0	-0	-0	-0
0	-0	-0	-0	-0	0	-0	-0	-0	-0	-0	-0	-0
0	-0	-0	-0	-0	0	-0	-0	-0	-0	-0	-0	-0
0	-0	-0	-0	-0	0	-0	-0	-0	-0	-0	-0	-0
0	-0	-0	-0	-0	0	-0	-0	-0	-0	-0	-0	-0
0	-0	-0	-0	-0	0	-0	-0	-0	-0	-0	-0	-0
0.000266669882102194	-0.00365150885023182	-0	0.00847021013445325	-0	-0.000309953835131842	-0.164212761150774	0.0359579660334596	-0.00270350777159597	0.0629718968205833	-0.0136035833816934	-0.2314925009847	0.000853367055658927
0	-0	-0	-0	-0	0	-0	-0	-0	-0	-0	-0	-0
0	-0	-0	-0	-0	0	-0	-0	-0	-0	-0	-0	-0
0	-0	-0	-0	-0	0	-0	-0	-0	-0	-0	-0	-0
0.00207322075315587	-0.0922138792910175	-0	0.18225475630015	-0	-0.00616953858826721	0.0690450226777821	0.0492972696276826	0.0170811787442688	-0.0268940064713317	0.00834947321514847	-0.07309734582659	0.00320803268603955
0	-0	-0	-0	-0	0	-0	-0	-0	-0	-0	-0	-0
0	-0	-0	-0	-0	0	-0	-0	-0	-0	-0	-0	-0
0	-0	-0	-0	-0	0	-0	-0	-0	-0	-0	-0	-0
0	-0	-0	-0	-0	0	-0	-0	-0	-0	-0	-0	-0
0	-0	-0	-0	-0	0	-0	-0	-0	-0	-0	-0	-0
0	-0	-0	-0	-0	0	-0	-0	-0	-0	-0	-0	-0
0	-0	-0	-0	-0	0	-0	-0	-0	-0	-0	-0	-0
0	-0	-0	-0	-0	0	-0	-0	-0	-0	-0	-0	-0
0.00348876638227191	-0	-0	-0	-0	0	-0	-0	-0	-0	-0	-0	-0
0	-0	-0	-0	-0	0	-0	-0	-0	-0	-0	-0	-0
0	-0	-0	-0	-0	0	-0	-0	-0	-0	-0	-0	-0
0.000786993100332047	-0.0841682392767101	-0	-0.049916333254554	-0	0.00469581533577989	-0.00219715233580864	0.000911491067923673	-0.11143965153708	0.000989750310113613	0.0632443459888022	-0.00012059480907067	-0.0303508164366935
0.000208743247008417	-0.00285831983675245	-0	0.00663029192637269	-0	-0.000242624961836977	-0.128542093665078	0.0315987002757063	-0.0024121845864701	0.0626170219148979	-0.0137393709349287	-0.248698837925508	0.00109925460705381
0.00217297117661646	-0.149896530566212	-0	0.0620349729666432	-0	0.00115572082382923	0.0416019037689541	0.0321920811861679	-0.0991035806437827	-0.0160886842942166	0.0681655525498073	-0.04664097361637	-0.0289059923615009
0	-0	-0	-0	-0	0	-0	-0	-0	-0	-0	-0	-0
0	-0	-0	-0	-0	0	-0	-0	-0	-0	-0	-0	-0
0	-0	-0	-0	-0	0	-0	-0	-0	-0	-0	-0	-0
0.019920768707227	-0.0348668716963488	-0	0.0689121122853033	-0	-0.00233275632731901	0.0261065250210415	0.302723669949842	0.0133777663105578	0.108842212044254	0.00564025106362794	0.123741290185391	0.000856058429070723
0	-0	-0	-0	-0	0	-0	-0	-0	-0	-0	-0	-0
0	-0	-0	-0	-0	0	-0	-0	-0	-0	-0	-0	-0
0	-0	-0	-0	-0	0	-0	-0	-0	-0	-0	-0	-0
0	-0	-0	-0	-0	0	-0	-0	-0	-0	-0	-0	-0
0	-0	-0	-0	-0	0	-0	-0	-0	-0	-0	-0	-0
0	-0	-0	-0	-0	0	-0	-0	-0	-0	-0	-0	-0
0	-0	-0	-0	-0	0	-0	-0	-0	-0	-0	-0	-0
0.000816082253365019	-0.0872792993251433	-0	-0.0517613606839861	-0	0.00486938393613922	-0.00227836435724351	0.000855790793657555	-0.110791858653177	0.0010114309996388	0.0630681507163018	-0.000108202800541704	-0.0306250078276216
0	-0	-0	-0	-0	0	-0	-0	-0	-0	-0	-0	-0
-0.00169026081710193	0.0751803717579351	-0	-0.148589132554053	-0	0.00502991749405779	-0.0562912059755074	-0.324280141771833	-0.0208453836767844	-0.0970930483490739	-0.00929326784685697	-0.0917809187390635	-0.00225348736243909
0	-0	-0	-0	-0	0	-0	-0	-0	-0	-0	-0	-0
0	-0	-0	-0	-0	0	-0	-0	-0	-0	-0	-0	-0
0	-0	-0	-0	-0	0	-0	-0	-0	-0	-0	-0	-0
0.00022231151667975	-0.023776026653839	-0	-0.0141004740044466	-0	0.00132648409357697	-0.000620656353825275	0.00474452886876286	-0.179348270089459	-0.0204902214525308	-0.331516698798213	0.020922983405818	0.00840720960758614
0	-0	-0	-0	-0	0	-0	-0	-0	-0	-0	-0	-0
0.00063244079893992	-0.0676390027702247	-0	-0.0401135990523152	-0	0.00377363562829449	-0.00176566831154734	-0.00365112513581098	0.143089633585583	6.46354961975766e-05	-0.07204772877075	0.000776605963820181	0.0168477851694999
0	-0	-0	-0	-0	0	-0	-0	-0	-0	-0	-0	-0
0	-0	-0	-0	-0	0	-0	-0	-0	-0	-0	-0	-0
0	-0	-0	-0	-0	0	-0	-0	-0	-0	-0	-0	-0
0	-0	-0	-0	-0	0	-0	-0	-0	-0	-0	-0	-0
0	-0	-0	-0	-0	0	-0	-0	-0	-0	-0	-0	-0
0	-0	-0	-0	-0	0	-0	-0	-0	-0	-0	-0	-0
0	-0	-0	-0	-0	0	-0	-0	-0	-0	-0	-0	-0
0.0022875208784013	-0.244648402333475	-0	-0.145089778353642	-0	0.0136491357004037	-0.00638637344989912	-0.00684537070011686	0.179995606694328	0.00129500775317015	-0.0823119089489632	0.00153698248949255	0.0011214843155437
0	-0	-0	-0	-0	0	-0	-0	-0	-0	-0	-0	-0
0	-0	-0	-0	-0	0	-0	-0	-0	-0	-0	-0	-0
0	-0	-0	-0	-0	0	-0	-0	-0	-0	-0	-0	-0
0	-0	-0	-0	-0	0	-0	-0	-0	-0	-0	-0	-0
0	-0	-0	-0	-0	0	-0	-0	-0	-0	-0	-0	-0
0	-0	-0	-0	-0	0	-0	-0	-0	-0	-0	-0	-0
9.49045638011895e-05	-0.00129952753537658	-0	0.00301444464510849	-0	-0.000110308795615772	-0.0584413220748705	0.0126289241771021	-0.000942441341304839	0.018092427428668	-0.00432337849650033	-0.0780858036608139	0.0001783353732332
0	-0	-0	-0	-0	0	-0	-0	-0	-0	-0	-0	-0
0.0040994112231926	-0.247826892310902	-0	0.201722555948558	-0	-0.0028241532172893	0.0986835231160391	0.0729614920804589	-0.0804749872654302	-0.0383903873130229	0.0739173152992772	-0.107574500973585	-0.0281051836951864
0	-0	-0	-0	-0	0	-0	-0	-0	-0	-0	-0	-0
0	-0	-0	-0	-0	0	-0	-0	-0	-0	-0	-0	-0
0	-0	-0	-0	-0	0	-0	-0	-0	-0	-0	-0	-0
0	-0	-0	-0	-0	0	-0	-0	-0	-0	-0	-0	-0
0	-0	-0	-0	-0	0	-0	-0	-0	-0	-0	-0	-0
0	-0	-0	-0	-0	0	-0	-0	-0	-0	-0	-0	-0
0.00135362779565897	-0.060207418801825	-0	0.118996061390694	-0	-0.00402815711098732	0.0450802268432807	-0.0815011773050102	0.00676098595181234	0.183537285890783	-0.00895738640883573	-0.00909244590773195	0.00270521873822809
0	-0	-0	-0	-0	0	-0	-0	-0	-0	-0	-0	-0
0	-0	-0	-0	-0	0	-0	-0	-0	-0	-0	-0	-0
0	-0	-0	-0	-0	0	-0	-0	-0	-0	-0	-0	-0
-0.00150830950428679	-0	-0	-0	-0	0	-0	-0	-0	-0	-0	-0	-0
0	-0	-0	-0	-0	0	-0	-0	-0	-0	-0	-0	-0
0	-0	-0	-0	-0	0	-0	-0	-0	-0	-0	-0	-0
0	-0	-0	-0	-0	0	-0	-0	-0	-0	-0	-0	-0
0	-0	-0	-0	-0	0	-0	-0	-0	-0	-0	-0	-0
0.00160764378457465	-0.171936128378624	-0	-0.101967454189345	-0	0.00959245809765257	-0.00448827098349716	-0.000671960709307558	-0.0931432591576737	0.00160038115304914	0.0581588873356327	0.000258801898229676	-0.0381380340796408
0	-0	-0	-0	-0	0	-0	-0	-0	-0	-0	-0	-0
-0.00172101124582617	-0	-0	-0	-0	0	-0	-0	-0	-0	-0	-0	-0
0	-0	-0	-0	-0	0	-0	-0	-0	-0	-0	-0	-0
0	-0	-0	-0	-0	0	-0	-0	-0	-0	-0	-0	-0
0	-0	-0	-0	-0	0	-0	-0	-0	-0	-0	-0	-0
0.0011315215343784	-0.0503284515300639	-0	0.0994709228057485	-0	-0.00336720812734203	0.0376833628945288	0.140598186725339	0.0137144644344141	-0.215766993688027	0.0189694668339438	-0.0784969070629959	0.00113613453902513
0	-0	-0	-0	-0	0	-0	-0	-0	-0	-0	-0	-0
0	-0	-0	-0	-0	0	-0	-0	-0	-0	-0	-0	-0
0	-0	-0	-0	-0	0	-0	-0	-0	-0	-0	-0	-0
0.00912795346820887	-0	-0	-0	-0	0	-0	-0	-0	-0	-0	-0	-0
0	-0	-0	-0	-0	0	-0	-0	-0	-0	-0	-0	-0
0	-0	-0	-0	-0	0	-0	-0	-0	-0	-0	-0	-0
0	-0	-0	-0	-0	0	-0	-0	-0	-0	-0	-0	-0
0	-0	-0	-0	-0	0	-0	-0	-0	-0	-0	-0	-0
0	-0	-0	-0	-0	0	-0	-0	-0	-0	-0	-0	-0
0	-0	-0	-0	-0	0	-0	-0	-0	-0	-0	-0	-0
0	-0	-0	-0	-0	0	-0	-0	-0	-0	-0	-0	-0
0	-0	-0	-0	-0	0	-0	-0	-0	-0	-0	-0	-0
0	-0	-0	-0	-0	0	-0	-0	-0	-0	-0	-0	-0
0	-0	-0	-0	-0	0	-0	-0	-0	-0	-0	-0	-0
0	-0	-0	-0	-0	0	-0	-0	-0	-0	-0	-0	-0
0	-0	-0	-0	-0	0	-0	-0	-0	-0	-0	-0	-0
0	-0	-0	-0	-0	0	-0	-0	-0	-0	-0	-0	-0
0	-0	-0	-0	-0	0	-0	-0	-0	-0	-0	-0	-0
0	-0	-0	-0	-0	0	-0	-0	-0	-0	-0	-0	-0
0	-0	-0	-0	-0	0	-0	-0	-0	-0	-0	-0	-0
0	-0	-0	-0	-0	0	-0	-0	-0	-0	-0	-0	-0
0	-0	-0	-0	-0	0	-0	-0	-0	-0	-0	-0	-0
0	-0	-0	-0	-0	0	-0	-0	-0	-0	-0	-0	-0
0	-0	-0	-0	-0	0	-0	-0	-0	-0	-0	-0	-0
0.00150633660202841	-0.161101411813254	-0	-0.0955418793235374	-0	0.00898798034400448	-0.00420543837330974	-0.000476669051173765	-0.095400641110246	0.00152482901725871	0.0587806914920215	0.000204806449279518	-0.03718352396385
0	-0	-0	-0	-0	0	-0	-0	-0	-0	-0	-0	-0
0	-0	-0	-0	-0	0	-0	-0	-0	-0	-0	-0	-0
0	-0	-0	-0	-0	0	-0	-0	-0	-0	-0	-0	-0
0	-0	-0	-0	-0	0	-0	-0	-0	-0	-0	-0	-0
0	-0	-0	-0	-0	0	-0	-0	-0	-0	-0	-0	-0
0	-0	-0	-0	-0	0	-0	-0	-0	-0	-0	-0	-0
0	-0	-0	-0	-0	0	-0	-0	-0	-0	-0	-0	-0
0.0071225006879959	-0	-0	-0	-0	0	-0	-0	-0	-0	-0	-0	-0
0	-0	-0	-0	-0	0	-0	-0	-0	-0	-0	-0	-0
0	-0	-0	-0	-0	0	-0	-0	-0	-0	-0	-0	-0
0	-0	-0	-0	-0	0	-0	-0	-0	-0	-0	-0	-0
0	-0	-0	-0	-0	0	-0	-0	-0	-0	-0	-0	-0
0	-0	-0	-0	-0	0	-0	-0	-0	-0	-0	-0	-0
0	-0	-0	-0	-0	0	-0	-0	-0	-0	-0	-0	-0
0	-0	-0	-0	-0	0	-0	-0	-0	-0	-0	-0	-0
0	-0	-0	-0	-0	0	-0	-0	-0	-0	-0	-0	-0
0	-0	-0	-0	-0	0	-0	-0	-0	-0	-0	-0	-0
0	-0	-0	-0	-0	0	-0	-0	-0	-0	-0	-0	-0
0	-0	-0	-0	-0	0	-0	-0	-0	-0	-0	-0	-0
0	-0	-0	-0	-0	0	-0	-0	-0	-0	-0	-0	-0
0	-0	-0	-0	-0	0	-0	-0	-0	-0	-0	-0	-0
0	-0	-0	-0	-0	0	-0	-0	-0	-0	-0	-0	-0
0	-0	-0	-0	-0	0	-0	-0	-0	-0	-0	-0	-0
0	-0	-0	-0	-0	0	-0	-0	-0	-0	-0	-0	-0
0	-0	-0	-0	-0	0	-0	-0	-0	-0	-0	-0	-0
0	-0	-0	-0	-0	0	-0	-0	-0	-0	-0	-0	-0
0	-0	-0	-0	-0	0	-0	-0	-0	-0	-0	-0	-0
0.00172962900185749	-0.0769314120325663	-0	0.152049950176939	-0	-0.00514707025486803	0.0576022951129062	0.154827635123906	0.0186422035256925	-0.223520498238803	0.0213776721417457	-0.0995573499362851	0.00206362771795315
0.00944718140534231	-0	-0	-0	-0	0	-0	-0	-0	-0	-0	-0	-0
0.00209765152045402	-0.0933005247064607	-0	0.184402440541383	-0	-0.00624224023441728	0.069858647025102	0.0498884212057873	0.0172820241518874	-0.0272024728079187	0.00844459482013817	-0.0739025795130248	0.00324149914911802
0	-0	-0	-0	-0	0	-0	-0	-0	-0	-0	-0	-0
0	-0	-0	-0	-0	0	-0	-0	-0	-0	-0	-0	-0
0	-0	-0	-0	-0	0	-0	-0	-0	-0	-0	-0	-0
0	-0	-0	-0	-0	0	-0	-0	-0	-0	-0	-0	-0
0	-0	-0	-0	-0	0	-0	-0	-0	-0	-0	-0	-0
0	-0	-0	-0	-0	0	-0	-0	-0	-0	-0	-0	-0
0	-0	-0	-0	-0	0	-0	-0	-0	-0	-0	-0	-0
0	-0	-0	-0	-0	0	-0	-0	-0	-0	-0	-0	-0
0	-0	-0	-0	-0	0	-0	-0	-0	-0	-0	-0	-0
0	-0	-0	-0	-0	0	-0	-0	-0	-0	-0	-0	-0
0	-0	-0	-0	-0	0	-0	-0	-0	-0	-0	-0	-0
0	-0	-0	-0	-0	0	-0	-0	-0	-0	-0	-0	-0
0	-0	-0	-0	-0	0	-0	-0	-0	-0	-0	-0	-0
0	-0	-0	-0	-0	0	-0	-0	-0	-0	-0	-0	-0
0	-0	-0	-0	-0	0	-0	-0	-0	-0	-0	-0	-0
0	-0	-0	-0	-0	0	-0	-0	-0	-0	-0	-0	-0
0	-0	-0	-0	-0	0	-0	-0	-0	-0	-0	-0	-0
0	-0	-0	-0	-0	0	-0	-0	-0	-0	-0	-0	-0
0	-0	-0	-0	-0	0	-0	-0	-0	-0	-0	-0	-0
0	-0	-0	-0	-0	0	-0	-0	-0	-0	-0	-0	-0
0	-0	-0	-0	-0	0	-0	-0	-0	-0	-0	-0	-0
0	-0	-0	-0	-0	0	-0	-0	-0	-0	-0	-0	-0
0	-0	-0	-0	-0	0	-0	-0	-0	-0	-0	-0	-0
0	-0	-0	-0	-0	0	-0	-0	-0	-0	-0	-0	-0
0	-0	-0	-0	-0	0	-0	-0	-0	-0	-0	-0	-0
0	-0	-0	-0	-0	0	-0	-0	-0	-0	-0	-0	-0
0	-0	-0	-0	-0	0	-0	-0	-0	-0	-0	-0	-0
0	-0	-0	-0	-0	0	-0	-0	-0	-0	-0	-0	-0
0	-0	-0	-0	-0	0	-0	-0	-0	-0	-0	-0	-0
0	-0	-0	-0	-0	0	-0	-0	-0	-0	-0	-0	-0
0	-0	-0	-0	-0	0	-0	-0	-0	-0	-0	-0	-0
0	-0	-0	-0	-0	0	-0	-0	-0	-0	-0	-0	-0
0.000394267202365952	-0.00539869807361367	-0	0.0125230716976272	-0	-0.000458261842232448	-0.24278596975897	0.045560963281264	-0.0033445531917883	0.0637558188351417	-0.0133097300079319	-0.193585291352677	0.000280773798241648
0	-0	-0	-0	-0	0	-0	-0	-0	-0	-0	-0	-0
0.00101166301923535	-0.10819649503213	-0	-0.0641663928033845	-0	0.00603637149850792	-0.00282439295189262	0.000478163104010862	-0.106431745897155	0.00115626670988198	0.0618577722524112	-1.67208248455999e-05	-0.0324704408194569
0	-0	-0	-0	-0	0	-0	-0	-0	-0	-0	-0	-0
0	-0	-0	-0	-0	0	-0	-0	-0	-0	-0	-0	-0
0	-0	-0	-0	-0	0	-0	-0	-0	-0	-0	-0	-0
0	-0	-0	-0	-0	0	-0	-0	-0	-0	-0	-0	-0
0	-0	-0	-0	-0	0	-0	-0	-0	-0	-0	-0	-0
0	-0	-0	-0	-0	0	-0	-0	-0	-0	-0	-0	-0
0	-0	-0	-0	-0	0	-0	-0	-0	-0	-0	-0	-0
0	-0	-0	-0	-0	0	-0	-0	-0	-0	-0	-0	-0
0	-0	-0	-0	-0	0	-0	-0	-0	-0	-0	-0	-0
0	-0	-0	-0	-0	0	-0	-0	-0	-0	-0	-0	-0
0	-0	-0	-0	-0	0	-0	-0	-0	-0	-0	-0	-0
0	-0	-0	-0	-0	0	-0	-0	-0	-0	-0	-0	-0
0	-0	-0	-0	-0	0	-0	-0	-0	-0	-0	-0	-0
0	-0	-0	-0	-0	0	-0	-0	-0	-0	-0	-0	-0
0	-0	-0	-0	-0	0	-0	-0	-0	-0	-0	-0	-0
0	-0	-0	-0	-0	0	-0	-0	-0	-0	-0	-0	-0
0	-0	-0	-0	-0	0	-0	-0	-0	-0	-0	-0	-0
0.00118976547134333	-0.0529190581331472	-0	0.104591088866923	-0	-0.00354053179106439	0.0396230762329633	-0.0853983456206281	0.0054107053674079	0.18566200755116	-0.00961948095534377	-0.00332784821921629	0.00244798180824961
0.000583981060416367	-0.0624562751635869	-0	-0.0370399603424615	-0	0.00348448698997636	-0.00163037687423823	-0.00112717237304151	0.0130207834478276	0.000433396859089338	-0.00362160271434383	0.000272141275403055	-0.00555356107395368
0.00233591389561192	-0.138888369606755	-0	-0.0823683399112184	-0	0.00774869643900676	-0.00362558262262494	-7.56531308570449e-05	-0.100033494979541	0.00136889761068859	0.0600784757162785	0.000117292278124048	-0.0352331518554915
0	-0	-0	-0	-0	0	-0	-0	-0	-0	-0	-0	-0
0	-0	-0	-0	-0	0	-0	-0	-0	-0	-0	-0	-0
0.00243547812445248	-0	-0	-0	-0	0	-0	-0	-0	-0	-0	-0	-0
0	-0	-0	-0	-0	0	-0	-0	-0	-0	-0	-0	-0
0.00106376139180963	-0.0473145777792502	-0	0.0935141966578282	-0	-0.00316556591741906	0.0354267288273707	0.138982621830301	0.01315683792912	-0.214897231295827	0.0186955001209439	-0.0761308931437002	0.00103638214979957
0.000379128195704267	-0.0405474364122157	-0	-0.0240468300865467	-0	0.00226217484608632	-0.00105846213952857	-0.0031624146116778	0.137440660497265	-0.000123793862908964	-0.0704748704945318	0.000661402575476818	0.0192513786757082
0.000481422906914728	-0.00659212053287145	-0	0.0152913900623618	-0	-0.000559564039036909	-0.296455618469065	0.0521194183628255	-0.00378328465458108	0.0642875815148219	-0.0131069662183207	-0.167694389521474	-0.000112348594172247
-0.00657435725805368	-0	-0	-0	-0	0	-0	-0	-0	-0	-0	-0	-0
0	-0	-0	-0	-0	0	-0	-0	-0	-0	-0	-0	-0
0	-0	-0	-0	-0	0	-0	-0	-0	-0	-0	-0	-0
0	-0	-0	-0	-0	0	-0	-0	-0	-0	-0	-0	-0
0	-0	-0	-0	-0	0	-0	-0	-0	-0	-0	-0	-0
0	-0	-0	-0	-0	0	-0	-0	-0	-0	-0	-0	-0
0	-0	-0	-0	-0	0	-0	-0	-0	-0	-0	-0	-0
0	-0	-0	-0	-0	0	-0	-0	-0	-0	-0	-0	-0
0	-0	-0	-0	-0	0	-0	-0	-0	-0	-0	-0	-0
0	-0	-0	-0	-0	0	-0	-0	-0	-0	-0	-0	-0
0	-0	-0	-0	-0	0	-0	-0	-0	-0	-0	-0	-0
0	-0	-0	-0	-0	0	-0	-0	-0	-0	-0	-0	-0
0	-0	-0	-0	-0	0	-0	-0	-0	-0	-0	-0	-0
0	-0	-0	-0	-0	0	-0	-0	-0	-0	-0	-0	-0
0	-0	-0	-0	-0	0	-0	-0	-0	-0	-0	-0	-0
0	-0	-0	-0	-0	0	-0	-0	-0	-0	-0	-0	-0
0	-0	-0	-0	-0	0	-0	-0	-0	-0	-0	-0	-0
0	-0	-0	-0	-0	0	-0	-0	-0	-0	-0	-0	-0
0	-0	-0	-0	-0	0	-0	-0	-0	-0	-0	-0	-0
0	-0	-0	-0	-0	0	-0	-0	-0	-0	-0	-0	-0
0	-0	-0	-0	-0	0	-0	-0	-0	-0	-0	-0	-0
0.000532087659905361	-0.0569063203428283	-0	-0.0337485359671699	-0	0.00317485044317241	-0.00148549923033247	-0.00102693365013838	0.0118646073727903	0.000395064080827125	-0.00330008528390665	0.000248751309567625	-0.00506379080755975
0	-0	-0	-0	-0	0	-0	-0	-0	-0	-0	-0	-0
0	-0	-0	-0	-0	0	-0	-0	-0	-0	-0	-0	-0
0	-0	-0	-0	-0	0	-0	-0	-0	-0	-0	-0	-0
0	-0	-0	-0	-0	0	-0	-0	-0	-0	-0	-0	-0
0	-0	-0	-0	-0	0	-0	-0	-0	-0	-0	-0	-0
0	-0	-0	-0	-0	0	-0	-0	-0	-0	-0	-0	-0
0.000923852928946444	-0.0988052809449584	-0	-0.0585968932383642	-0	0.0055124279360537	-0.00257924195259518	0.000647571266415134	-0.10838846047903	0.00109131931066169	0.062399124134251	-5.6210413076567e-05	-0.0316497136383233
0.000681104462042483	-0.0728435399362978	-0	-0.0432001720143824	-0	0.00406400103987922	-0.00190152907195	0.0011160666934047	-0.113802565263592	0.000911159170780622	0.06390292493388	-0.000171986167020895	-0.0293393590427533
0	-0	-0	-0	-0	0	-0	-0	-0	-0	-0	-0	-0
0	-0	-0	-0	-0	0	-0	-0	-0	-0	-0	-0	-0
0	-0	-0	-0	-0	0	-0	-0	-0	-0	-0	-0	-0
0	-0	-0	-0	-0	0	-0	-0	-0	-0	-0	-0	-0
0	-0	-0	-0	-0	0	-0	-0	-0	-0	-0	-0	-0
0	-0	-0	-0	-0	0	-0	-0	-0	-0	-0	-0	-0
0	-0	-0	-0	-0	0	-0	-0	-0	-0	-0	-0	-0
0	-0	-0	-0	-0	0	-0	-0	-0	-0	-0	-0	-0
0	-0	-0	-0	-0	0	-0	-0	-0	-0	-0	-0	-0
0	-0	-0	-0	-0	0	-0	-0	-0	-0	-0	-0	-0
-0.00326759163500551	0.145337779464183	-0	-0.287250702183938	-0	0.00972377526714347	-0.108821474122936	-0.0777125077435929	-0.026920865551689	0.0423561239680783	-0.0131581695229805	0.115170734368584	-0.00504810155601034
0	-0	-0	-0	-0	0	-0	-0	-0	-0	-0	-0	-0
0	-0	-0	-0	-0	0	-0	-0	-0	-0	-0	-0	-0
0	-0	-0	-0	-0	0	-0	-0	-0	-0	-0	-0	-0
0	-0	-0	-0	-0	0	-0	-0	-0	-0	-0	-0	-0
0	-0	-0	-0	-0	0	-0	-0	-0	-0	-0	-0	-0
0	-0	-0	-0	-0	0	-0	-0	-0	-0	-0	-0	-0
0	-0	-0	-0	-0	0	-0	-0	-0	-0	-0	-0	-0
0	-0	-0	-0	-0	0	-0	-0	-0	-0	-0	-0	-0
0	-0	-0	-0	-0	0	-0	-0	-0	-0	-0	-0	-0
0	-0	-0	-0	-0	0	-0	-0	-0	-0	-0	-0	-0
0	-0	-0	-0	-0	0	-0	-0	-0	-0	-0	-0	-0
0	-0	-0	-0	-0	0	-0	-0	-0	-0	-0	-0	-0
0	-0	-0	-0	-0	0	-0	-0	-0	-0	-0	-0	-0
0	-0	-0	-0	-0	0	-0	-0	-0	-0	-0	-0	-0
0	-0	-0	-0	-0	0	-0	-0	-0	-0	-0	-0	-0
0	-0	-0	-0	-0	0	-0	-0	-0	-0	-0	-0	-0
0	-0	-0	-0	-0	0	-0	-0	-0	-0	-0	-0	-0
0	-0	-0	-0	-0	0	-0	-0	-0	-0	-0	-0	-0
0	-0	-0	-0	-0	0	-0	-0	-0	-0	-0	-0	-0
0	-0	-0	-0	-0	0	-0	-0	-0	-0	-0	-0	-0
0	-0	-0	-0	-0	0	-0	-0	-0	-0	-0	-0	-0
0	-0	-0	-0	-0	0	-0	-0	-0	-0	-0	-0	-0
0	-0	-0	-0	-0	0	-0	-0	-0	-0	-0	-0	-0
0	-0	-0	-0	-0	0	-0	-0	-0	-0	-0	-0	-0
0	-0	-0	-0	-0	0	-0	-0	-0	-0	-0	-0	-0
0	-0	-0	-0	-0	0	-0	-0	-0	-0	-0	-0	-0
0	-0	-0	-0	-0	0	-0	-0	-0	-0	-0	-0	-0
0	-0	-0	-0	-0	0	-0	-0	-0	-0	-0	-0	-0
0	-0	-0	-0	-0	0	-0	-0	-0	-0	-0	-0	-0
0	-0	-0	-0	-0	0	-0	-0	-0	-0	-0	-0	-0
0	-0	-0	-0	-0	0	-0	-0	-0	-0	-0	-0	-0
0	-0	-0	-0	-0	0	-0	-0	-0	-0	-0	-0	-0
0	-0	-0	-0	-0	0	-0	-0	-0	-0	-0	-0	-0
0	-0	-0	-0	-0	0	-0	-0	-0	-0	-0	-0	-0
0	-0	-0	-0	-0	0	-0	-0	-0	-0	-0	-0	-0
0	-0	-0	-0	-0	0	-0	-0	-0	-0	-0	-0	-0
0	-0	-0	-0	-0	0	-0	-0	-0	-0	-0	-0	-0
0	-0	-0	-0	-0	0	-0	-0	-0	-0	-0	-0	-0
0	-0	-0	-0	-0	0	-0	-0	-0	-0	-0	-0	-0
0	-0	-0	-0	-0	0	-0	-0	-0	-0	-0	-0	-0
0	-0	-0	-0	-0	0	-0	-0	-0	-0	-0	-0	-0
0	-0	-0	-0	-0	0	-0	-0	-0	-0	-0	-0	-0
0	-0	-0	-0	-0	0	-0	-0	-0	-0	-0	-0	-0
0	-0	-0	-0	-0	0	-0	-0	-0	-0	-0	-0	-0
0	-0	-0	-0	-0	0	-0	-0	-0	-0	-0	-0	-0
0	-0	-0	-0	-0	0	-0	-0	-0	-0	-0	-0	-0
0	-0	-0	-0	-0	0	-0	-0	-0	-0	-0	-0	-0
0	-0	-0	-0	-0	0	-0	-0	-0	-0	-0	-0	-0
0	-0	-0	-0	-0	0	-0	-0	-0	-0	-0	-0	-0
0	-0	-0	-0	-0	0	-0	-0	-0	-0	-0	-0	-0
0	-0	-0	-0	-0	0	-0	-0	-0	-0	-0	-0	-0
0	-0	-0	-0	-0	0	-0	-0	-0	-0	-0	-0	-0
0	-0	-0	-0	-0	0	-0	-0	-0	-0	-0	-0	-0
0	-0	-0	-0	-0	0	-0	-0	-0	-0	-0	-0	-0
0	-0	-0	-0	-0	0	-0	-0	-0	-0	-0	-0	-0
0	-0	-0	-0	-0	0	-0	-0	-0	-0	-0	-0	-0
0	-0	-0	-0	-0	0	-0	-0	-0	-0	-0	-0	-0
0	-0	-0	-0	-0	0	-0	-0	-0	-0	-0	-0	-0
0	-0	-0	-0	-0	0	-0	-0	-0	-0	-0	-0	-0
0	-0	-0	-0	-0	0	-0	-0	-0	-0	-0	-0	-0
0	-0	-0	-0	-0	0	-0	-0	-0	-0	-0	-0	-0
0	-0	-0	-0	-0	0	-0	-0	-0	-0	-0	-0	-0
0	-0	-0	-0	-0	0	-0	-0	-0	-0	-0	-0	-0
0.000124821332430134	-0.0133495347930836	-0	-0.00791699854068773	-0	0.000744781532151389	-0.000348480160762466	-0.00541448725645519	0.187088142208912	0.0207481695952951	0.329364589984951	-0.0207609409407551	-0.0117066298070003
0	-0	-0	-0	-0	0	-0	-0	-0	-0	-0	-0	-0
0.0118303874465522	-0	-0	-0	-0	0	-0	-0	-0	-0	-0	-0	-0
0	-0	-0	-0	-0	0	-0	-0	-0	-0	-0	-0	-0
0	-0	-0	-0	-0	0	-0	-0	-0	-0	-0	-0	-0
0	-0	-0	-0	-0	0	-0	-0	-0	-0	-0	-0	-0
0	-0	-0	-0	-0	0	-0	-0	-0	-0	-0	-0	-0
0	-0	-0	-0	-0	0	-0	-0	-0	-0	-0	-0	-0
0	-0	-0	-0	-0	0	-0	-0	-0	-0	-0	-0	-0
0	-0	-0	-0	-0	0	-0	-0	-0	-0	-0	-0	-0
0	-0	-0	-0	-0	0	-0	-0	-0	-0	-0	-0	-0
0	-0	-0	-0	-0	0	-0	-0	-0	-0	-0	-0	-0
0	-0	-0	-0	-0	0	-0	-0	-0	-0	-0	-0	-0
0	-0	-0	-0	-0	0	-0	-0	-0	-0	-0	-0	-0
0	-0	-0	-0	-0	0	-0	-0	-0	-0	-0	-0	-0
0	-0	-0	-0	-0	0	-0	-0	-0	-0	-0	-0	-0
0	-0	-0	-0	-0	0	-0	-0	-0	-0	-0	-0	-0
0	-0	-0	-0	-0	0	-0	-0	-0	-0	-0	-0	-0
0	-0	-0	-0	-0	0	-0	-0	-0	-0	-0	-0	-0
0	-0	-0	-0	-0	0	-0	-0	-0	-0	-0	-0	-0
0	-0	-0	-0	-0	0	-0	-0	-0	-0	-0	-0	-0
0	-0	-0	-0	-0	0	-0	-0	-0	-0	-0	-0	-0
0	-0	-0	-0	-0	0	-0	-0	-0	-0	-0	-0	-0
0	-0	-0	-0	-0	0	-0	-0	-0	-0	-0	-0	-0
0	-0	-0	-0	-0	0	-0	-0	-0	-0	-0	-0	-0
0	-0	-0	-0	-0	0	-0	-0	-0	-0	-0	-0	-0
0	-0	-0	-0	-0	0	-0	-0	-0	-0	-0	-0	-0
0	-0	-0	-0	-0	0	-0	-0	-0	-0	-0	-0	-0
0	-0	-0	-0	-0	0	-0	-0	-0	-0	-0	-0	-0
0	-0	-0	-0	-0	0	-0	-0	-0	-0	-0	-0	-0
-0.00825106722634954	0.00534290962994971	-0	-0.0123936622232717	-0	0.000453526308846338	0.240277096098497	-0.0293648561775795	0.00196260111873991	-0.00239300927920735	-0.000905528276173343	-0.11590764256385	0.00172900086884085
0	-0	-0	-0	-0	0	-0	-0	-0	-0	-0	-0	-0
0	-0	-0	-0	-0	0	-0	-0	-0	-0	-0	-0	-0
0	-0	-0	-0	-0	0	-0	-0	-0	-0	-0	-0	-0
0	-0	-0	-0	-0	0	-0	-0	-0	-0	-0	-0	-0
0	-0	-0	-0	-0	0	-0	-0	-0	-0	-0	-0	-0
0	-0	-0	-0	-0	0	-0	-0	-0	-0	-0	-0	-0
0	-0	-0	-0	-0	0	-0	-0	-0	-0	-0	-0	-0
0	-0	-0	-0	-0	0	-0	-0	-0	-0	-0	-0	-0
0	-0	-0	-0	-0	0	-0	-0	-0	-0	-0	-0	-0
0	-0	-0	-0	-0	0	-0	-0	-0	-0	-0	-0	-0
0	-0	-0	-0	-0	0	-0	-0	-0	-0	-0	-0	-0
0	-0	-0	-0	-0	0	-0	-0	-0	-0	-0	-0	-0
0	-0	-0	-0	-0	0	-0	-0	-0	-0	-0	-0	-0
0	-0	-0	-0	-0	0	-0	-0	-0	-0	-0	-0	-0
0	-0	-0	-0	-0	0	-0	-0	-0	-0	-0	-0	-0
0	-0	-0	-0	-0	0	-0	-0	-0	-0	-0	-0	-0
0	-0	-0	-0	-0	0	-0	-0	-0	-0	-0	-0	-0
0	-0	-0	-0	-0	0	-0	-0	-0	-0	-0	-0	-0
0	-0	-0	-0	-0	0	-0	-0	-0	-0	-0	-0	-0
0	-0	-0	-0	-0	0	-0	-0	-0	-0	-0	-0	-0
0	-0	-0	-0	-0	0	-0	-0	-0	-0	-0	-0	-0
0	-0	-0	-0	-0	0	-0	-0	-0	-0	-0	-0	-0
0	-0	-0	-0	-0	0	-0	-0	-0	-0	-0	-0	-0
0	-0	-0	-0	-0	0	-0	-0	-0	-0	-0	-0	-0
0	-0	-0	-0	-0	0	-0	-0	-0	-0	-0	-0	-0
0	-0	-0	-0	-0	0	-0	-0	-0	-0	-0	-0	-0
0.0150207967579763	-0	-0	-0	-0	0	-0	-0	-0	-0	-0	-0	-0
0	-0	-0	-0	-0	0	-0	-0	-0	-0	-0	-0	-0
0	-0	-0	-0	-0	0	-0	-0	-0	-0	-0	-0	-0
0	-0	-0	-0	-0	0	-0	-0	-0	-0	-0	-0	-0
0	-0	-0	-0	-0	0	-0	-0	-0	-0	-0	-0	-0
0	-0	-0	-0	-0	0	-0	-0	-0	-0	-0	-0	-0
0	-0	-0	-0	-0	0	-0	-0	-0	-0	-0	-0	-0
0	-0	-0	-0	-0	0	-0	-0	-0	-0	-0	-0	-0
0	-0	-0	-0	-0	0	-0	-0	-0	-0	-0	-0	-0
0	-0	-0	-0	-0	0	-0	-0	-0	-0	-0	-0	-0
0	-0	-0	-0	-0	0	-0	-0	-0	-0	-0	-0	-0
0	-0	-0	-0	-0	0	-0	-0	-0	-0	-0	-0	-0
0	-0	-0	-0	-0	0	-0	-0	-0	-0	-0	-0	-0
0	-0	-0	-0	-0	0	-0	-0	-0	-0	-0	-0	-0
0	-0	-0	-0	-0	0	-0	-0	-0	-0	-0	-0	-0
0	-0	-0	-0	-0	0	-0	-0	-0	-0	-0	-0	-0
0	-0	-0	-0	-0	0	-0	-0	-0	-0	-0	-0	-0
0	-0	-0	-0	-0	0	-0	-0	-0	-0	-0	-0	-0
0	-0	-0	-0	-0	0	-0	-0	-0	-0	-0	-0	-0
0	-0	-0	-0	-0	0	-0	-0	-0	-0	-0	-0	-0
0	-0	-0	-0	-0	0	-0	-0	-0	-0	-0	-0	-0
0	-0	-0	-0	-0	0	-0	-0	-0	-0	-0	-0	-0
0	-0	-0	-0	-0	0	-0	-0	-0	-0	-0	-0	-0
0	-0	-0	-0	-0	0	-0	-0	-0	-0	-0	-0	-0
0	-0	-0	-0	-0	0	-0	-0	-0	-0	-0	-0	-0
0	-0	-0	-0	-0	0	-0	-0	-0	-0	-0	-0	-0
0	-0	-0	-0	-0	0	-0	-0	-0	-0	-0	-0	-0
0	-0	-0	-0	-0	0	-0	-0	-0	-0	-0	-0	-0
0	-0	-0	-0	-0	0	-0	-0	-0	-0	-0	-0	-0
0	-0	-0	-0	-0	0	-0	-0	-0	-0	-0	-0	-0
0	-0	-0	-0	-0	0	-0	-0	-0	-0	-0	-0	-0
0	-0	-0	-0	-0	0	-0	-0	-0	-0	-0	-0	-0
0	-0	-0	-0	-0	0	-0	-0	-0	-0	-0	-0	-0
0	-0	-0	-0	-0	0	-0	-0	-0	-0	-0	-0	-0
0	-0	-0	-0	-0	0	-0	-0	-0	-0	-0	-0	-0
0	-0	-0	-0	-0	0	-0	-0	-0	-0	-0	-0	-0
0	-0	-0	-0	-0	0	-0	-0	-0	-0	-0	-0	-0
0	-0	-0	-0	-0	0	-0	-0	-0	-0	-0	-0	-0
0	-0	-0	-0	-0	0	-0	-0	-0	-0	-0	-0	-0
0	-0	-0	-0	-0	0	-0	-0	-0	-0	-0	-0	-0
0	-0	-0	-0	-0	0	-0	-0	-0	-0	-0	-0	-0
0	-0	-0	-0	-0	0	-0	-0	-0	-0	-0	-0	-0
0	-0	-0	-0	-0	0	-0	-0	-0	-0	-0	-0	-0
0	-0	-0	-0	-0	0	-0	-0	-0	-0	-0	-0	-0
0	-0	-0	-0	-0	0	-0	-0	-0	-0	-0	-0	-0
0	-0	-0	-0	-0	0	-0	-0	-0	-0	-0	-0	-0
0	-0	-0	-0	-0	0	-0	-0	-0	-0	-0	-0	-0
0	-0	-0	-0	-0	0	-0	-0	-0	-0	-0	-0	-0
0	-0	-0	-0	-0	0	-0	-0	-0	-0	-0	-0	-0
0	-0	-0	-0	-0	0	-0	-0	-0	-0	-0	-0	-0
0	-0	-0	-0	-0	0	-0	-0	-0	-0	-0	-0	-0
0	-0	-0	-0	-0	0	-0	-0	-0	-0	-0	-0	-0
0	-0	-0	-0	-0	0	-0	-0	-0	-0	-0	-0	-0
0	-0	-0	-0	-0	0	-0	-0	-0	-0	-0	-0	-0
0	-0	-0	-0	-0	0	-0	-0	-0	-0	-0	-0	-0
0	-0	-0	-0	-0	0	-0	-0	-0	-0	-0	-0	-0
0	-0	-0	-0	-0	0	-0	-0	-0	-0	-0	-0	-0
0	-0	-0	-0	-0	0	-0	-0	-0	-0	-0	-0	-0
0	-0	-0	-0	-0	0	-0	-0	-0	-0	-0	-0	-0
0	-0	-0	-0	-0	0	-0	-0	-0	-0	-0	-0	-0
0	-0	-0	-0	-0	0	-0	-0	-0	-0	-0	-0	-0
0	-0	-0	-0	-0	0	-0	-0	-0	-0	-0	-0	-0
0	-0	-0	-0	-0	0	-0	-0	-0	-0	-0	-0	-0
0	-0	-0	-0	-0	0	-0	-0	-0	-0	-0	-0	-0
0	-0	-0	-0	-0	0	-0	-0	-0	-0	-0	-0	-0
0	-0	-0	-0	-0	0	-0	-0	-0	-0	-0	-0	-0
0	-0	-0	-0	-0	0	-0	-0	-0	-0	-0	-0	-0
0	-0	-0	-0	-0	0	-0	-0	-0	-0	-0	-0	-0
0	-0	-0	-0	-0	0	-0	-0	-0	-0	-0	-0	-0
0	-0	-0	-0	-0	0	-0	-0	-0	-0	-0	-0	-0
0	-0	-0	-0	-0	0	-0	-0	-0	-0	-0	-0	-0
0	-0	-0	-0	-0	0	-0	-0	-0	-0	-0	-0	-0
0	-0	-0	-0	-0	0	-0	-0	-0	-0	-0	-0	-0
0	-0	-0	-0	-0	0	-0	-0	-0	-0	-0	-0	-0
0	-0	-0	-0	-0	0	-0	-0	-0	-0	-0	-0	-0
0	-0	-0	-0	-0	0	-0	-0	-0	-0	-0	-0	-0
0	-0	-0	-0	-0	0	-0	-0	-0	-0	-0	-0	-0
0	-0	-0	-0	-0	0	-0	-0	-0	-0	-0	-0	-0
0	-0	-0	-0	-0	0	-0	-0	-0	-0	-0	-0	-0
0	-0	-0	-0	-0	0	-0	-0	-0	-0	-0	-0	-0
0	-0	-0	-0	-0	0	-0	-0	-0	-0	-0	-0	-0
0	-0	-0	-0	-0	0	-0	-0	-0	-0	-0	-0	-0
0	-0	-0	-0	-0	0	-0	-0	-0	-0	-0	-0	-0
0	-0	-0	-0	-0	0	-0	-0	-0	-0	-0	-0	-0
0	-0	-0	-0	-0	0	-0	-0	-0	-0	-0	-0	-0
0	-0	-0	-0	-0	0	-0	-0	-0	-0	-0	-0	-0
0	-0	-0	-0	-0	0	-0	-0	-0	-0	-0	-0	-0
0	-0	-0	-0	-0	0	-0	-0	-0	-0	-0	-0	-0
0	-0	-0	-0	-0	0	-0	-0	-0	-0	-0	-0	-0
0	-0	-0	-0	-0	0	-0	-0	-0	-0	-0	-0	-0
0	-0	-0	-0	-0	0	-0	-0	-0	-0	-0	-0	-0
0	-0	-0	-0	-0	0	-0	-0	-0	-0	-0	-0	-0
0	-0	-0	-0	-0	0	-0	-0	-0	-0	-0	-0	-0
0	-0	-0	-0	-0	0	-0	-0	-0	-0	-0	-0	-0
0	-0	-0	-0	-0	0	-0	-0	-0	-0	-0	-0	-0
0	-0	-0	-0	-0	0	-0	-0	-0	-0	-0	-0	-0
0	-0	-0	-0	-0	0	-0	-0	-0	-0	-0	-0	-0
0.00799205681531433	-0	-0	-0	-0	0	-0	-0	-0	-0	-0	-0	-0
0	-0	-0	-0	-0	0	-0	-0	-0	-0	-0	-0	-0
0	-0	-0	-0	-0	0	-0	-0	-0	-0	-0	-0	-0
0	-0	-0	-0	-0	0	-0	-0	-0	-0	-0	-0	-0
0	-0	-0	-0	-0	0	-0	-0	-0	-0	-0	-0	-0
0	-0	-0	-0	-0	0	-0	-0	-0	-0	-0	-0	-0
0	-0	-0	-0	-0	0	-0	-0	-0	-0	-0	-0	-0
0	-0	-0	-0	-0	0	-0	-0	-0	-0	-0	-0	-0
0	-0	-0	-0	-0	0	-0	-0	-0	-0	-0	-0	-0
0	-0	-0	-0	-0	0	-0	-0	-0	-0	-0	-0	-0
0	-0	-0	-0	-0	0	-0	-0	-0	-0	-0	-0	-0
0	-0	-0	-0	-0	0	-0	-0	-0	-0	-0	-0	-0
0	-0	-0	-0	-0	0	-0	-0	-0	-0	-0	-0	-0
0	-0	-0	-0	-0	0	-0	-0	-0	-0	-0	-0	-0
0	-0	-0	-0	-0	0	-0	-0	-0	-0	-0	-0	-0
0	-0	-0	-0	-0	0	-0	-0	-0	-0	-0	-0	-0
0	-0	-0	-0	-0	0	-0	-0	-0	-0	-0	-0	-0
0	-0	-0	-0	-0	0	-0	-0	-0	-0	-0	-0	-0
0	-0	-0	-0	-0	0	-0	-0	-0	-0	-0	-0	-0
0	-0	-0	-0	-0	0	-0	-0	-0	-0	-0	-0	-0
0	-0	-0	-0	-0	0	-0	-0	-0	-0	-0	-0	-0
0	-0	-0	-0	-0	0	-0	-0	-0	-0	-0	-0	-0
0	-0	-0	-0	-0	0	-0	-0	-0	-0	-0	-0	-0
0	-0	-0	-0	-0	0	-0	-0	-0	-0	-0	-0	-0
0	-0	-0	-0	-0	0	-0	-0	-0	-0	-0	-0	-0
0	-0	-0	-0	-0	0	-0	-0	-0	-0	-0	-0	-0
0	-0	-0	-0	-0	0	-0	-0	-0	-0	-0	-0	-0
0	-0	-0	-0	-0	0	-0	-0	-0	-0	-0	-0	-0
0	-0	-0	-0	-0	0	-0	-0	-0	-0	-0	-0	-0
0	-0	-0	-0	-0	0	-0	-0	-0	-0	-0	-0	-0
0	-0	-0	-0	-0	0	-0	-0	-0	-0	-0	-0	-0
0	-0	-0	-0	-0	0	-0	-0	-0	-0	-0	-0	-0
0	-0	-0	-0	-0	0	-0	-0	-0	-0	-0	-0	-0
0	-0	-0	-0	-0	0	-0	-0	-0	-0	-0	-0	-0
0	-0	-0	-0	-0	0	-0	-0	-0	-0	-0	-0	-0
0	-0	-0	-0	-0	0	-0	-0	-0	-0	-0	-0	-0
0	-0	-0	-0	-0	0	-0	-0	-0	-0	-0	-0	-0
0	-0	-0	-0	-0	0	-0	-0	-0	-0	-0	-0	-0
0	-0	-0	-0	-0	0	-0	-0	-0	-0	-0	-0	-0
0	-0	-0	-0	-0	0	-0	-0	-0	-0	-0	-0	-0
0	-0	-0	-0	-0	0	-0	-0	-0	-0	-0	-0	-0
0	-0	-0	-0	-0	0	-0	-0	-0	-0	-0	-0	-0
0	-0	-0	-0	-0	0	-0	-0	-0	-0	-0	-0	-0
0	-0	-0	-0	-0	0	-0	-0	-0	-0	-0	-0	-0
0	-0	-0	-0	-0	0	-0	-0	-0	-0	-0	-0	-0
0	-0	-0	-0	-0	0	-0	-0	-0	-0	-0	-0	-0
0	-0	-0	-0	-0	0	-0	-0	-0	-0	-0	-0	-0
0	-0	-0	-0	-0	0	-0	-0	-0	-0	-0	-0	-0
0	-0	-0	-0	-0	0	-0	-0	-0	-0	-0	-0	-0
0	-0	-0	-0	-0	0	-0	-0	-0	-0	-0	-0	-0
0	-0	-0	-0	-0	0	-0	-0	-0	-0	-0	-0	-0
0	-0	-0	-0	-0	0	-0	-0	-0	-0	-0	-0	-0
0	-0	-0	-0	-0	0	-0	-0	-0	-0	-0	-0	-0
0	-0	-0	-0	-0	0	-0	-0	-0	-0	-0	-0	-0
0	-0	-0	-0	-0	0	-0	-0	-0	-0	-0	-0	-0
0	-0	-0	-0	-0	0	-0	-0	-0	-0	-0	-0	-0
0	-0	-0	-0	-0	0	-0	-0	-0	-0	-0	-0	-0
0	-0	-0	-0	-0	0	-0	-0	-0	-0	-0	-0	-0
0	-0	-0	-0	-0	0	-0	-0	-0	-0	-0	-0	-0
0	-0	-0	-0	-0	0	-0	-0	-0	-0	-0	-0	-0
0	-0	-0	-0	-0	0	-0	-0	-0	-0	-0	-0	-0
0	-0	-0	-0	-0	0	-0	-0	-0	-0	-0	-0	-0
0	-0	-0	-0	-0	0	-0	-0	-0	-0	-0	-0	-0
0	-0	-0	-0	-0	0	-0	-0	-0	-0	-0	-0	-0
0	-0	-0	-0	-0	0	-0	-0	-0	-0	-0	-0	-0
0	-0	-0	-0	-0	0	-0	-0	-0	-0	-0	-0	-0
0	-0	-0	-0	-0	0	-0	-0	-0	-0	-0	-0	-0
0	-0	-0	-0	-0	0	-0	-0	-0	-0	-0	-0	-0
0	-0	-0	-0	-0	0	-0	-0	-0	-0	-0	-0	-0
0	-0	-0	-0	-0	0	-0	-0	-0	-0	-0	-0	-0
0	-0	-0	-0	-0	0	-0	-0	-0	-0	-0	-0	-0
0	-0	-0	-0	-0	0	-0	-0	-0	-0	-0	-0	-0
0	-0	-0	-0	-0	0	-0	-0	-0	-0	-0	-0	-0
0	-0	-0	-0	-0	0	-0	-0	-0	-0	-0	-0	-0
0	-0	-0	-0	-0	0	-0	-0	-0	-0	-0	-0	-0
0	-0	-0	-0	-0	0	-0	-0	-0	-0	-0	-0	-0
0	-0	-0	-0	-0	0	-0	-0	-0	-0	-0	-0	-0
0	-0	-0	-0	-0	0	-0	-0	-0	-0	-0	-0	-0
0	-0	-0	-0	-0	0	-0	-0	-0	-0	-0	-0	-0
0	-0	-0	-0	-0	0	-0	-0	-0	-0	-0	-0	-0
0	-0	-0	-0	-0	0	-0	-0	-0	-0	-0	-0	-0
0	-0	-0	-0	-0	0	-0	-0	-0	-0	-0	-0	-0
0	-0	-0	-0	-0	0	-0	-0	-0	-0	-0	-0	-0
0	-0	-0	-0	-0	0	-0	-0	-0	-0	-0	-0	-0
0	-0	-0	-0	-0	0	-0	-0	-0	-0	-0	-0	-0
0	-0	-0	-0	-0	0	-0	-0	-0	-0	-0	-0	-0
0.00149457043457965	-0.159843030263557	-0	-0.0947955907788815	-0	0.00891777420175759	-0.00417258921328178	-0.000454301763847997	-0.0956636612126226	0.00151600676524661	0.0588616086028637	0.000203358350862657	-0.0370586594095704
0	-0	-0	-0	-0	0	-0	-0	-0	-0	-0	-0	-0
0	-0	-0	-0	-0	0	-0	-0	-0	-0	-0	-0	-0
0	-0	-0	-0	-0	0	-0	-0	-0	-0	-0	-0	-0
0	-0	-0	-0	-0	0	-0	-0	-0	-0	-0	-0	-0
0	-0	-0	-0	-0	0	-0	-0	-0	-0	-0	-0	-0
0	-0	-0	-0	-0	0	-0	-0	-0	-0	-0	-0	-0
0	-0	-0	-0	-0	0	-0	-0	-0	-0	-0	-0	-0
0	-0	-0	-0	-0	0	-0	-0	-0	-0	-0	-0	-0
0	-0	-0	-0	-0	0	-0	-0	-0	-0	-0	-0	-0
0	-0	-0	-0	-0	0	-0	-0	-0	-0	-0	-0	-0
0	-0	-0	-0	-0	0	-0	-0	-0	-0	-0	-0	-0
0	-0	-0	-0	-0	0	-0	-0	-0	-0	-0	-0	-0
0	-0	-0	-0	-0	0	-0	-0	-0	-0	-0	-0	-0
0	-0	-0	-0	-0	0	-0	-0	-0	-0	-0	-0	-0
0	-0	-0	-0	-0	0	-0	-0	-0	-0	-0	-0	-0
0	-0	-0	-0	-0	0	-0	-0	-0	-0	-0	-0	-0
0	-0	-0	-0	-0	0	-0	-0	-0	-0	-0	-0	-0
0	-0	-0	-0	-0	0	-0	-0	-0	-0	-0	-0	-0
0	-0	-0	-0	-0	0	-0	-0	-0	-0	-0	-0	-0
0	-0	-0	-0	-0	0	-0	-0	-0	-0	-0	-0	-0
0.00967075833452274	-0	-0	-0	-0	0	-0	-0	-0	-0	-0	-0	-0
0	-0	-0	-0	-0	0	-0	-0	-0	-0	-0	-0	-0
0	-0	-0	-0	-0	0	-0	-0	-0	-0	-0	-0	-0
0	-0	-0	-0	-0	0	-0	-0	-0	-0	-0	-0	-0
0	-0	-0	-0	-0	0	-0	-0	-0	-0	-0	-0	-0
0	-0	-0	-0	-0	0	-0	-0	-0	-0	-0	-0	-0
0	-0	-0	-0	-0	0	-0	-0	-0	-0	-0	-0	-0
0	-0	-0	-0	-0	0	-0	-0	-0	-0	-0	-0	-0
0.0115096389915713	0.0211762765738171	-0	0.0434123574715004	-0	0.980668369178034	-0.000184140580349732	1.28228186633023e-05	-0.00455612803108784	4.13751116765838e-05	0.00160447920625075	-1.67053176432793e-06	-0.0678904360695511
0	-0	-0	-0	-0	0	-0	-0	-0	-0	-0	-0	-0
0	-0	-0	-0	-0	0	-0	-0	-0	-0	-0	-0	-0
0	-0	-0	-0	-0	0	-0	-0	-0	-0	-0	-0	-0
0	-0	-0	-0	-0	0	-0	-0	-0	-0	-0	-0	-0
0	-0	-0	-0	-0	0	-0	-0	-0	-0	-0	-0	-0
0	-0	-0	-0	-0	0	-0	-0	-0	-0	-0	-0	-0
0	-0	-0	-0	-0	0	-0	-0	-0	-0	-0	-0	-0
0	-0	-0	-0	-0	0	-0	-0	-0	-0	-0	-0	-0
0	-0	-0	-0	-0	0	-0	-0	-0	-0	-0	-0	-0
0	-0	-0	-0	-0	0	-0	-0	-0	-0	-0	-0	-0
0	-0	-0	-0	-0	0	-0	-0	-0	-0	-0	-0	-0
0	-0	-0	-0	-0	0	-0	-0	-0	-0	-0	-0	-0
0	-0	-0	-0	-0	0	-0	-0	-0	-0	-0	-0	-0
0	-0	-0	-0	-0	0	-0	-0	-0	-0	-0	-0	-0
0	-0	-0	-0	-0	0	-0	-0	-0	-0	-0	-0	-0
0	-0	-0	-0	-0	0	-0	-0	-0	-0	-0	-0	-0
0	-0	-0	-0	-0	0	-0	-0	-0	-0	-0	-0	-0
0	-0	-0	-0	-0	0	-0	-0	-0	-0	-0	-0	-0
0	-0	-0	-0	-0	0	-0	-0	-0	-0	-0	-0	-0
0	-0	-0	-0	-0	0	-0	-0	-0	-0	-0	-0	-0
0	-0	-0	-0	-0	0	-0	-0	-0	-0	-0	-0	-0
0	-0	-0	-0	-0	0	-0	-0	-0	-0	-0	-0	-0
0	-0	-0	-0	-0	0	-0	-0	-0	-0	-0	-0	-0
0	-0	-0	-0	-0	0	-0	-0	-0	-0	-0	-0	-0
0	-0	-0	-0	-0	0	-0	-0	-0	-0	-0	-0	-0
0	-0	-0	-0	-0	0	-0	-0	-0	-0	-0	-0	-0
0	-0	-0	-0	-0	0	-0	-0	-0	-0	-0	-0	-0
0	-0	-0	-0	-0	0	-0	-0	-0	-0	-0	-0	-0
0	-0	-0	-0	-0	0	-0	-0	-0	-0	-0	-0	-0
0	-0	-0	-0	-0	0	-0	-0	-0	-0	-0	-0	-0
0	-0	-0	-0	-0	0	-0	-0	-0	-0	-0	-0	-0
0	-0	-0	-0	-0	0	-0	-0	-0	-0	-0	-0	-0
0	-0	-0	-0	-0	0	-0	-0	-0	-0	-0	-0	-0
0	-0	-0	-0	-0	0	-0	-0	-0	-0	-0	-0	-0
0	-0	-0	-0	-0	0	-0	-0	-0	-0	-0	-0	-0
0	-0	-0	-0	-0	0	-0	-0	-0	-0	-0	-0	-0
0	-0	-0	-0	-0	0	-0	-0	-0	-0	-0	-0	-0
0	-0	-0	-0	-0	0	-0	-0	-0	-0	-0	-0	-0
0	-0	-0	-0	-0	0	-0	-0	-0	-0	-0	-0	-0
0	-0	-0	-0	-0	0	-0	-0	-0	-0	-0	-0	-0
0	-0	-0	-0	-0	0	-0	-0	-0	-0	-0	-0	-0
0	-0	-0	-0	-0	0	-0	-0	-0	-0	-0	-0	-0
-0.000507915913141063	0.0543211726909316	-0	0.0322154031273514	-0	-0.00303062292821634	0.00141801577991074	-0.00120671666680296	0.104556481824704	-0.000792891253709675	-0.065804314561913	-0.000586645691214622	-0.013863679415472
0	-0	-0	-0	-0	0	-0	-0	-0	-0	-0	-0	-0
0	-0	-0	-0	-0	0	-0	-0	-0	-0	-0	-0	-0
0	-0	-0	-0	-0	0	-0	-0	-0	-0	-0	-0	-0
0	-0	-0	-0	-0	0	-0	-0	-0	-0	-0	-0	-0
0	-0	-0	-0	-0	0	-0	-0	-0	-0	-0	-0	-0
0	-0	-0	-0	-0	0	-0	-0	-0	-0	-0	-0	-0
0	-0	-0	-0	-0	0	-0	-0	-0	-0	-0	-0	-0
0	-0	-0	-0	-0	0	-0	-0	-0	-0	-0	-0	-0
0.00725002619548635	-0	-0	-0	-0.7794596677002	0	-0	-0	-0	-0	-0	-0	-0
0	-0	-0	-0	-0	0	-0	-0	-0	-0	-0	-0	-0
0	-0	-0	-0	-0	0	-0	-0	-0	-0	-0	-0	-0
0	-0	-0	-0	-0	0	-0	-0	-0	-0	-0	-0	-0
0	-0	-0	-0	-0	0	-0	-0	-0	-0	-0	-0	-0
0	-0	-0	-0	-0	0	-0	-0	-0	-0	-0	-0	-0
0	-0	-0	-0	-0	0	-0	-0	-0	-0	-0	-0	-0
0	-0	-0	-0	-0	0	-0	-0	-0	-0	-0	-0	-0
0	-0	-0	-0	-0	0	-0	-0	-0	-0	-0	-0	-0
0	-0	-0	-0	-0	0	-0	-0	-0	-0	-0	-0	-0
0	-0	-0	-0	-0	0	-0	-0	-0	-0	-0	-0	-0
0	-0	-0	-0	-0	0	-0	-0	-0	-0	-0	-0	-0
0	-0	-0	-0	-0	0	-0	-0	-0	-0	-0	-0	-0
0	-0	-0	-0	-0	0	-0	-0	-0	-0	-0	-0	-0
0	-0	-0	-0	-0	0	-0	-0	-0	-0	-0	-0	-0
0	-0	-0	-0	-0	0	-0	-0	-0	-0	-0	-0	-0
0	-0	-0	-0	-0	0	-0	-0	-0	-0	-0	-0	-0
0	-0	-0	-0	-0	0	-0	-0	-0	-0	-0	-0	-0
0	-0	-0	-0	-0	0	-0	-0	-0	-0	-0	-0	-0
0	-0	-0	-0	-0	0	-0	-0	-0	-0	-0	-0	-0
0	-0	-0	-0	-0	0	-0	-0	-0	-0	-0	-0	-0
0	-0	-0	-0	-0	0	-0	-0	-0	-0	-0	-0	-0
0	-0	-0	-0	-0	0	-0	-0	-0	-0	-0	-0	-0
0	-0	-0	-0	-0	0	-0	-0	-0	-0	-0	-0	-0
0	-0	-0	-0	-0	0	-0	-0	-0	-0	-0	-0	-0
0	-0	-0	-0	-0	0	-0	-0	-0	-0	-0	-0	-0
0	-0	-0	-0	-0	0	-0	-0	-0	-0	-0	-0	-0
0	-0	-0	-0	-0	0	-0	-0	-0	-0	-0	-0	-0
0	-0	-0	-0	-0	0	-0	-0	-0	-0	-0	-0	-0
0	-0	-0	-0	-0	0	-0	-0	-0	-0	-0	-0	-0
0	-0	-0	-0	-0	0	-0	-0	-0	-0	-0	-0	-0
0	-0	-0	-0	-0	0	-0	-0	-0	-0	-0	-0	-0
0	-0	-0	-0	-0	0	-0	-0	-0	-0	-0	-0	-0
0	-0	-0	-0	-0	0	-0	-0	-0	-0	-0	-0	-0
0	-0	-0	-0	-0	0	-0	-0	-0	-0	-0	-0	-0
0	-0	-0	-0	-0	0	-0	-0	-0	-0	-0	-0	-0
0	-0	-0	-0	-0	0	-0	-0	-0	-0	-0	-0	-0
0	-0	-0	-0	-0	0	-0	-0	-0	-0	-0	-0	-0
0	-0	-0	-0	-0	0	-0	-0	-0	-0	-0	-0	-0
0	-0	-0	-0	-0	0	-0	-0	-0	-0	-0	-0	-0
0	-0	-0	-0	-0	0	-0	-0	-0	-0	-0	-0	-0
0	-0	-0	-0	-0	0	-0	-0	-0	-0	-0	-0	-0
0	-0	-0	-0	-0	0	-0	-0	-0	-0	-0	-0	-0
0	-0	-0	-0	-0	0	-0	-0	-0	-0	-0	-0	-0
0	-0	-0	-0	-0	0	-0	-0	-0	-0	-0	-0	-0
0	-0	-0	-0	-0	0	-0	-0	-0	-0	-0	-0	-0
0	-0	-0	-0	-0	0	-0	-0	-0	-0	-0	-0	-0
0	-0	-0	-0	-0	0	-0	-0	-0	-0	-0	-0	-0
0	-0	-0	-0	-0	0	-0	-0	-0	-0	-0	-0	-0
0	-0	-0	-0	-0	0	-0	-0	-0	-0	-0	-0	-0
0	-0	-0	-0	-0	0	-0	-0	-0	-0	-0	-0	-0
0	-0	-0	-0	-0	0	-0	-0	-0	-0	-0	-0	-0
0	-0	-0	-0	-0	0	-0	-0	-0	-0	-0	-0	-0
0	-0	-0	-0	-0	0	-0	-0	-0	-0	-0	-0	-0
0	-0	-0	-0	-0	0	-0	-0	-0	-0	-0	-0	-0
0	-0	-0	-0	-0	0	-0	-0	-0	-0	-0	-0	-0
0	-0	-0	-0	-0	0	-0	-0	-0	-0	-0	-0	-0
0	-0	-0	-0	-0	0	-0	-0	-0	-0	-0	-0	-0
0	-0	-0	-0	-0	0	-0	-0	-0	-0	-0	-0	-0
0	-0	-0	-0	-0	0	-0	-0	-0	-0	-0	-0	-0
0	-0	-0	-0	-0	0	-0	-0	-0	-0	-0	-0	-0
0	-0	-0	-0	-0	0	-0	-0	-0	-0	-0	-0	-0
0	-0	-0	-0	-0	0	-0	-0	-0	-0	-0	-0	-0
0	-0	-0	-0	-0	0	-0	-0	-0	-0	-0	-0	-0
0	-0	-0	-0	-0	0	-0	-0	-0	-0	-0	-0	-0
0	-0	-0	-0	-0	0	-0	-0	-0	-0	-0	-0	-0
0	-0	-0	-0	-0	0	-0	-0	-0	-0	-0	-0	-0
0	-0	-0	-0	-0	0	-0	-0	-0	-0	-0	-0	-0
0	-0	-0	-0	-0	0	-0	-0	-0	-0	-0	-0	-0
0	-0	-0	-0	-0	0	-0	-0	-0	-0	-0	-0	-0
0	-0	-0	-0	-0	0	-0	-0	-0	-0	-0	-0	-0
0	-0	-0	-0	-0	0	-0	-0	-0	-0	-0	-0	-0
0	-0	-0	-0	-0	0	-0	-0	-0	-0	-0	-0	-0
0	-0	-0	-0	-0	0	-0	-0	-0	-0	-0	-0	-0
0	-0	-0	-0	-0	0	-0	-0	-0	-0	-0	-0	-0
0	-0	-0	-0	-0	0	-0	-0	-0	-0	-0	-0	-0
0	-0	-0	-0	-0	0	-0	-0	-0	-0	-0	-0	-0
0	-0	-0	-0	-0	0	-0	-0	-0	-0	-0	-0	-0
0	-0	-0	-0	-0	0	-0	-0	-0	-0	-0	-0	-0
0	-0	-0	-0	-0	0	-0	-0	-0	-0	-0	-0	-0
0	-0	-0	-0	-0	0	-0	-0	-0	-0	-0	-0	-0
0	-0	-0	-0	-0	0	-0	-0	-0	-0	-0	-0	-0
0	-0	-0	-0	-0	0	-0	-0	-0	-0	-0	-0	-0
0	-0	-0	-0	-0	0	-0	-0	-0	-0	-0	-0	-0
0	-0	-0	-0	-0	0	-0	-0	-0	-0	-0	-0	-0
0	-0	-0	-0	-0	0	-0	-0	-0	-0	-0	-0	-0
0	-0	-0	-0	-0	0	-0	-0	-0	-0	-0	-0	-0
0	-0	-0	-0	-0	0	-0	-0	-0	-0	-0	-0	-0
0	-0	-0	-0	-0	0	-0	-0	-0	-0	-0	-0	-0
0	-0	-0	-0	-0	0	-0	-0	-0	-0	-0	-0	-0
0	-0	-0	-0	-0	0	-0	-0	-0	-0	-0	-0	-0
0	-0	-0	-0	-0	0	-0	-0	-0	-0	-0	-0	-0
0	-0	-0	-0	-0	0	-0	-0	-0	-0	-0	-0	-0
0	-0	-0	-0	-0	0	-0	-0	-0	-0	-0	-0	-0
0	-0	-0	-0	-0	0	-0	-0	-0	-0	-0	-0	-0
0	-0	-0	-0	-0	0	-0	-0	-0	-0	-0	-0	-0
0	-0	-0	-0	-0	0	-0	-0	-0	-0	-0	-0	-0
0	-0	-0	-0	-0	0	-0	-0	-0	-0	-0	-0	-0
0	-0	-0	-0	-0	0	-0	-0	-0	-0	-0	-0	-0
0	-0	-0	-0	-0	0	-0	-0	-0	-0	-0	-0	-0
0	-0	-0	-0	-0	0	-0	-0	-0	-0	-0	-0	-0
0	-0	-0	-0	-0	0	-0	-0	-0	-0	-0	-0	-0
0	-0	-0	-0	-0	0	-0	-0	-0	-0	-0	-0	-0
0	-0	-0	-0	-0	0	-0	-0	-0	-0	-0	-0	-0
0	-0	-0	-0	-0	0	-0	-0	-0	-0	-0	-0	-0
0	-0	-0	-0	-0	0	-0	-0	-0	-0	-0	-0	-0
0	-0	-0	-0	-0	0	-0	-0	-0	-0	-0	-0	-0
0	-0	-0	-0	-0	0	-0	-0	-0	-0	-0	-0	-0
0	-0	-0	-0	-0	0	-0	-0	-0	-0	-0	-0	-0
0	-0	-0	-0	-0	0	-0	-0	-0	-0	-0	-0	-0
0	-0	-0	-0	-0	0	-0	-0	-0	-0	-0	-0	-0
0	-0	-0	-0	-0	0	-0	-0	-0	-0	-0	-0	-0
0	-0	-0	-0	-0	0	-0	-0	-0	-0	-0	-0	-0
0	-0	-0	-0	-0	0	-0	-0	-0	-0	-0	-0	-0
0	-0	-0	-0	-0	0	-0	-0	-0	-0	-0	-0	-0
0	-0	-0	-0	-0	0	-0	-0	-0	-0	-0	-0	-0
0	-0	-0	-0	-0	0	-0	-0	-0	-0	-0	-0	-0
0	-0	-0	-0	-0	0	-0	-0	-0	-0	-0	-0	-0
0	-0	-0	-0	-0	0	-0	-0	-0	-0	-0	-0	-0
0	-0	-0	-0	-0	0	-0	-0	-0	-0	-0	-0	-0
0	-0	-0	-0	-0	0	-0	-0	-0	-0	-0	-0	-0
0	-0	-0	-0	-0	0	-0	-0	-0	-0	-0	-0	-0
0	-0	-0	-0	-0	0	-0	-0	-0	-0	-0	-0	-0
0	-0	-0	-0	-0	0	-0	-0	-0	-0	-0	-0	-0
0	-0	-0	-0	-0	0	-0	-0	-0	-0	-0	-0	-0
0	-0	-0	-0	-0	0	-0	-0	-0	-0	-0	-0	-0
0	-0	-0	-0	-0	0	-0	-0	-0	-0	-0	-0	-0
0	-0	-0	-0	-0	0	-0	-0	-0	-0	-0	-0	-0
0	-0	-0	-0	-0	0	-0	-0	-0	-0	-0	-0	-0
0	-0	-0	-0	-0	0	-0	-0	-0	-0	-0	-0	-0
0	-0	-0	-0	-0	0	-0	-0	-0	-0	-0	-0	-0
0	-0	-0	-0	-0	0	-0	-0	-0	-0	-0	-0	-0
0	-0	-0	-0	-0	0	-0	-0	-0	-0	-0	-0	-0
0	-0	-0	-0	-0	0	-0	-0	-0	-0	-0	-0	-0
-0.00137389147309766	-0	-0	-0	-0	0	-0	-0	-0	-0	-0	-0	-0
0.00582685236528424	-0	-0	-0	-0.626452413538885	0	-0	-0	-0	-0	-0	-0	-0
0	-0	-0	-0	-0	0	-0	-0	-0	-0	-0	-0	-0
0	-0	-0	-0	-0	0	-0	-0	-0	-0	-0	-0	-0
0	-0	-0	-0	-0	0	-0	-0	-0	-0	-0	-0	-0
0	-0	-0	-0	-0	0	-0	-0	-0	-0	-0	-0	-0
0	-0	-0	-0	-0	0	-0	-0	-0	-0	-0	-0	-0
0	-0	-0	-0	-0	0	-0	-0	-0	-0	-0	-0	-0
0	-0	-0	-0	-0	0	-0	-0	-0	-0	-0	-0	-0
0	-0	-0	-0	-0	0	-0	-0	-0	-0	-0	-0	-0
0	-0	-0	-0	-0	0	-0	-0	-0	-0	-0	-0	-0
0	-0	-0	-0	-0	0	-0	-0	-0	-0	-0	-0	-0
0	-0	-0	-0	-0	0	-0	-0	-0	-0	-0	-0	-0
0	-0	-0	-0	-0	0	-0	-0	-0	-0	-0	-0	-0
0	-0	-0	-0	-0	0	-0	-0	-0	-0	-0	-0	-0
0	-0	-0	-0	-0	0	-0	-0	-0	-0	-0	-0	-0
0	-0	-0	-0	-0	0	-0	-0	-0	-0	-0	-0	-0
0	-0	-0	-0	-0	0	-0	-0	-0	-0	-0	-0	-0
0	-0	-0	-0	-0	0	-0	-0	-0	-0	-0	-0	-0
0	-0	-0	-0	-0	0	-0	-0	-0	-0	-0	-0	-0
0	-0	-0	-0	-0	0	-0	-0	-0	-0	-0	-0	-0
0	-0	-0	-0	-0	0	-0	-0	-0	-0	-0	-0	-0
0	-0	-0	-0	-0	0	-0	-0	-0	-0	-0	-0	-0
0	-0	-0	-0	-0	0	-0	-0	-0	-0	-0	-0	-0
0	-0	-0	-0	-0	0	-0	-0	-0	-0	-0	-0	-0
0	-0	-0	-0	-0	0	-0	-0	-0	-0	-0	-0	-0
0	-0	-0	-0	-0	0	-0	-0	-0	-0	-0	-0	-0
0	-0	-0	-0	-0	0	-0	-0	-0	-0	-0	-0	-0
0	-0	-0	-0	-0	0	-0	-0	-0	-0	-0	-0	-0
0	-0	-0	-0	-0	0	-0	-0	-0	-0	-0	-0	-0
0	-0	-0	-0	-0	0	-0	-0	-0	-0	-0	-0	-0
0	-0	-0	-0	-0	0	-0	-0	-0	-0	-0	-0	-0
0	-0	-0	-0	-0	0	-0	-0	-0	-0	-0	-0	-0
0	-0	-0	-0	-0	0	-0	-0	-0	-0	-0	-0	-0
0	-0	-0	-0	-0	0	-0	-0	-0	-0	-0	-0	-0
0	-0	-0	-0	-0	0	-0	-0	-0	-0	-0	-0	-0
0	-0	-0	-0	-0	0	-0	-0	-0	-0	-0	-0	-0
0	-0	-0	-0	-0	0	-0	-0	-0	-0	-0	-0	-0
0	-0	-0	-0	-0	0	-0	-0	-0	-0	-0	-0	-0
0	-0	-0	-0	-0	0	-0	-0	-0	-0	-0	-0	-0
0	-0	-0	-0	-0	0	-0	-0	-0	-0	-0	-0	-0
0	-0	-0	-0	-0	0	-0	-0	-0	-0	-0	-0	-0
0	-0	-0	-0	-0	0	-0	-0	-0	-0	-0	-0	-0
0	-0	-0	-0	-0	0	-0	-0	-0	-0	-0	-0	-0
0	-0	-0	-0	-0	0	-0	-0	-0	-0	-0	-0	-0
0	-0	-0	-0	-0	0	-0	-0	-0	-0	-0	-0	-0
0	-0	-0	-0	-0	0	-0	-0	-0	-0	-0	-0	-0
0	-0	-0	-0	-0	0	-0	-0	-0	-0	-0	-0	-0
0	-0	-0	-0	-0	0	-0	-0	-0	-0	-0	-0	-0
0	-0	-0	-0	-0	0	-0	-0	-0	-0	-0	-0	-0
0	-0	-0	-0	-0	0	-0	-0	-0	-0	-0	-0	-0
0	-0	-0	-0	-0	0	-0	-0	-0	-0	-0	-0	-0
0	-0	-0	-0	-0	0	-0	-0	-0	-0	-0	-0	-0
0	-0	-0	-0	-0	0	-0	-0	-0	-0	-0	-0	-0
0.000809088080763519	-0	-0	-0	-0	0	-0	-0	-0	-0	-0	-0	-0
0	-0	-0	-0	-0	0	-0	-0	-0	-0	-0	-0	-0
0	-0	-0	-0	-0	0	-0	-0	-0	-0	-0	-0	-0
0	-0	-0	-0	-0	0	-0	-0	-0	-0	-0	-0	-0
0	-0	-0	-0	-0	0	-0	-0	-0	-0	-0	-0	-0
0.0129293195819723	-0	-0	-0	-0	0	-0	-0	-0	-0	-0	-0	-0
0	-0	-0	-0	-0	0	-0	-0	-0	-0	-0	-0	-0
0	-0	-0	-0	-0	0	-0	-0	-0	-0	-0	-0	-0
0	-0	-0	-0	-0	0	-0	-0	-0	-0	-0	-0	-0
0	-0	-0	-0	-0	0	-0	-0	-0	-0	-0	-0	-0
0	-0	-0	-0	-0	0	-0	-0	-0	-0	-0	-0	-0
0	-0	-0	-0	-0	0	-0	-0	-0	-0	-0	-0	-0
0	-0	-0	-0	-0	0	-0	-0	-0	-0	-0	-0	-0
0	-0	-0	-0	-0	0	-0	-0	-0	-0	-0	-0	-0
0	-0	-0	-0	-0	0	-0	-0	-0	-0	-0	-0	-0
0	-0	-0	-0	-0	0	-0	-0	-0	-0	-0	-0	-0
0	-0	-0	-0	-0	0	-0	-0	-0	-0	-0	-0	-0
0	-0	-0	-0	-0	0	-0	-0	-0	-0	-0	-0	-0
0	-0	-0	-0	-0	0	-0	-0	-0	-0	-0	-0	-0
0	-0	-0	-0	-0	0	-0	-0	-0	-0	-0	-0	-0
0	-0	-0	-0	-0	0	-0	-0	-0	-0	-0	-0	-0
0	-0	-0	-0	-0	0	-0	-0	-0	-0	-0	-0	-0
0	-0	-0	-0	-0	0	-0	-0	-0	-0	-0	-0	-0
0	-0	-0	-0	-0	0	-0	-0	-0	-0	-0	-0	-0
0	-0	-0	-0	-0	0	-0	-0	-0	-0	-0	-0	-0
0	-0	-0	-0	-0	0	-0	-0	-0	-0	-0	-0	-0
0	-0	-0	-0	-0	0	-0	-0	-0	-0	-0	-0	-0
0	-0	-0	-0	-0	0	-0	-0	-0	-0	-0	-0	-0
0	-0	-0	-0	-0	0	-0	-0	-0	-0	-0	-0	-0
0	-0	-0	-0	-0	0	-0	-0	-0	-0	-0	-0	-0
0	-0	-0	-0	-0	0	-0	-0	-0	-0	-0	-0	-0
0	-0	-0	-0	-0	0	-0	-0	-0	-0	-0	-0	-0
0	-0	-0	-0	-0	0	-0	-0	-0	-0	-0	-0	-0
0	-0	-0	-0	-0	0	-0	-0	-0	-0	-0	-0	-0
0	-0	-0	-0	-0	0	-0	-0	-0	-0	-0	-0	-0
0	-0	-0	-0	-0	0	-0	-0	-0	-0	-0	-0	-0
0	-0	-0	-0	-0	0	-0	-0	-0	-0	-0	-0	-0
0	-0	-0	-0	-0	0	-0	-0	-0	-0	-0	-0	-0
0	-0	-0	-0	-0	0	-0	-0	-0	-0	-0	-0	-0
0	-0	-0	-0	-0	0	-0	-0	-0	-0	-0	-0	-0
0	-0	-0	-0	-0	0	-0	-0	-0	-0	-0	-0	-0
0	-0	-0	-0	-0	0	-0	-0	-0	-0	-0	-0	-0
0	-0	-0	-0	-0	0	-0	-0	-0	-0	-0	-0	-0
0	-0	-0	-0	-0	0	-0	-0	-0	-0	-0	-0	-0
0	-0	-0	-0	-0	0	-0	-0	-0	-0	-0	-0	-0
0	-0	-0	-0	-0	0	-0	-0	-0	-0	-0	-0	-0
0	-0	-0	-0	-0	0	-0	-0	-0	-0	-0	-0	-0
0	-0	-0	-0	-0	0	-0	-0	-0	-0	-0	-0	-0
0	-0	-0	-0	-0	0	-0	-0	-0	-0	-0	-0	-0
0	-0	-0	-0	-0	0	-0	-0	-0	-0	-0	-0	-0
0	-0	-0	-0	-0	0	-0	-0	-0	-0	-0	-0	-0
0	-0	-0	-0	-0	0	-0	-0	-0	-0	-0	-0	-0
0	-0	-0	-0	-0	0	-0	-0	-0	-0	-0	-0	-0
0.017449688593329	-0	-1	-0	-0	0	-0	-0	-0	-0	-0	-0	-0
0	-0	-0	-0	-0	0	-0	-0	-0	-0	-0	-0	-0
0	-0	-0	-0	-0	0	-0	-0	-0	-0	-0	-0	-0
0	-0	-0	-0	-0	0	-0	-0	-0	-0	-0	-0	-0
0	-0	-0	-0	-0	0	-0	-0	-0	-0	-0	-0	-0
0	-0	-0	-0	-0	0	-0	-0	-0	-0	-0	-0	-0
0	-0	-0	-0	-0	0	-0	-0	-0	-0	-0	-0	-0
0	-0	-0	-0	-0	0	-0	-0	-0	-0	-0	-0	-0
0	-0	-0	-0	-0	0	-0	-0	-0	-0	-0	-0	-0
0	-0	-0	-0	-0	0	-0	-0	-0	-0	-0	-0	-0
0	-0	-0	-0	-0	0	-0	-0	-0	-0	-0	-0	-0
0	-0	-0	-0	-0	0	-0	-0	-0	-0	-0	-0	-0
0	-0	-0	-0	-0	0	-0	-0	-0	-0	-0	-0	-0
0	-0	-0	-0	-0	0	-0	-0	-0	-0	-0	-0	-0
0	-0	-0	-0	-0	0	-0	-0	-0	-0	-0	-0	-0
0	-0	-0	-0	-0	0	-0	-0	-0	-0	-0	-0	-0
0	-0	-0	-0	-0	0	-0	-0	-0	-0	-0	-0	-0
0.00220209968758258	-0.23551267900239	-0	-0.139671798671094	-0	0.0131394461774868	-0.00614789185600886	-0.00181998879899754	-0.0798923962074185	0.00204266811862167	0.0544810004381411	0.000533560349823089	-0.0438221960677626
0	-0	-0	-0	-0	0	-0	-0	-0	-0	-0	-0	-0
0	-0	-0	-0	-0	0	-0	-0	-0	-0	-0	-0	-0
0	-0	-0	-0	-0	0	-0	-0	-0	-0	-0	-0	-0
0	-0	-0	-0	-0	0	-0	-0	-0	-0	-0	-0	-0
0	-0	-0	-0	-0	0	-0	-0	-0	-0	-0	-0	-0
0	-0	-0	-0	-0	0	-0	-0	-0	-0	-0	-0	-0
0	-0	-0	-0	-0	0	-0	-0	-0	-0	-0	-0	-0
0	-0	-0	-0	-0	0	-0	-0	-0	-0	-0	-0	-0
0	-0	-0	-0	-0	0	-0	-0	-0	-0	-0	-0	-0
0	-0	-0	-0	-0	0	-0	-0	-0	-0	-0	-0	-0
0	-0	-0	-0	-0	0	-0	-0	-0	-0	-0	-0	-0
0	-0	-0	-0	-0	0	-0	-0	-0	-0	-0	-0	-0
0	-0	-0	-0	-0	0	-0	-0	-0	-0	-0	-0	-0
0	-0	-0	-0	-0	0	-0	-0	-0	-0	-0	-0	-0
0	-0	-0	-0	-0	0	-0	-0	-0	-0	-0	-0	-0
0	-0	-0	-0	-0	0	-0	-0	-0	-0	-0	-0	-0
0	-0	-0	-0	-0	0	-0	-0	-0	-0	-0	-0	-0
0	-0	-0	-0	-0	0	-0	-0	-0	-0	-0	-0	-0
0	-0	-0	-0	-0	0	-0	-0	-0	-0	-0	-0	-0
0.0170606621436023	-0	-0	-0	-0	0	-0	-0	-0	-0	-0	-0	-0
0	-0	-0	-0	-0	0	-0	-0	-0	-0	-0	-0	-0
0	-0	-0	-0	-0	0	-0	-0	-0	-0	-0	-0	-0
0	-0	-0	-0	-0	0	-0	-0	-0	-0	-0	-0	-0
0	-0	-0	-0	-0	0	-0	-0	-0	-0	-0	-0	-0
0	-0	-0	-0	-0	0	-0	-0	-0	-0	-0	-0	-0
0	-0	-0	-0	-0	0	-0	-0	-0	-0	-0	-0	-0
0	-0	-0	-0	-0	0	-0	-0	-0	-0	-0	-0	-0
0	-0	-0	-0	-0	0	-0	-0	-0	-0	-0	-0	-0
0	-0	-0	-0	-0	0	-0	-0	-0	-0	-0	-0	-0
0	-0	-0	-0	-0	0	-0	-0	-0	-0	-0	-0	-0
0	-0	-0	-0	-0	0	-0	-0	-0	-0	-0	-0	-0
0	-0	-0	-0	-0	0	-0	-0	-0	-0	-0	-0	-0
0	-0	-0	-0	-0	0	-0	-0	-0	-0	-0	-0	-0
0	-0	-0	-0	-0	0	-0	-0	-0	-0	-0	-0	-0
0	-0	-0	-0	-0	0	-0	-0	-0	-0	-0	-0	-0
0	-0	-0	-0	-0	0	-0	-0	-0	-0	-0	-0	-0
0	-0	-0	-0	-0	0	-0	-0	-0	-0	-0	-0	-0
0	-0	-0	-0	-0	0	-0	-0	-0	-0	-0	-0	-0
0	-0	-0	-0	-0	0	-0	-0	-0	-0	-0	-0	-0
0	-0	-0	-0	-0	0	-0	-0	-0	-0	-0	-0	-0
0	-0	-0	-0	-0	0	-0	-0	-0	-0	-0	-0	-0
0	-0	-0	-0	-0	0	-0	-0	-0	-0	-0	-0	-0
0	-0	-0	-0	-0	0	-0	-0	-0	-0	-0	-0	-0
0	-0	-0	-0	-0	0	-0	-0	-0	-0	-0	-0	-0
0	-0	-0	-0	-0	0	-0	-0	-0	-0	-0	-0	-0
0	-0	-0	-0	-0	0	-0	-0	-0	-0	-0	-0	-0
0	-0	-0	-0	-0	0	-0	-0	-0	-0	-0	-0	-0
0	-0	-0	-0	-0	0	-0	-0	-0	-0	-0	-0	-0
0	-0	-0	-0	-0	0	-0	-0	-0	-0	-0	-0	-0
0	-0	-0	-0	-0	0	-0	-0	-0	-0	-0	-0	-0
0	-0	-0	-0	-0	0	-0	-0	-0	-0	-0	-0	-0
0	-0	-0	-0	-0	0	-0	-0	-0	-0	-0	-0	-0
0	-0	-0	-0	-0	0	-0	-0	-0	-0	-0	-0	-0
0	-0	-0	-0	-0	0	-0	-0	-0	-0	-0	-0	-0
0	-0	-0	-0	-0	0	-0	-0	-0	-0	-0	-0	-0
0	-0	-0	-0	-0	0	-0	-0	-0	-0	-0	-0	-0
0	-0	-0	-0	-0	0	-0	-0	-0	-0	-0	-0	-0
0	-0	-0	-0	-0	0	-0	-0	-0	-0	-0	-0	-0
0	-0	-0	-0	-0	0	-0	-0	-0	-0	-0	-0	-0
0	-0	-0	-0	-0	0	-0	-0	-0	-0	-0	-0	-0
0	-0	-0	-0	-0	0	-0	-0	-0	-0	-0	-0	-0
0	-0	-0	-0	-0	0	-0	-0	-0	-0	-0	-0	-0
0	-0	-0	-0	-0	0	-0	-0	-0	-0	-0	-0	-0
0	-0	-0	-0	-0	0	-0	-0	-0	-0	-0	-0	-0
0	-0	-0	-0	-0	0	-0	-0	-0	-0	-0	-0	-0
0	-0	-0	-0	-0	0	-0	-0	-0	-0	-0	-0	-0
0	-0	-0	-0	-0	0	-0	-0	-0	-0	-0	-0	-0
0	-0	-0	-0	-0	0	-0	-0	-0	-0	-0	-0	-0
0	-0	-0	-0	-0	0	-0	-0	-0	-0	-0	-0	-0
0	-0	-0	-0	-0	0	-0	-0	-0	-0	-0	-0	-0
0	-0	-0	-0	-0	0	-0	-0	-0	-0	-0	-0	-0
0	-0	-0	-0	-0	0	-0	-0	-0	-0	-0	-0	-0
0	-0	-0	-0	-0	0	-0	-0	-0	-0	-0	-0	-0
0	-0	-0	-0	-0	0	-0	-0	-0	-0	-0	-0	-0
0	-0	-0	-0	-0	0	-0	-0	-0	-0	-0	-0	-0
0	-0	-0	-0	-0	0	-0	-0	-0	-0	-0	-0	-0
0	-0	-0	-0	-0	0	-0	-0	-0	-0	-0	-0	-0
0	-0	-0	-0	-0	0	-0	-0	-0	-0	-0	-0	-0
0	-0	-0	-0	-0	0	-0	-0	-0	-0	-0	-0	-0
0	-0	-0	-0	-0	0	-0	-0	-0	-0	-0	-0	-0
0	-0	-0	-0	-0	0	-0	-0	-0	-0	-0	-0	-0
0	-0	-0	-0	-0	0	-0	-0	-0	-0	-0	-0	-0
0	-0	-0	-0	-0	0	-0	-0	-0	-0	-0	-0	-0
0	-0	-0	-0	-0	0	-0	-0	-0	-0	-0	-0	-0
0	-0	-0	-0	-0	0	-0	-0	-0	-0	-0	-0	-0
0	-0	-0	-0	-0	0	-0	-0	-0	-0	-0	-0	-0
0	-0	-0	-0	-0	0	-0	-0	-0	-0	-0	-0	-0
0	-0	-0	-0	-0	0	-0	-0	-0	-0	-0	-0	-0
0	-0	-0	-0	-0	0	-0	-0	-0	-0	-0	-0	-0
0	-0	-0	-0	-0	0	-0	-0	-0	-0	-0	-0	-0
0	-0	-0	-0	-0	0	-0	-0	-0	-0	-0	-0	-0
0	-0	-0	-0	-0	0	-0	-0	-0	-0	-0	-0	-0
0	-0	-0	-0	-0	0	-0	-0	-0	-0	-0	-0	-0
0	-0	-0	-0	-0	0	-0	-0	-0	-0	-0	-0	-0
0	-0	-0	-0	-0	0	-0	-0	-0	-0	-0	-0	-0
0	-0	-0	-0	-0	0	-0	-0	-0	-0	-0	-0	-0
0	-0	-0	-0	-0	0	-0	-0	-0	-0	-0	-0	-0
0	-0	-0	-0	-0	0	-0	-0	-0	-0	-0	-0	-0
0	-0	-0	-0	-0	0	-0	-0	-0	-0	-0	-0	-0
0	-0	-0	-0	-0	0	-0	-0	-0	-0	-0	-0	-0
