GlobalSignal	CompCorrVec1	CompCorrVec2	CompCorrVec3	CompCorrVec4	CompCorrVec5	CompCorrVec6	CompCorrVec7	CompCorrVec8	CompCorrVec9	CompCorrVec10	CompCorrVec11	CompCorrVec12
0	-0	-0	-0	-0	-0	-0	-0	-0	-0	-0	-0	-0
0	-0	-0	-0	-0	-0	-0	-0	-0	-0	-0	-0	-0
0	-0	-0	-0	-0	-0	-0	-0	-0	-0	-0	-0	-0
0	-0	-0	-0	-0	-0	-0	-0	-0	-0	-0	-0	-0
0	-0	-0	-0	-0	-0	-0	-0	-0	-0	-0	-0	-0
0.00128120172890309	-0.0578549369978507	-0	0.112224414795786	-0	-0.00410305870193739	0.0424947627127241	0.250708040257713	-0.0383452385640119	0.135416347389994	-0.00452872224517366	0.196788257244666	-0.00426706870421795
0	3.45779158188367e-17	-0	2.42875626362325e-17	-0	-5.04365402882649e-18	5.25163276305621e-17	-2.7376170118908e-07	-7.12475592308084e-06	-6.52006868921059e-06	5.06851690485416e-05	4.02293571396844e-05	-0.000295486216209573
0	3.21694212590758e-17	-0	3.30294434287929e-17	-0	1.24887990005465e-18	-8.67063968809314e-16	2.52754521849046e-06	2.88096395623854e-06	1.74175377164646e-05	-2.69947289283016e-05	3.04471913295885e-06	-1.94543330627969e-05
0	2.24256771394118e-19	-0	9.13610214907079e-19	-0	2.51711204115086e-17	3.91566485049643e-18	-1.81316651416111e-06	7.58051545926581e-08	-3.4794324182584e-06	-3.05880601382397e-06	1.51470846391005e-05	0.000178319616828767
0.0012507260844922	-0.0564787552088213	-0	0.109554959016536	-0	-0.00400546020891394	0.0414839497796114	-0.028128848674759	0.0153324917840304	0.017452422372231	0.00268107393676126	0.0444224797437514	-0.00292561037142934
0	-0	-0	-0	-0	-0	-0	-1.55345469409381e-10	-1.28628562910821e-14	-2.99480890549606e-10	3.82607809777149e-11	9.24598238429198e-10	1.20739710512923e-10
0	-0	-0	-0	-0	-0	-0	2.10967281720085e-11	1.5065658851982e-11	-3.13432080121003e-10	-7.4837127147564e-11	-4.35350466792316e-10	-1.31452679781315e-09
0	-0	-0	-0	-0	-0	-0	-7.88797553862093e-12	-7.24011123505161e-11	3.16347586804333e-10	2.78715256427755e-10	-8.36355455793013e-10	-2.36476748336861e-10
0	-0	-0	-0	-0	-0	-0	-2.52467054123955e-12	-4.32396456280452e-11	-1.2863798547545e-10	-3.80189021686169e-10	2.12848099150091e-10	2.23043201482471e-10
0	-0	-0	-0	-0	-0	-0	4.01334157903938e-15	7.82719814313667e-14	5.96115495598439e-13	1.5931446525342e-10	2.07560752792358e-11	3.96998681145405e-09
0	-0	-0	-0	-0	-0	-0	-4.10988494292075e-15	-1.10855503576218e-13	-5.21249688279904e-12	-4.0344611203442e-10	1.1134927967512e-11	5.23355246146131e-09
0	-0	-0	-0	-0	-0	-0	-1.19295834531357e-16	-4.16715485846069e-15	-1.1201533704013e-12	-2.31593768491084e-10	-1.63689326378107e-11	-2.10721475000599e-09
0	-0	-0	-0	-0	-0	-0	5.61306944056912e-19	2.44090073109301e-17	2.12239196616793e-14	6.33981720436465e-12	7.36299882516687e-13	2.5079873841059e-10
0	-0	-0	-0	-0	-0	-0	1.04841356828561e-19	5.55631854593324e-18	1.26862108437801e-14	4.90048347102499e-12	7.70432873852367e-13	4.05138809991806e-10
0.0015200205757807	-0.161495501352777	-0	-0.0982691306307052	-0	0.00933322146556068	-0.00118342847365731	0.0285652313591662	0.160404736221787	0.00398064865432437	-0.0773290433634873	-0.00369726279432039	-0.00840853031221884
0	-0	-0	-0	-0	-0	-0	-1.30536499979109e-26	-1.05056657161141e-24	-2.0539018320818e-20	-1.48755422235285e-17	-5.22591502987621e-18	-1.12120855857576e-14
0	-0	-0	-0	-0	-0	-0	-1.50217492904979e-30	-1.48875552975552e-28	-8.45561681855264e-24	-8.35160756065546e-21	-4.35336148262587e-21	-1.84384012739659e-17
0.000227951429509146	-0.00346245564287993	-0	0.00701066882801061	-0	-0.000261809129390482	-0.140357968847122	-0.0172026193864685	0.00103265338758512	-0.00140469918140963	-0.000181954953229241	-0.0677411792891974	0.00139098732330548
0	-0	-0	-0	-0	-0	-0	-4.07169819851226e-38	-6.11882643379443e-36	-2.93080774895868e-30	-5.38132166823871e-27	-6.17068867858566e-27	-1.01613093558859e-22
0	-0	-0	-0	-0	-0	-0	8.14543364982779e-42	1.50716266279175e-39	2.09370574493547e-33	5.23723279144554e-30	8.89360945332886e-30	2.87427385641314e-25
0	-0	-0	-0	-0	-0	-0	2.79336608718635e-47	5.80578682568727e-45	1.23949305531416e-38	3.35245238630006e-35	6.1402361297106e-35	2.15730662042628e-30
0	-0	-0	-0	-0	-0	-0	-1.0651942414155e-53	-2.21231236043204e-51	-4.71342337484086e-45	-1.27447140414588e-41	-2.33367647031873e-41	-8.19696987957644e-37
0	-0	-0	-0	-0	-0	-0	-0	-0	-0	-0	-0	-0
0.000325714131384873	-0.00494741680105745	-0	0.01001737042254	-0	-0.000374092557136419	-0.200554012775661	-0.0402481253620061	0.00370705122702557	-0.0644495997765592	-0.00498851777276044	0.214104372635249	-0.00200070273544768
0	-0	-0	-0	-0	-0	-0	-0	-0	-0	-0	-0	-0
0	-0	-0	-0	-0	-0	-0	-0	-0	-0	-0	-0	-0
0	-0	-0	-0	-0	-0	-0	-0	-0	-0	-0	-0	-0
0	-0	-0	-0	-0	-0	-0	-0	-0	-0	-0	-0	-0
0.0017268446341498	-0	-0	-0	-0	-0	-0	-0	-0	-0	-0	-0	-0
0	-0	-0	-0	-0	-0	-0	-0	-0	-0	-0	-0	-0
0	-0	-0	-0	-0	-0	-0	-0	-0	-0	-0	-0	-0
0	-0	-0	-0	-0	-0	-0	-0	-0	-0	-0	-0	-0
0	-0	-0	-0	-0	-0	-0	-0	-0	-0	-0	-0	-0
0	-0	-0	-0	-0	-0	-0	-0	-0	-0	-0	-0	-0
0	-0	-0	-0	-0	-0	-0	-0	-0	-0	-0	-0	-0
0	-0	-0	-0	-0	-0	-0	-0	-0	-0	-0	-0	-0
0	-0	-0	-0	-0	-0	-0	-0	-0	-0	-0	-0	-0
0	-0	-0	-0	-0	-0	-0	-0	-0	-0	-0	-0	-0
0	-0	-0	-0	-0	-0	-0	-0	-0	-0	-0	-0	-0
0	-0	-0	-0	-0	-0	-0	-0	-0	-0	-0	-0	-0
0	-0	-0	-0	-0	-0	-0	-0	-0	-0	-0	-0	-0
0	-0	-0	-0	-0	-0	-0	-0	-0	-0	-0	-0	-0
0.00248009118309676	-0.102020635948664	-0	0.198324765385003	-0	-0.00725900592397519	-0.133677595864768	0.221762762531141	-0.028447727081369	0.207921234213745	0.00176567970328208	-0.182128129095246	-0.000297217119684369
0	-0	-0	-0	-0	-0	-0	-0	-0	-0	-0	-0	-0
0	-0	-0	-0	-0	-0	-0	-0	-0	-0	-0	-0	-0
0	-0	-0	-0	-0	-0	-0	-0	-0	-0	-0	-0	-0
0	-0	-0	-0	-0	-0	-0	-0	-0	-0	-0	-0	-0
0.000186253862995563	-0.00282909276035621	-0	0.0057282560333633	-0	-0.000213918209776039	-0.114683263694727	-0.0140555614316017	0.000843949183665892	-0.00114693169341648	-0.000150736156520804	-0.0553484962927157	0.00113457795126231
0	-0	-0	-0	-0	-0	-0	-0	-0	-0	-0	-0	-0
0.00078288691910647	-0.0831782921350816	-0	-0.0506135365195493	-0	0.00480707769022041	-0.000609525085706757	0.0218678643394581	0.131579070041237	0.00440481263902533	-0.0737426924230533	0.000168498063071382	0.0260251535235863
0.00335847889061035	-0	-0	-0	-0	-0	-0	-0	-0	-0	-0	-0	-0
0.00102360828073461	-0	-0	-0	-0	-0	-0	-0	-0	-0	-0	-0	-0
0	-0	-0	-0	-0	-0	-0	-0	-0	-0	-0	-0	-0
0	-0	-0	-0	-0	-0	-0	-0	-0	-0	-0	-0	-0
0	-0	-0	-0	-0	-0	-0	-0	-0	-0	-0	-0	-0
0	-0	-0	-0	-0	-0	-0	-0	-0	-0	-0	-0	-0
0	-0	-0	-0	-0	-0	-0	-0	-0	-0	-0	-0	-0
0	-0	-0	-0	-0	-0	-0	-0	-0	-0	-0	-0	-0
0.00294716097988007	-0.121233944969304	-0	0.235674807042631	-0	-0.0086260776211728	-0.158852780942242	0.207950768556745	-0.0232088037926927	0.213209552286657	0.00258181429895446	-0.186364643717207	-0.000863530736840611
0.00123825726975396	-0	-0	-0	-0	-0	-0	-0	-0	-0	-0	-0	-0
0	-0	-0	-0	-0	-0	-0	-0	-0	-0	-0	-0	-0
0.00255902470288296	-0	-0	-0	-0	-0	-0	-0	-0	-0	-0	-0	-0
0	-0	-0	-0	-0	-0	-0	-0	-0	-0	-0	-0	-0
0	-0	-0	-0	-0	-0	-0	-0	-0	-0	-0	-0	-0
0.000561272322896521	-0	-0	-0	-0	-0	-0	-0	-0	-0	-0	-0	-0
0	-0	-0	-0	-0	-0	-0	-0	-0	-0	-0	-0	-0
0	-0	-0	-0	-0	-0	-0	-0	-0	-0	-0	-0	-0
0	-0	-0	-0	-0	-0	-0	-0	-0	-0	-0	-0	-0
0	-0	-0	-0	-0	-0	-0	-0	-0	-0	-0	-0	-0
0	-0	-0	-0	-0	-0	-0	-0	-0	-0	-0	-0	-0
0	-0	-0	-0	-0	-0	-0	-0	-0	-0	-0	-0	-0
0	-0	-0	-0	-0	-0	-0	-0	-0	-0	-0	-0	-0
0.000609838913400445	-0	-0	-0	-0	-0	-0	-0	-0	-0	-0	-0	-0
0	-0	-0	-0	-0	-0	-0	-0	-0	-0	-0	-0	-0
0	-0	-0	-0	-0	-0	-0	-0	-0	-0	-0	-0	-0
0	-0	-0	-0	-0	-0	-0	-0	-0	-0	-0	-0	-0
0.00677298121468902	-0	-0	-0	-0	-0	-0	-0	-0	-0	-0	-0	-0
0.00409005750643799	-0	-0	-0	-0	-0	-0	-0	-0	-0	-0	-0	-0
0	-0	-0	-0	-0	-0	-0	-0	-0	-0	-0	-0	-0
0	-0	-0	-0	-0	-0	-0	-0	-0	-0	-0	-0	-0
0	-0	-0	-0	-0	-0	-0	-0	-0	-0	-0	-0	-0
0	-0	-0	-0	-0	-0	-0	-0	-0	-0	-0	-0	-0
0	-0	-0	-0	-0	-0	-0	-0	-0	-0	-0	-0	-0
0.000105799928393124	-0.00477758346207409	-0	0.00926734235644826	-0	-0.000338825110103444	0.00350916077493681	0.277122507316865	-0.0527495078715928	0.119043258794077	-0.0070642868126983	0.155117764049812	-0.00152742329644167
0	-0	-0	-0	-0	-0	-0	-0	-0	-0	-0	-0	-0
0.000570448911780101	-0.060607688127373	-0	-0.036879447241084	-0	0.0035026670778435	-0.00044412917542132	-0.0153137087482329	-0.115365979214115	-0.00556289836426042	0.0648494699206885	-0.00367746093312557	0.0284683898162668
0	-0	-0	-0	-0	-0	-0	-0	-0	-0	-0	-0	-0
0	-0	-0	-0	-0	-0	-0	-0	-0	-0	-0	-0	-0
0.00085026186221784	-0.0903365835357222	-0	-0.0549693177447146	-0	0.00522077292257922	-0.000661980576998045	0.00538997435874842	0.0183190766322403	-0.000643634455778973	-0.00508064481416804	-0.0030013470395044	0.00815590412812754
0	-0	-0	-0	-0	-0	-0	-0	-0	-0	-0	-0	-0
0.00309141372057531	-0	-0	-0	-0	-0	-0	-0	-0	-0	-0	-0	-0
0	-0	-0	-0	-0	-0	-0	-0	-0	-0	-0	-0	-0
0	-0	-0	-0	-0	-0	-0	-0	-0	-0	-0	-0	-0
0.00178712621992064	-0	-0	-0	-0	-0	-0	-0	-0	-0	-0	-0	-0
0	-0	-0	-0	-0	-0	-0	-0	-0	-0	-0	-0	-0
0.000954065586120791	-0	-0	-0	-0	-0	-0	-0	-0	-0	-0	-0	-0
0	-0	-0	-0	-0	-0	-0	-0	-0	-0	-0	-0	-0
0	-0	-0	-0	-0	-0	-0	-0	-0	-0	-0	-0	-0
0.000620008268369546	-0.0658731518103094	-0	-0.0400834531369613	-0	0.00380697114984766	-0.000482714148998034	0.0208353670999439	0.128067767914028	0.00452816708615575	-0.0727685161075404	0.000747037038022557	0.0244552790635584
0	-0	-0	-0	-0	-0	-0	-0	-0	-0	-0	-0	-0
0	-0	-0	-0	-0	-0	-0	-0	-0	-0	-0	-0	-0
0	-0	-0	-0	-0	-0	-0	-0	-0	-0	-0	-0	-0
0	-0	-0	-0	-0	-0	-0	-0	-0	-0	-0	-0	-0
0	-0	-0	-0	-0	-0	-0	-0	-0	-0	-0	-0	-0
0	-0	-0	-0	-0	-0	-0	-0	-0	-0	-0	-0	-0
0	-0	-0	-0	-0	-0	-0	-0	-0	-0	-0	-0	-0
0	-0	-0	-0	-0	-0	-0	-0	-0	-0	-0	-0	-0
0.00424667080179749	-0.107395385417198	-0	-0.0672113376275419	-0	-0.0485588357809916	-0.000775615796895679	-0.0110239248358644	-0.0982919790856549	-0.00691597475435041	0.0829592029762897	-0.0104829358133502	-0.775042385583186
0	-0	-0	-0	-0	-0	-0	-0	-0	-0	-0	-0	-0
3.74346833600235e-05	-0.00397727047484539	-0	-0.00242014736368677	-0	0.000229856224224327	-2.91451779640816e-05	0.00023731486299683	0.000806576332369575	-2.8357870724392e-05	-0.000223591870700863	-0.000131934098555721	0.000358862566356723
0	-0	-0	-0	-0	-0	-0	-0	-0	-0	-0	-0	-0
0	-0	-0	-0	-0	-0	-0	-0	-0	-0	-0	-0	-0
0	-0	-0	-0	-0	-0	-0	-0	-0	-0	-0	-0	-0
0	-0	-0	-0	-0	-0	-0	-0	-0	-0	-0	-0	-0
0	-0	-0	-0	-0	-0	-0	-0	-0	-0	-0	-0	-0
0	-0	-0	-0	-0	-0	-0	-0	-0	-0	-0	-0	-0
0	-0	-0	-0	-0	-0	-0	-0	-0	-0	-0	-0	-0
0	-0	-0	-0	-0	-0	-0	-0	-0	-0	-0	-0	-0
0	-0	-0	-0	-0	-0	-0	-0	-0	-0	-0	-0	-0
0	-0	-0	-0	-0	-0	-0	-0	-0	-0	-0	-0	-0
0	-0	-0	-0	-0	-0	-0	-0	-0	-0	-0	-0	-0
0.00895216684925103	-0.0822005768769682	-0	0.159448996310133	-0	-0.00582964583077538	0.0603767662797881	0.071471680714684	0.00591294187282796	-0.17641267084012	0.0118662753601008	0.0256540268181454	-0.00114124288004115
0	-0	-0	-0	-0	-0	-0	-0	-0	-0	-0	-0	-0
0	-0	-0	-0	-0	-0	-0	-0	-0	-0	-0	-0	-0
0	-0	-0	-0	-0	-0	-0	-0	-0	-0	-0	-0	-0
0	-0	-0	-0	-0	-0	-0	-0	-0	-0	-0	-0	-0
0	-0	-0	-0	-0	-0	-0	-0	-0	-0	-0	-0	-0
0.00133667244270597	-0.0603598154879691	-0	0.11708326586838	-0	-0.00428070410299439	0.0443346094502975	-0.309564170959235	0.0704329233232008	-0.098919845527876	0.0101552677985895	-0.103893903628046	-0.00184849331438227
0.00187415251723372	-0	-0	-0	-0	-0	-0	-0	-0	-0	-0	-0	-0
0.000896233688250911	-0.0952208878745136	-0	-0.0579413902612057	-0	0.00550304886040493	-0.000697772439794848	-0.0132483330526874	-0.108347633355275	-0.00580887017580593	0.0629065346023085	-0.00482686385581156	0.0315857511969072
0.0010231333668262	-0.0462014022793813	-0	0.0896194102456642	-0	-0.00327659272485465	0.0339351787202408	-0.124245958292216	0.0272747348580935	0.203846745461062	-0.00561538086382103	0.0776302521128485	-0.00580634980909402
0	-0	-0	-0	-0	-0	-0	-0	-0	-0	-0	-0	-0
0	-0	-0	-0	-0	-0	-0	-0	-0	-0	-0	-0	-0
0	-0	-0	-0	-0	-0	-0	-0	-0	-0	-0	-0	-0
0	-0	-0	-0	-0	-0	-0	-0	-0	-0	-0	-0	-0
0	-0	-0	-0	-0	-0	-0	-0	-0	-0	-0	-0	-0
0	-0	-0	-0	-0	-0	-0	-0	-0	-0	-0	-0	-0
0.00066315784554286	-0.0704576046195641	-0	-0.0428730676352561	-0	0.00407191793170081	-0.000516308719407137	0.0231333198910488	0.141945216570459	0.00462821896550462	-0.0722141360000587	-0.000673976121632889	-0.0166363296177912
0	-0	-0	-0	-0	-0	-0	-0	-0	-0	-0	-0	-0
0	-0	-0	-0	-0	-0	-0	-0	-0	-0	-0	-0	-0
0	-0	-0	-0	-0	-0	-0	-0	-0	-0	-0	-0	-0
0	-0	-0	-0	-0	-0	-0	-0	-0	-0	-0	-0	-0
0	-0	-0	-0	-0	-0	-0	-0	-0	-0	-0	-0	-0
0	-0	-0	-0	-0	-0	-0	-0	-0	-0	-0	-0	-0
0	-0	-0	-0	-0	-0	-0	-0	-0	-0	-0	-0	-0
0	-0	-0	-0	-0	-0	-0	-0	-0	-0	-0	-0	-0
0	-0	-0	-0	-0	-0	-0	-0	-0	-0	-0	-0	-0
0	-0	-0	-0	-0	-0	-0	-0	-0	-0	-0	-0	-0
0	-0	-0	-0	-0	-0	-0	-0	-0	-0	-0	-0	-0
0.000177464027623898	-0.0026955800416681	-0	0.00545792377453006	-0	-0.000203822817300994	-0.10927104302156	-0.0133924927438081	0.000803655013831846	-0.00109380237485422	-0.000142284444682893	-0.0527347706796649	0.00107811124327277
0	-0	-0	-0	-0	-0	-0	-0	-0	-0	-0	-0	-0
0	-0	-0	-0	-0	-0	-0	-0	-0	-0	-0	-0	-0
0	-0	-0	-0	-0	-0	-0	-0	-0	-0	-0	-0	-0
0	-0	-0	-0	-0	-0	-0	-0	-0	-0	-0	-0	-0
0.00108951484839119	-0.115756161117656	-0	-0.0704369918845709	-0	0.00668983271152694	-0.000848253579331244	0.025836869124622	0.151132914613001	0.00430819683638736	-0.074766080889141	-0.00217922520385203	-0.0125463471778565
0	-0	-0	-0	-0	-0	-0	-0	-0	-0	-0	-0	-0
0	-0	-0	-0	-0	-0	-0	-0	-0	-0	-0	-0	-0
0	-0	-0	-0	-0	-0	-0	-0	-0	-0	-0	-0	-0
0	-0	-0	-0	-0	-0	-0	-0	-0	-0	-0	-0	-0
0	-0	-0	-0	-0	-0	-0	-0	-0	-0	-0	-0	-0
0	-0	-0	-0	-0	-0	-0	-0	-0	-0	-0	-0	-0
0	-0	-0	-0	-0	-0	-0	-0	-0	-0	-0	-0	-0
0	-0	-0	-0	-0	-0	-0	-0	-0	-0	-0	-0	-0
0	-0	-0	-0	-0	-0	-0	-0	-0	-0	-0	-0	-0
0.000399159177090563	-0.0424089071232927	-0	-0.0258055883854158	-0	0.00245091484888863	-0.000310769698282418	0.0294850592841654	0.191082547521286	0.0182668484056726	0.328047820665989	0.0157859320422672	0.0141307713126426
0	-0	-0	-0	-0	-0	-0	-0	-0	-0	-0	-0	-0
0	-0	-0	-0	-0	-0	-0	-0	-0	-0	-0	-0	-0
0	-0	-0	-0	-0	-0	-0	-0	-0	-0	-0	-0	-0
0.00140066876826911	-0.0632496831021531	-0	0.122688901595752	-0	-0.00448565284336404	0.0464572327715426	0.080904262937354	0.000769672510461124	-0.182281704780632	0.0109695753193168	0.0107077784225545	-0.000156569610549568
0	-0	-0	-0	-0	-0	-0	-0	-0	-0	-0	-0	-0
0	-0	-0	-0	-0	-0	-0	-0	-0	-0	-0	-0	-0
0.000911365637272751	-0.0968285909100263	-0	-0.0589196687784953	-0	0.00559596196544872	-0.000709553582513105	-0.0111278038746769	-0.0950745298361869	-0.005687235041907	0.0636308754078578	-0.00615111411308573	-0.00977011758540981
0	-0	-0	-0	-0	-0	-0	-0	-0	-0	-0	-0	-0
0	-0	-0	-0	-0	-0	-0	-0	-0	-0	-0	-0	-0
0	-0	-0	-0	-0	-0	-0	-0	-0	-0	-0	-0	-0
0.0012003259844098	-0.0493764194370826	-0	0.0959861375595804	-0	-0.00351324727224728	-0.0646978807852783	0.0822950379900275	-0.00366970516093283	-0.170433505115792	0.0118550521371588	-0.156327837726697	0.00317787912242171
0	-0	-0	-0	-0	-0	-0	-0	-0	-0	-0	-0	-0
0	-0	-0	-0	-0	-0	-0	-0	-0	-0	-0	-0	-0
0	-0	-0	-0	-0	-0	-0	-0	-0	-0	-0	-0	-0
0	-0	-0	-0	-0	-0	-0	-0	-0	-0	-0	-0	-0
0	-0	-0	-0	-0	-0	-0	-0	-0	-0	-0	-0	-0
0	-0	-0	-0	-0	-0	-0	-0	-0	-0	-0	-0	-0
0	-0	-0	-0	-0	-0	-0	-0	-0	-0	-0	-0	-0
0	-0	-0	-0	-0	-0	-0	-0	-0	-0	-0	-0	-0
0.00113953762232001	-0	-0	-0	-0	-0	-0	-0	-0	-0	-0	-0	-0
0	-0	-0	-0	-0	-0	-0	-0	-0	-0	-0	-0	-0
0	-0	-0	-0	-0	-0	-0	-0	-0	-0	-0	-0	-0
0	-0	-0	-0	-0	-0	-0	-0	-0	-0	-0	-0	-0
0	-0	-0	-0	-0	-0	-0	-0	-0	-0	-0	-0	-0
0.000385588400325758	-0.0058568737007316	-0	0.0118588095035217	-0	-0.000442859970694919	-0.237420773352004	-0.0447671651904249	0.00398023751893663	-0.0648211557671884	-0.00503970866191245	0.196321685479215	-0.00164664279989137
0	-0	-0	-0	-0	-0	-0	-0	-0	-0	-0	-0	-0
0.00136558361786019	-0.145087253764443	-0	-0.0882848015802219	-0	0.00838494855813687	-0.00106318990827289	0.0275863390224985	0.157077270391206	0.00409665286680322	-0.0764071194391061	-0.00315431306307153	-0.00990283307906516
0	-0	-0	-0	-0	-0	-0	-0	-0	-0	-0	-0	-0
0	-0	-0	-0	-0	-0	-0	-0	-0	-0	-0	-0	-0
0	-0	-0	-0	-0	-0	-0	-0	-0	-0	-0	-0	-0
0	-0	-0	-0	-0	-0	-0	-0	-0	-0	-0	-0	-0
0	-0	-0	-0	-0	-0	-0	-0	-0	-0	-0	-0	-0
0	-0	-0	-0	-0	-0	-0	-0	-0	-0	-0	-0	-0
0	-0	-0	-0	-0	-0	-0	-0	-0	-0	-0	-0	-0
0	-0	-0	-0	-0	-0	-0	-0	-0	-0	-0	-0	-0
0	-0	-0	-0	-0	-0	-0	-0	-0	-0	-0	-0	-0
0	-0	-0	-0	-0	-0	-0	-0	-0	-0	-0	-0	-0
0	-0	-0	-0	-0	-0	-0	-0	-0	-0	-0	-0	-0
0	-0	-0	-0	-0	-0	-0	-0	-0	-0	-0	-0	-0
0	-0	-0	-0	-0	-0	-0	-0	-0	-0	-0	-0	-0
0	-0	-0	-0	-0	-0	-0	-0	-0	-0	-0	-0	-0
0	-0	-0	-0	-0	-0	-0	-0	-0	-0	-0	-0	-0
0	-0	-0	-0	-0	-0	-0	-0	-0	-0	-0	-0	-0
0	-0	-0	-0	-0	-0	-0	-0	-0	-0	-0	-0	-0
0	-0	-0	-0	-0	-0	-0	-0	-0	-0	-0	-0	-0
0	-0	-0	-0	-0	-0	-0	-0	-0	-0	-0	-0	-0
0	-0	-0	-0	-0	-0	-0	-0	-0	-0	-0	-0	-0
0	-0	-0	-0	-0	-0	-0	-0	-0	-0	-0	-0	-0
0	-0	-0	-0	-0	-0	-0	-0	-0	-0	-0	-0	-0
0	-0	-0	-0	-0	-0	-0	-0	-0	-0	-0	-0	-0
0	-0	-0	-0	-0	-0	-0	-0	-0	-0	-0	-0	-0
0	-0	-0	-0	-0	-0	-0	-0	-0	-0	-0	-0	-0
0	-0	-0	-0	-0	-0	-0	-0	-0	-0	-0	-0	-0
0	-0	-0	-0	-0	-0	-0	-0	-0	-0	-0	-0	-0
0	-0	-0	-0	-0	-0	-0	-0	-0	-0	-0	-0	-0
0	-0	-0	-0	-0	-0	-0	-0	-0	-0	-0	-0	-0
0	-0	-0	-0	-0	-0	-0	-0	-0	-0	-0	-0	-0
0.00112515669375417	-0.119542950439952	-0	-0.0727412325071661	-0	0.00690868056234852	-0.000876002923862612	0.0240381810562368	0.138952801634472	0.00414666886644408	-0.0757919916089423	-0.00103899049812364	0.0293063267742391
0.00133071026533409	-0.141382113426366	-0	-0.0860302439186226	-0	0.00817081940254601	-0.00103603888214547	0.00843535246247552	0.028669641948106	-0.00100834309189197	-0.00794528010076345	-0.00470065754609503	0.0127542199921799
0.000755872222789392	-0.0803080994579976	-0	-0.048867039949943	-0	0.00464120220960538	-0.000588492501454647	0.0237210082566632	0.143939520416494	0.00455805810897083	-0.0727675376858667	-0.001001280257706	-0.0157480466385631
0	-0	-0	-0	-0	-0	-0	-0	-0	-0	-0	-0	-0
0	-0	-0	-0	-0	-0	-0	-0	-0	-0	-0	-0	-0
0	-0	-0	-0	-0	-0	-0	-0	-0	-0	-0	-0	-0
0	-0	-0	-0	-0	-0	-0	-0	-0	-0	-0	-0	-0
0	-0	-0	-0	-0	-0	-0	-0	-0	-0	-0	-0	-0
0	-0	-0	-0	-0	-0	-0	-0	-0	-0	-0	-0	-0
0	-0	-0	-0	-0	-0	-0	-0	-0	-0	-0	-0	-0
0	-0	-0	-0	-0	-0	-0	-0	-0	-0	-0	-0	-0
0	-0	-0	-0	-0	-0	-0	-0	-0	-0	-0	-0	-0
0	-0	-0	-0	-0	-0	-0	-0	-0	-0	-0	-0	-0
0	-0	-0	-0	-0	-0	-0	-0	-0	-0	-0	-0	-0
0.00137321337300077	-0.145897881693635	-0	-0.0887780642482034	-0	0.00843179673610874	-0.00106913013670901	-0.0102243385528264	-0.0980681536343789	-0.0061699002443105	0.0600578652359838	-0.00650767900305552	0.0361576972239058
0	-0	-0	-0	-0	-0	-0	-0	-0	-0	-0	-0	-0
0	-0	-0	-0	-0	-0	-0	-0	-0	-0	-0	-0	-0
0	-0	-0	-0	-0	-0	-0	-0	-0	-0	-0	-0	-0
0	-0	-0	-0	-0	-0	-0	-0	-0	-0	-0	-0	-0
0	-0	-0	-0	-0	-0	-0	-0	-0	-0	-0	-0	-0
0.000906344487132738	-0.0962951157899214	-0	-0.0585950520812694	-0	0.00556513112867249	-0.000705644311714685	-0.0131843962032403	-0.108129078577694	-0.00581717911400234	0.0628440297541829	-0.00486300189581928	0.0316734514297102
0	-0	-0	-0	-0	-0	-0	-0	-0	-0	-0	-0	-0
0	-0	-0	-0	-0	-0	-0	-0	-0	-0	-0	-0	-0
0	-0	-0	-0	-0	-0	-0	-0	-0	-0	-0	-0	-0
0	-0	-0	-0	-0	-0	-0	-0	-0	-0	-0	-0	-0
0	-0	-0	-0	-0	-0	-0	-0	-0	-0	-0	-0	-0
0	-0	-0	-0	-0	-0	-0	-0	-0	-0	-0	-0	-0
0	-0	-0	-0	-0	-0	-0	-0	-0	-0	-0	-0	-0
0	-0	-0	-0	-0	-0	-0	-0	-0	-0	-0	-0	-0
0.00154509151050805	-0.164159177909325	-0	-0.0998899632687707	-0	0.00948716187261001	-0.00120294772128457	0.0287240856166256	0.160943754933082	0.00396130920806758	-0.0774754227027335	-0.0037907614557373	-0.00816826740260083
0.002439499468039	-0	-0	-0	-0	-0	-0	-0	-0	-0	-0	-0	-0
0	-0	-0	-0	-0	-0	-0	-0	-0	-0	-0	-0	-0
0.000609566215469666	-0.0474857158667732	-0	0.0036511486339912	-0	0.00110041864427009	0.0091266361046867	-0.135624893088683	-0.100748611100696	0.20039800167296	0.0589390758715219	0.0462743663737321	0.0223354481161395
0	-0	-0	-0	-0	-0	-0	-0	-0	-0	-0	-0	-0
0	-0	-0	-0	-0	-0	-0	-0	-0	-0	-0	-0	-0
0	-0	-0	-0	-0	-0	-0	-0	-0	-0	-0	-0	-0
0	-0	-0	-0	-0	-0	-0	-0	-0	-0	-0	-0	-0
0	-0	-0	-0	-0	-0	-0	-0	-0	-0	-0	-0	-0
0	-0	-0	-0	-0	-0	-0	-0	-0	-0	-0	-0	-0
0	-0	-0	-0	-0	-0	-0	-0	-0	-0	-0	-0	-0
0.000487980570502003	-0.00741215391186059	-0	0.0150078908549067	-0	-0.000560460483172689	-0.300467348943617	-0.0368248668268041	0.00220918109314539	-0.00300646761646992	-0.000389217990641381	-0.145018035770974	0.00296989579494425
0	-0	-0	-0	-0	-0	-0	-0	-0	-0	-0	-0	-0
0	-0	-0	-0	-0	-0	-0	-0	-0	-0	-0	-0	-0
0	-0	-0	-0	-0	-0	-0	-0	-0	-0	-0	-0	-0
0	-0	-0	-0	-0	-0	-0	-0	-0	-0	-0	-0	-0
0.000754723716400782	-0.080186075705199	-0	-0.0487927891627333	-0	0.00463415015738299	-0.000587598319351523	-0.0141453238977633	-0.111393646774447	-0.00570263973543591	0.0637464053257039	-0.004326013135162	0.0302159199760602
0	-0	-0	-0	-0	-0	-0	-0	-0	-0	-0	-0	-0
0	-0	-0	-0	-0	-0	-0	-0	-0	-0	-0	-0	-0
0.000328583225114449	-0.0148377584565071	-0	0.0287816190988864	-0	-0.00105229038542467	0.0108984134720886	-0.119795418714575	0.020429027570591	0.20641590818092	-0.00726866767033828	0.0507197344520679	-0.00389294220239884
0.000644804547572588	-0.0685076474252912	-0	-0.0416865293314449	-0	0.00395922511864991	-0.000502019560596176	0.0230169253827296	0.14154875472828	0.00464207285666877	-0.0721075514668272	-0.000610483198171371	-0.0168158055838539
0.0151453552405449	-0	-0	-0	-0	-0	-0	-0	-0	-0	-0	-0	-0
0	-0	-0	-0	-0	-0	-0	-0	-0	-0	-0	-0	-0
0	-0	-0	-0	-0	-0	-0	-0	-0	-0	-0	-0	-0
0	-0	-0	-0	-0	-0	-0	-0	-0	-0	-0	-0	-0
0.000552226120045396	-0.0586715966466821	-0	-0.0357013461482654	-0	0.00339077559841833	-0.000429941623652674	-0.0154290879332937	-0.115759100616157	-0.0055486584936896	0.0649595447191247	-0.00361345397016896	0.0282927153675164
0	-0	-0	-0	-0	-0	-0	-0	-0	-0	-0	-0	-0
0	-0	-0	-0	-0	-0	-0	-0	-0	-0	-0	-0	-0
0	-0	-0	-0	-0	-0	-0	-0	-0	-0	-0	-0	-0
0	-0	-0	-0	-0	-0	-0	-0	-0	-0	-0	-0	-0
0.0012984746069616	-0.137957216491923	-0	-0.0839462128376989	-0	0.00797288620119819	-0.00101094146135708	-0.00867406290545339	-0.0867340400739544	-0.00598054068378176	0.0613157645807714	-0.00751437001889383	-0.00606750843016177
0.000143652231706962	-0.00218199763588424	-0	0.00441803863686626	-0	-0.000164988944351477	-0.0884518930466211	-0.0265088755699003	0.00288273581959054	-0.0633286056872598	-0.00484395534291457	0.268207459969717	-0.00311010921862463
0	-0	-0	-0	-0	-0	-0	-0	-0	-0	-0	-0	-0
0	-0	-0	-0	-0	-0	-0	-0	-0	-0	-0	-0	-0
0	-0	-0	-0	-0	-0	-0	-0	-0	-0	-0	-0	-0
0	-0	-0	-0	-0	-0	-0	-0	-0	-0	-0	-0	-0
0.00116850118027312	-0	-0	-0	-0	-0	-0	-0	-0	-0	-0	-0	-0
0	-0	-0	-0	-0	-0	-0	-0	-0	-0	-0	-0	-0
0.00125917839811213	-0.133782167120537	-0	-0.081405718095556	-0	0.00773159984903125	-0.000980346972569504	-0.010947805382437	-0.10052883037348	-0.00608279660500051	0.0607407508211369	-0.00610944774270095	0.0350478828013267
0.000487651299835292	-0.0518108059897968	-0	-0.0315265925009827	-0	0.00299427366435071	-0.000379666198338933	-0.0238636995595003	-0.171976401024741	-0.0189384185947739	-0.333342603822229	-0.0189153046263092	-0.00563008141310897
1.22817701104845e-05	-0.000554605117963314	-0	0.0010757981606492	-0	-3.9332466225218e-05	0.000407360444887827	0.279225638331805	-0.0538958898038749	0.117737740900424	-0.00726455616493898	0.151795592823176	-0.00130857303724863
0.000513793759444146	-0.0545883273525971	-0	-0.0332166990819353	-0	0.00315479344222186	-0.000400019693262088	-0.02369787912017	-0.171411714175033	-0.0189577743487482	-0.333500898049503	-0.0190081817104336	-0.00537590611105494
0	-0	-0	-0	-0	-0	-0	-0	-0	-0	-0	-0	-0
0	-0	-0	-0	-0	-0	-0	-0	-0	-0	-0	-0	-0
0.000196101245344021	-0.00297866903041266	-0	0.00603111325437962	-0	-0.000225228227023899	-0.120746654426107	-0.0147986648754385	0.00088864169187767	-0.00120756173474585	-0.00015785248072842	-0.0582742805239026	0.00119295858141603
0.000405063167570442	-0.0430361801469459	-0	-0.0261872805946895	-0	0.00248716649676582	-0.000315366313949897	-0.0163620125137649	-0.118929269478108	-0.00543786991265117	0.0658375227152706	-0.0030957231244694	0.0268744318235201
0	-0	-0	-0	-0	-0	-0	-0	-0	-0	-0	-0	-0
0	-0	-0	-0	-0	-0	-0	-0	-0	-0	-0	-0	-0
0	-0	-0	-0	-0	-0	-0	-0	-0	-0	-0	-0	-0
0	-0	-0	-0	-0	-0	-0	-0	-0	-0	-0	-0	-0
0	-0	-0	-0	-0	-0	-0	-0	-0	-0	-0	-0	-0
0	-0	-0	-0	-0	-0	-0	-0	-0	-0	-0	-0	-0
0	-0	-0	-0	-0	-0	-0	-0	-0	-0	-0	-0	-0
0.00111335485173905	-0.118289056628617	-0	-0.071978244970589	-0	0.00683621496090603	-0.000866814471986601	-0.0118723457980635	-0.103669078396083	-0.00597327224745052	0.0616060226935636	-0.00559107877844123	0.0336662214645684
0	-0	-0	-0	-0	-0	-0	-0	-0	-0	-0	-0	-0
0.00100060320820066	-0.045184012996808	-0	0.0876459240959893	-0	-0.00320443971310327	0.0331879008145219	0.0899021436268071	-0.00413498333239922	-0.187862592476073	0.0101131343354691	-0.00350306182633882	0.000781064639455518
0	-0	-0	-0	-0	-0	-0	-0	-0	-0	-0	-0	-0
0	-0	-0	-0	-0	-0	-0	-0	-0	-0	-0	-0	-0
0	-0	-0	-0	-0	-0	-0	-0	-0	-0	-0	-0	-0
6.07756205599526e-05	-0.00274443096598155	-0	0.00532352423295418	-0	-0.000194634407038104	0.00201579932061138	-0.280868752184208	0.0547915110244408	-0.116718330999627	0.00742090712227621	-0.149200781046904	0.00113749882524916
0	-0	-0	-0	-0	-0	-0	-0	-0	-0	-0	-0	-0
0	-0	-0	-0	-0	-0	-0	-0	-0	-0	-0	-0	-0
0	-0	-0	-0	-0	-0	-0	-0	-0	-0	-0	-0	-0
0	-0	-0	-0	-0	-0	-0	-0	-0	-0	-0	-0	-0
0	-0	-0	-0	-0	-0	-0	-0	-0	-0	-0	-0	-0
0	-0	-0	-0	-0	-0	-0	-0	-0	-0	-0	-0	-0
0	-0	-0	-0	-0	-0	-0	-0	-0	-0	-0	-0	-0
0	-0	-0	-0	-0	-0	-0	-0	-0	-0	-0	-0	-0
0	-0	-0	-0	-0	-0	-0	-0	-0	-0	-0	-0	-0
0	-0	-0	-0	-0	-0	-0	-0	-0	-0	-0	-0	-0
0	-0	-0	-0	-0	-0	-0	-0	-0	-0	-0	-0	-0
0	-0	-0	-0	-0	-0	-0	-0	-0	-0	-0	-0	-0
0.00164492945900584	-0.0742797079255804	-0	0.144084449585684	-0	-0.00526789964342579	0.05455884538944	0.0754220427279301	0.00376111442650525	-0.178850115475549	0.0114903719523782	0.0194417873311734	-0.000730509913453736
0	-0	-0	-0	-0	-0	-0	-0	-0	-0	-0	-0	-0
0	-0	-0	-0	-0	-0	-0	-0	-0	-0	-0	-0	-0
0	-0	-0	-0	-0	-0	-0	-0	-0	-0	-0	-0	-0
0	-0	-0	-0	-0	-0	-0	-0	-0	-0	-0	-0	-0
0	-0	-0	-0	-0	-0	-0	-0	-0	-0	-0	-0	-0
0	-0	-0	-0	-0	-0	-0	-0	-0	-0	-0	-0	-0
0	-0	-0	-0	-0	-0	-0	-0	-0	-0	-0	-0	-0
0	-0	-0	-0	-0	-0	-0	-0	-0	-0	-0	-0	-0
0	-0	-0	-0	-0	-0	-0	-0	-0	-0	-0	-0	-0
0	-0	-0	-0	-0	-0	-0	-0	-0	-0	-0	-0	-0
0	-0	-0	-0	-0	-0	-0	-0	-0	-0	-0	-0	-0
0	-0	-0	-0	-0	-0	-0	-0	-0	-0	-0	-0	-0
0	-0	-0	-0	-0	-0	-0	-0	-0	-0	-0	-0	-0
0	-0	-0	-0	-0	-0	-0	-0	-0	-0	-0	-0	-0
0	-0	-0	-0	-0	-0	-0	-0	-0	-0	-0	-0	-0
0	-0	-0	-0	-0	-0	-0	-0	-0	-0	-0	-0	-0
0	-0	-0	-0	-0	-0	-0	-0	-0	-0	-0	-0	-0
0	-0	-0	-0	-0	-0	-0	-0	-0	-0	-0	-0	-0
0	-0	-0	-0	-0	-0	-0	-0	-0	-0	-0	-0	-0
0	-0	-0	-0	-0	-0	-0	-0	-0	-0	-0	-0	-0
0.000605985716795328	-0.0447584574909095	-0	-0.0186147606354853	-0	0.00214996909162901	-0.133010438044976	-0.0137896945177755	0.00938772715498827	-0.00162385719674058	-0.0025040401332942	-0.0654246086041909	0.00505741868948521
0	-0	-0	-0	-0	-0	-0	-0	-0	-0	-0	-0	-0
0	-0	-0	-0	-0	-0	-0	-0	-0	-0	-0	-0	-0
0.00127981354609567	-0.135974560843453	-0	-0.0827397777030924	-0	0.00785830366421226	-0.000996412690431382	0.0270422186717509	0.155228927417281	0.00416161191172318	-0.0758951832896498	-0.0028503745561084	-0.0107295915366995
0	-0	-0	-0	-0	-0	-0	-0	-0	-0	-0	-0	-0
0	-0	-0	-0	-0	-0	-0	-0	-0	-0	-0	-0	-0
0	-0	-0	-0	-0	-0	-0	-0	-0	-0	-0	-0	-0
0	-0	-0	-0	-0	-0	-0	-0	-0	-0	-0	-0	-0
0	-0	-0	-0	-0	-0	-0	-0	-0	-0	-0	-0	-0
0	-0	-0	-0	-0	-0	-0	-0	-0	-0	-0	-0	-0
0	-0	-0	-0	-0	-0	-0	-0	-0	-0	-0	-0	-0
0.000943595139528739	-0.100252833784149	-0	-0.0610033018672935	-0	0.00579385736704591	-0.000734646210401216	0.0249109240875115	0.147984818523392	0.00441676926911002	-0.0738874825696419	-0.00166704557045509	-0.0139441890238784
0.00369810590540188	-0	-0	-0	-0	-0	-0	-0	-0	-0	-0	-0	-0
0.00363001274011213	-0.149323627870953	-0	0.290280227911647	-0	-0.0106247239955364	-0.195658642873685	-0.107440388568459	0.0407368528093195	0.0408578812360972	0.00633845870723379	-0.0331022063149294	-0.004379430802561
0	-0	-0	-0	-0	-0	-0	-0	-0	-0	-0	-0	-0
0	-0	-0	-0	-0	-0	-0	-0	-0	-0	-0	-0	-0
0	-0	-0	-0	-0	-0	-0	-0	-0	-0	-0	-0	-0
0	-0	-0	-0	-0	-0	-0	-0	-0	-0	-0	-0	-0
0	-0	-0	-0	-0	-0	-0	-0	-0	-0	-0	-0	-0
0	-0	-0	-0	-0	-0	-0	-0	-0	-0	-0	-0	-0
0	-0	-0	-0	-0	-0	-0	-0	-0	-0	-0	-0	-0
0	-0	-0	-0	-0	-0	-0	-0	-0	-0	-0	-0	-0
0	-0	-0	-0	-0	-0	-0	-0	-0	-0	-0	-0	-0
0	-0	-0	-0	-0	-0	-0	-0	-0	-0	-0	-0	-0
0	-0	-0	-0	-0	-0	-0	-0	-0	-0	-0	-0	-0
0	-0	-0	-0	-0	-0	-0	-0	-0	-0	-0	-0	-0
0	-0	-0	-0	-0	-0	-0	-0	-0	-0	-0	-0	-0
0	-0	-0	-0	-0	-0	-0	-0	-0	-0	-0	-0	-0
0	-0	-0	-0	-0	-0	-0	-0	-0	-0	-0	-0	-0
0	-0	-0	-0	-0	-0	-0	-0	-0	-0	-0	-0	-0
0	-0	-0	-0	-0	-0	-0	-0	-0	-0	-0	-0	-0
0	-0	-0	-0	-0	-0	-0	-0	-0	-0	-0	-0	-0
0	-0	-0	-0	-0	-0	-0	-0	-0	-0	-0	-0	-0
0	-0	-0	-0	-0	-0	-0	-0	-0	-0	-0	-0	-0
0	-0	-0	-0	-0	-0	-0	-0	-0	-0	-0	-0	-0
0	-0	-0	-0	-0	-0	-0	-0	-0	-0	-0	-0	-0
0	-0	-0	-0	-0	-0	-0	-0	-0	-0	-0	-0	-0
0	-0	-0	-0	-0	-0	-0	-0	-0	-0	-0	-0	-0
0	-0	-0	-0	-0	-0	-0	-0	-0	-0	-0	-0	-0
0	-0	-0	-0	-0	-0	-0	-0	-0	-0	-0	-0	-0
0.00119193026069767	-0	-0	-0	-0	-0	-0	-0	-0	-0	-0	-0	-0
0	-0	-0	-0	-0	-0	-0	-0	-0	-0	-0	-0	-0
0	-0	-0	-0	-0	-0	-0	-0	-0	-0	-0	-0	-0
0.000295050145869814	-0.00448164788744392	-0	0.00907429650607434	-0	-0.000338874039891095	-0.181673083917522	-0.022266541612715	0.00133644551481302	-0.0018195446913735	-0.0002381045152793	-0.0876774595775913	0.00179061113751151
0	-0	-0	-0	-0	-0	-0	-0	-0	-0	-0	-0	-0
0.0030284769940278	-0	-0	-0	-0	-0	-0	-0	-0	-0	-0	-0	-0
0.00832785014074858	-0	-0	-0	-0	-0	-0	-0	-0	-0	-0	-0	-0
0.00348817630519654	-0.0531191985915093	-0	0.103261977329015	-0	-0.00377955473002507	-0.0696020553232437	0.0672760061007719	-0.000812128049757091	-0.161896910447941	0.0115044648489987	-0.136394730869938	0.0030579701570084
0	-0	-0	-0	-0	-0	-0	-0	-0	-0	-0	-0	-0
0	-0	-0	-0	-0	-0	-0	-0	-0	-0	-0	-0	-0
0	-0	-0	-0	-0	-0	-0	-0	-0	-0	-0	-0	-0
0	-0	-0	-0	-0	-0	-0	-0	-0	-0	-0	-0	-0
0	-0	-0	-0	-0	-0	-0	-0	-0	-0	-0	-0	-0
0	-0	-0	-0	-0	-0	-0	-0	-0	-0	-0	-0	-0
0	-0	-0	-0	-0	-0	-0	-0	-0	-0	-0	-0	-0
0.000376079578627357	-0.00571243997896174	-0	0.0115663647488841	-0	-0.000431938800620446	-0.231565846701222	-0.0440493616606924	0.00393549759035132	-0.0647619454289658	-0.00503077691036616	0.199143191865571	-0.0016979178870601
0	-0	-0	-0	-0	-0	-0	-0	-0	-0	-0	-0	-0
0	-0	-0	-0	-0	-0	-0	-0	-0	-0	-0	-0	-0
0	-0	-0	-0	-0	-0	-0	-0	-0	-0	-0	-0	-0
0	-0	-0	-0	-0	-0	-0	-0	-0	-0	-0	-0	-0
0	-0	-0	-0	-0	-0	-0	-0	-0	-0	-0	-0	-0
0.00037824869529372	-0.00574538765671206	-0	0.011633076147149	-0	-0.000434430096890295	-0.23290145056261	-0.0285451270478276	0.00171315060352464	-0.00233122968649689	-0.000304779420126296	-0.112410495748434	0.00229952244423329
0	-0	-0	-0	-0	-0	-0	-0	-0	-0	-0	-0	-0
0	-0	-0	-0	-0	-0	-0	-0	-0	-0	-0	-0	-0
0	-0	-0	-0	-0	-0	-0	-0	-0	-0	-0	-0	-0
0	-0	-0	-0	-0	-0	-0	-0	-0	-0	-0	-0	-0
0	-0	-0	-0	-0	-0	-0	-0	-0	-0	-0	-0	-0
0	-0	-0	-0	-0	-0	-0	-0	-0	-0	-0	-0	-0
0.000739442080161121	-0.0785624690610637	-0	-0.0478048333864632	-0	0.00454031794375822	-0.000575700636051061	0.0215925891167397	0.130641802739618	0.00443684492582497	-0.0734852229463856	0.000321657478820118	0.0256101011674211
0	-0	-0	-0	-0	-0	-0	-0	-0	-0	-0	-0	-0
0	-0	-0	-0	-0	-0	-0	-0	-0	-0	-0	-0	-0
0	-0	-0	-0	-0	-0	-0	-0	-0	-0	-0	-0	-0
0.000870697301317219	-0.0393178813105653	-0	0.0762670646629904	-0	-0.00278841501562862	0.0288791955080234	0.0928248193010766	-0.00572769584474745	-0.189676475217966	0.00983553373983788	-0.00810032917884526	0.00108515221173975
0	-0	-0	-0	-0	-0	-0	-0	-0	-0	-0	-0	-0
0	-0	-0	-0	-0	-0	-0	-0	-0	-0	-0	-0	-0
0	-0	-0	-0	-0	-0	-0	-0	-0	-0	-0	-0	-0
0	-0	-0	-0	-0	-0	-0	-0	-0	-0	-0	-0	-0
0	-0	-0	-0	-0	-0	-0	-0	-0	-0	-0	-0	-0
0	-0	-0	-0	-0	-0	-0	-0	-0	-0	-0	-0	-0
0	-0	-0	-0	-0	-0	-0	-0	-0	-0	-0	-0	-0
0	-0	-0	-0	-0	-0	-0	-0	-0	-0	-0	-0	-0
0.000569865780727404	-0.0605457330175316	-0	-0.036841747895096	-0	0.00349908653995803	-0.000443675172438491	0.00361228930237358	0.012277415219547	-0.000431893614937597	-0.00340118581010053	-0.00200957741083709	0.00546453218688064
0.00139565459849552	-0	-0	-0	-0	-0	-0	-0	-0	-0	-0	-0	-0
4.79378595422062e-05	-0.000728149468666352	-0	0.00147433362579002	-0	-5.50580853936155e-05	-0.0295170800671583	-0.0192856668688445	0.00244911001282401	-0.0627386157080855	-0.00476607394832851	0.296653526048467	-0.00369266387938538
0	-0	-0	-0	-0	-0	-0	-0	-0	-0	-0	-0	-0
0.000632920177535342	-0.0453414498455683	-0	-0.017968565582063	-0	0.00213295195566279	-0.148420693780527	-0.0313342932129479	0.0117754611959859	-0.0642230388599996	-0.00726385651263143	0.238027839014413	0.00123533186513919
0	-0	-0	-0	-0	-0	-0	-0	-0	-0	-0	-0	-0
0	-0	-0	-0	-0	-0	-0	-0	-0	-0	-0	-0	-0
0	-0	-0	-0	-0	-0	-0	-0	-0	-0	-0	-0	-0
0	-0	-0	-0	-0	-0	-0	-0	-0	-0	-0	-0	-0
0.00258153304464372	-0.16541544367004	-0	0.104403162514538	-0	-0.000797702967841969	0.0584831445585861	-0.0619623881362379	-0.143410159921612	0.00569327251137354	-0.331387679455599	0.0432923080915908	-0.00680584155263034
0	-0	-0	-0	-0	-0	-0	-0	-0	-0	-0	-0	-0
0	-0	-0	-0	-0	-0	-0	-0	-0	-0	-0	-0	-0
0	-0	-0	-0	-0	-0	-0	-0	-0	-0	-0	-0	-0
0	-0	-0	-0	-0	-0	-0	-0	-0	-0	-0	-0	-0
0.000506597113286912	-0.0538237153481614	-0	-0.0327514368528627	-0	0.00311060463750094	-0.00039441666650478	-0.0136936636164489	-0.103795834427355	-0.0053815198233767	0.0660471119241812	-0.00472071680098481	-0.0136571699923439
0.000719252902893883	-0.0664961352594774	-0	-0.036104444300251	-0	0.00362218557493237	-0.0675647206479217	-0.0212589490798758	-0.101068837559972	-0.00613196874283582	0.0653395338036481	-0.0374630923366242	-0.0119939194486973
0	-0	-0	-0	-0	-0	-0	-0	-0	-0	-0	-0	-0
0	-0	-0	-0	-0	-0	-0	-0	-0	-0	-0	-0	-0
0.000187369656965915	-0.00284604105121473	-0	0.00576257238761154	-0	-0.000215199732987297	-0.115370298541	-0.0141398448144812	0.000848733781186191	-0.00115414895521775	-0.000150671644048387	-0.0556812472434565	0.00114275975510357
0	-0	-0	-0	-0	-0	-0	-0	-0	-0	-0	-0	-0
0	-0	-0	-0	-0	-0	-0	-0	-0	-0	-0	-0	-0
0	-0	-0	-0	-0	-0	-0	-0	-0	-0	-0	-0	-0
0	-0	-0	-0	-0	-0	-0	-0	-0	-0	-0	-0	-0
0	-0	-0	-0	-0	-0	-0	-0	-0	-0	-0	-0	-0
0	-0	-0	-0	-0	-0	-0	-0	-0	-0	-0	-0	-0
0	-0	-0	-0	-0	-0	-0	-0	-0	-0	-0	-0	-0
0	-0	-0	-0	-0	-0	-0	-0	-0	-0	-0	-0	-0
0.000580781614192075	-0.0262262241304991	-0	0.0508724545920398	-0	-0.00185995772740377	0.0192633028244515	0.0993421369562617	-0.00928076116241141	-0.193728892579149	0.00921480008457481	-0.018426960269953	0.00176454716059657
0	-0	-0	-0	-0	-0	-0	-0	-0	-0	-0	-0	-0
0.0013119674405944	-0.0592442172894787	-0	0.114919278463522	-0	-0.00420158613772343	0.0435151965669608	-0.0295032571233499	0.0160822602054875	0.0183157734234408	0.00281158217018807	0.046626219408904	-0.00306962750974477
0	-0	-0	-0	-0	-0	-0	-0	-0	-0	-0	-0	-0
0.000625070631005001	-0.0664110055768086	-0	-0.040410734216606	-0	0.0038380550393478	-0.000486655506230836	0.0228920695951908	0.141124439598866	0.00465712562795216	-0.0719904328615126	-0.000542744533328626	-0.0169942364639017
0	-0	-0	-0	-0	-0	-0	-0	-0	-0	-0	-0	-0
0	-0	-0	-0	-0	-0	-0	-0	-0	-0	-0	-0	-0
0	-0	-0	-0	-0	-0	-0	-0	-0	-0	-0	-0	-0
0	-0	-0	-0	-0	-0	-0	-0	-0	-0	-0	-0	-0
0	-0	-0	-0	-0	-0	-0	-0	-0	-0	-0	-0	-0
0	-0	-0	-0	-0	-0	-0	-0	-0	-0	-0	-0	-0
0	-0	-0	-0	-0	-0	-0	-0	-0	-0	-0	-0	-0
0	-0	-0	-0	-0	-0	-0	-0	-0	-0	-0	-0	-0
0	-0	-0	-0	-0	-0	-0	-0	-0	-0	-0	-0	-0
0	-0	-0	-0	-0	-0	-0	-0	-0	-0	-0	-0	-0
0	-0	-0	-0	-0	-0	-0	-0	-0	-0	-0	-0	-0
0	-0	-0	-0	-0	-0	-0	-0	-0	-0	-0	-0	-0
0	-0	-0	-0	-0	-0	-0	-0	-0	-0	-0	-0	-0
0	-0	-0	-0	-0	-0	-0	-0	-0	-0	-0	-0	-0
0	-0	-0	-0	-0	-0	-0	-0	-0	-0	-0	-0	-0
0	-0	-0	-0	-0	-0	-0	-0	-0	-0	-0	-0	-0
0.000541030771416325	-0.0574821400903021	-0	-0.0349775683294525	-0	0.00332203398412433	-0.000421225363797613	0.00342944289212773	0.0116567627015475	-0.000409330666695849	-0.00322936466326003	-0.00190808400113139	0.00519200939209942
0	-0	-0	-0	-0	-0	-0	-0	-0	-0	-0	-0	-0
0	-0	-0	-0	-0	-0	-0	-0	-0	-0	-0	-0	-0
0.002721996167594	-0.111971600992406	-0	0.217669114581599	-0	-0.00796704026915171	-0.146716338249361	0.214612040591276	-0.0257338609872907	0.210663476290052	0.00218612019998685	-0.184315597389633	-0.000591188769466689
0	-0	-0	-0	-0	-0	-0	-0	-0	-0	-0	-0	-0
0	-0	-0	-0	-0	-0	-0	-0	-0	-0	-0	-0	-0
0	-0	-0	-0	-0	-0	-0	-0	-0	-0	-0	-0	-0
0	-0	-0	-0	-0	-0	-0	-0	-0	-0	-0	-0	-0
0	-0	-0	-0	-0	-0	-0	-0	-0	-0	-0	-0	-0
0	-0	-0	-0	-0	-0	-0	-0	-0	-0	-0	-0	-0
0	-0	-0	-0	-0	-0	-0	-0	-0	-0	-0	-0	-0
0	-0	-0	-0	-0	-0	-0	-0	-0	-0	-0	-0	-0
0.00925568102854416	-0	-0	-0	-0	-0	-0	-0	-0	-0	-0	-0	-0
0	-0	-0	-0	-0	-0	-0	-0	-0	-0	-0	-0	-0
0.000473327931388092	-0.05028901108428	-0	-0.0306005886116708	-0	0.0029063254010307	-0.000368514584824882	0.0299556356974308	0.192679993432868	0.0182117862549589	0.327605856809471	0.0155212881983181	0.0148413633012043
0.00138413101809806	-0.0625028916542119	-0	0.121240309002473	-0	-0.00443269056722984	0.0459087104323427	0.0812789252792569	0.000565749826783014	-0.182508273242448	0.0109331185283818	0.0101377883846959	-0.000118825394647637
0.00441908380880812	-0.0639537037470365	-0	-0.0389154794727361	-0	0.00369604153436984	-0.000468648559084657	-0.0151139796410063	-0.114687994786646	-0.00558692342941761	0.0646637608007605	-0.00378894108148449	0.0287469396469792
0.000694883173018668	-0.0738282811406388	-0	-0.0449241058907261	-0	0.00426671760225596	-0.000541008816521714	-0.0145245957448712	-0.112684988176981	-0.00565644179978064	0.0641055546240216	-0.00411517442145586	0.0296562830770586
0	-0	-0	-0	-0	-0	-0	-0	-0	-0	-0	-0	-0
0	-0	-0	-0	-0	-0	-0	-0	-0	-0	-0	-0	-0
0.000410671801832984	-0.0185446137683357	-0	0.0359720109597988	-0	-0.00131517970366218	0.0136211186560955	-0.00923513969491472	0.0050341626766077	0.00573305439123943	0.000878870580653135	0.0145948671561699	-0.000961068559454093
0	-0	-0	-0	-0	-0	-0	-0	-0	-0	-0	-0	-0
0.000451712715919187	-0.00686126533868594	-0	0.0138924693893337	-0	-0.000518805752366098	-0.278135914503183	-0.0340889641793788	0.00204607029328618	-0.00278418194043757	-0.000363528663548628	-0.134236859112094	0.00275021478899392
0	-0	-0	-0	-0	-0	-0	-0	-0	-0	-0	-0	-0
0	-0	-0	-0	-0	-0	-0	-0	-0	-0	-0	-0	-0
0	-0	-0	-0	-0	-0	-0	-0	-0	-0	-0	-0	-0
0.00027156204571741	-0.00412487668803384	-0	0.00835191765579806	-0	-0.000311897244592302	-0.16721060813236	-0.0204941175810857	0.00122954716691143	-0.00167496785930428	-0.000218096141443631	-0.0807001860687469	0.00165876708119106
0	-0	-0	-0	-0	-0	-0	-0	-0	-0	-0	-0	-0
0	-0	-0	-0	-0	-0	-0	-0	-0	-0	-0	-0	-0
0	-0	-0	-0	-0	-0	-0	-0	-0	-0	-0	-0	-0
0	-0	-0	-0	-0	-0	-0	-0	-0	-0	-0	-0	-0
0	-0	-0	-0	-0	-0	-0	-0	-0	-0	-0	-0	-0
0	-0	-0	-0	-0	-0	-0	-0	-0	-0	-0	-0	-0
0.00100236517116987	-0.04526357756051	-0	0.0878002598720394	-0	-0.00321008241349154	0.0332463414149372	0.0786869398342423	-0.00244395487886075	-0.175589548646097	0.00994891805411076	-0.0056971898137391	0.00106560934685473
0	-0	-0	-0	-0	-0	-0	-0	-0	-0	-0	-0	-0
0	-0	-0	-0	-0	-0	-0	-0	-0	-0	-0	-0	-0
0	-0	-0	-0	-0	-0	-0	-0	-0	-0	-0	-0	-0
0.00181492296626841	-0.0819560663247658	-0	0.15897470569543	-0	-0.00581230519917177	0.0601971719627631	0.0715905672144839	0.00584774530486389	-0.176501157981769	0.0118547157508758	0.0254272217310639	-0.00112891774902404
0	-0	-0	-0	-0	-0	-0	-0	-0	-0	-0	-0	-0
0	-0	-0	-0	-0	-0	-0	-0	-0	-0	-0	-0	-0
0	-0	-0	-0	-0	-0	-0	-0	-0	-0	-0	-0	-0
0	-0	-0	-0	-0	-0	-0	-0	-0	-0	-0	-0	-0
0	-0	-0	-0	-0	-0	-0	-0	-0	-0	-0	-0	-0
0	-0	-0	-0	-0	-0	-0	-0	-0	-0	-0	-0	-0
0	-0	-0	-0	-0	-0	-0	-0	-0	-0	-0	-0	-0
0	-0	-0	-0	-0	-0	-0	-0	-0	-0	-0	-0	-0
0	-0	-0	-0	-0	-0	-0	-0	-0	-0	-0	-0	-0
0	-0	-0	-0	-0	-0	-0	-0	-0	-0	-0	-0	-0
0	-0	-0	-0	-0	-0	-0	-0	-0	-0	-0	-0	-0
0	-0	-0	-0	-0	-0	-0	-0	-0	-0	-0	-0	-0
0.000952293843769857	-0.043002517942205	-0	0.0834143577234974	-0	-0.00304972859022441	0.0315855809518628	0.0798148513039075	-0.00305784949442183	-0.176278242417395	0.00984298464501355	-0.00746034641676493	0.00118381598683338
0.000449938131623255	-0.0478039477241236	-0	-0.02908844112818	-0	0.00276270748906382	-0.000350304203010611	0.0217818065365248	0.137349659967289	0.00478975020637866	-0.0709401250310926	7.92323967370725e-05	-0.0186794252611865
0.00213430655784558	-0.226760685408993	-0	-0.137982638709464	-0	0.0131050566664469	-0.00166168747470023	0.0324596527466212	0.173639776310561	0.00351526745970037	-0.0809971545122349	-0.00587299636831478	-0.00254965124223519
0	-0	-0	-0	-0	-0	-0	-0	-0	-0	-0	-0	-0
0.00212956391831539	-0.00384998530921927	-0	-0.00851812959677109	-0	-0.181426871285153	9.50211966361232e-06	0.000486279512595398	0.00513770993754724	0.000978108888004931	-0.0162736535919219	0.00322354471479624	0.600626364196275
0	-0	-0	-0	-0	-0	-0	-0	-0	-0	-0	-0	-0
0.00127805372102467	-0.135787587169138	-0	-0.082626005243338	-0	0.0078474979965851	-0.000995042559550293	-0.0108276954809093	-0.100118676585785	-0.00609776818308164	0.0606274565099866	-0.00617577190267534	0.0352365647265638
0	-0	-0	-0	-0	-0	-0	-0	-0	-0	-0	-0	-0
0	-0	-0	-0	-0	-0	-0	-0	-0	-0	-0	-0	-0
0	-0	-0	-0	-0	-0	-0	-0	-0	-0	-0	-0	-0
0	-0	-0	-0	-0	-0	-0	-0	-0	-0	-0	-0	-0
0	-0	-0	-0	-0	-0	-0	-0	-0	-0	-0	-0	-0
0	-0	-0	-0	-0	-0	-0	-0	-0	-0	-0	-0	-0
0	-0	-0	-0	-0	-0	-0	-0	-0	-0	-0	-0	-0
0	-0	-0	-0	-0	-0	-0	-0	-0	-0	-0	-0	-0
0	-0	-0	-0	-0	-0	-0	-0	-0	-0	-0	-0	-0
0	-0	-0	-0	-0	-0	-0	-0	-0	-0	-0	-0	-0
0.000266669882102194	-0.00405056743911819	-0	0.00820145867848683	-0	-0.000306278446325615	-0.164198325429171	-0.0357919250874071	0.00343984361695398	-0.0640854699714152	-0.00494149358001853	0.231650786459748	-0.00235804090198862
0	-0	-0	-0	-0	-0	-0	-0	-0	-0	-0	-0	-0
0	-0	-0	-0	-0	-0	-0	-0	-0	-0	-0	-0	-0
0	-0	-0	-0	-0	-0	-0	-0	-0	-0	-0	-0	-0
0.00207322075315587	-0.0936199611275228	-0	0.181599806272882	-0	-0.00663950591102608	0.0687643654932525	-0.0466186092623558	0.0254136013743738	0.0289468945803986	0.00443529443889623	0.0736807981527767	-0.00485435705742138
0	-0	-0	-0	-0	-0	-0	-0	-0	-0	-0	-0	-0
0	-0	-0	-0	-0	-0	-0	-0	-0	-0	-0	-0	-0
0	-0	-0	-0	-0	-0	-0	-0	-0	-0	-0	-0	-0
0	-0	-0	-0	-0	-0	-0	-0	-0	-0	-0	-0	-0
0	-0	-0	-0	-0	-0	-0	-0	-0	-0	-0	-0	-0
0	-0	-0	-0	-0	-0	-0	-0	-0	-0	-0	-0	-0
0	-0	-0	-0	-0	-0	-0	-0	-0	-0	-0	-0	-0
0	-0	-0	-0	-0	-0	-0	-0	-0	-0	-0	-0	-0
0.00348876638227191	-0	-0	-0	-0	-0	-0	-0	-0	-0	-0	-0	-0
0	-0	-0	-0	-0	-0	-0	-0	-0	-0	-0	-0	-0
0	-0	-0	-0	-0	-0	-0	-0	-0	-0	-0	-0	-0
0.000786993100332047	-0.0836145558319556	-0	-0.0508790005966049	-0	0.00483229044020976	-0.000612721997530473	-0.0139412621292706	-0.110700803483665	-0.0057265823138267	0.063558814629676	-0.00444363013564028	0.0305445751850642
0.000208743247008417	-0.00317069401614653	-0	0.00641991926968396	-0	-0.000239747949302274	-0.128530793703581	-0.031420750052646	0.00317785413935843	-0.0637284850733497	-0.00489605353595444	0.24886476254963	-0.00270828538389258
0.00217297117661646	-0.150192546019822	-0	0.0605751760575192	-0	0.00100415933958931	0.0431391082650503	-0.0432237175531116	-0.0931049751612283	0.012659933904634	0.0659977760341462	0.0422645743949349	0.0280728614544482
0	-0	-0	-0	-0	-0	-0	-0	-0	-0	-0	-0	-0
0	-0	-0	-0	-0	-0	-0	-0	-0	-0	-0	-0	-0
0	-0	-0	-0	-0	-0	-0	-0	-0	-0	-0	-0	-0
0.019920768707227	-0.0353985234971953	-0	0.0686644699700259	-0	-0.00251045506930975	0.0260004060927535	-0.297130747836074	0.0636563189317638	-0.106623826302793	0.00896990512984646	-0.123509851671099	-0.000554611199772599
0	-0	-0	-0	-0	-0	-0	-0	-0	-0	-0	-0	-0
0	-0	-0	-0	-0	-0	-0	-0	-0	-0	-0	-0	-0
0	-0	-0	-0	-0	-0	-0	-0	-0	-0	-0	-0	-0
0	-0	-0	-0	-0	-0	-0	-0	-0	-0	-0	-0	-0
0	-0	-0	-0	-0	-0	-0	-0	-0	-0	-0	-0	-0
0	-0	-0	-0	-0	-0	-0	-0	-0	-0	-0	-0	-0
0	-0	-0	-0	-0	-0	-0	-0	-0	-0	-0	-0	-0
0.000816082253365019	-0.0867051504119502	-0	-0.0527596105204973	-0	0.00501090348784096	-0.000635369672517321	-0.0137564813016663	-0.110072907393283	-0.00574798824591555	0.0633801274043225	-0.00454770140578437	0.030813405660215
0	-0	-0	-0	-0	-0	-0	-0	-0	-0	-0	-0	-0
0.00169026081710193	-0.0763267258209396	-0	0.148055163189447	-0	-0.00541307367738652	0.0560623910548937	-0.317516543130523	0.074766561602799	-0.0939773377220059	0.0109105570356915	-0.0912920231024682	-0.00267537893538894
0	-0	-0	-0	-0	-0	-0	-0	-0	-0	-0	-0	-0
0	-0	-0	-0	-0	-0	-0	-0	-0	-0	-0	-0	-0
0	-0	-0	-0	-0	-0	-0	-0	-0	-0	-0	-0	-0
0.00022231151667975	-0.0236196209543331	-0	-0.0143724103616763	-0	0.00136503587686708	-0.000173083037833922	-0.0255456645554447	-0.177692556955144	-0.018737628367776	-0.331758787618582	-0.0179792465960032	-0.00816971012344705
0	-0	-0	-0	-0	-0	-0	-0	-0	-0	-0	-0	-0
0.00063244079893992	-0.0671940535069937	-0	-0.0408872146058236	-0	0.0038833093014749	-0.000492393630259346	0.0229388642003518	0.141282155804255	0.00465193776826476	-0.072028813253472	-0.000567070564811126	-0.0169275054699949
0	-0	-0	-0	-0	-0	-0	-0	-0	-0	-0	-0	-0
0	-0	-0	-0	-0	-0	-0	-0	-0	-0	-0	-0	-0
0	-0	-0	-0	-0	-0	-0	-0	-0	-0	-0	-0	-0
0	-0	-0	-0	-0	-0	-0	-0	-0	-0	-0	-0	-0
0	-0	-0	-0	-0	-0	-0	-0	-0	-0	-0	-0	-0
0	-0	-0	-0	-0	-0	-0	-0	-0	-0	-0	-0	-0
0	-0	-0	-0	-0	-0	-0	-0	-0	-0	-0	-0	-0
0.0022875208784013	-0.243039033154295	-0	-0.147887924414858	-0	0.0140458223430612	-0.0017809741425287	0.0334312367690142	0.17694415124466	0.00339896152667823	-0.0819196639737667	-0.00639905070187011	-0.00105013371383422
0	-0	-0	-0	-0	-0	-0	-0	-0	-0	-0	-0	-0
0	-0	-0	-0	-0	-0	-0	-0	-0	-0	-0	-0	-0
0	-0	-0	-0	-0	-0	-0	-0	-0	-0	-0	-0	-0
0	-0	-0	-0	-0	-0	-0	-0	-0	-0	-0	-0	-0
0	-0	-0	-0	-0	-0	-0	-0	-0	-0	-0	-0	-0
0	-0	-0	-0	-0	-0	-0	-0	-0	-0	-0	-0	-0
9.49045638011895e-05	-0.00144154762782503	-0	0.00291879927451637	-0	-0.000109000769494838	-0.0584361845773359	-0.0125759078886399	0.00116812619279209	-0.0184608727534693	-0.0018648937889025	0.0781506173743508	-0.000925327612804514
0	-0	-0	-0	-0	-0	-0	-0	-0	-0	-0	-0	-0
0.0040994112231926	-0.249158598769629	-0	0.199476332901586	-0	-0.00333398448409127	0.10038110363117	-0.0808973652668881	-0.0676695058170534	0.0366723785273106	0.0685290475547506	0.103050369672148	0.0258966392653021
0	-0	-0	-0	-0	-0	-0	-0	-0	-0	-0	-0	-0
0	-0	-0	-0	-0	-0	-0	-0	-0	-0	-0	-0	-0
0	-0	-0	-0	-0	-0	-0	-0	-0	-0	-0	-0	-0
0	-0	-0	-0	-0	-0	-0	-0	-0	-0	-0	-0	-0
0	-0	-0	-0	-0	-0	-0	-0	-0	-0	-0	-0	-0
0	-0	-0	-0	-0	-0	-0	-0	-0	-0	-0	-0	-0
0.00135362779565897	-0.0611254645304169	-0	0.118568437578649	-0	-0.00433500375535446	0.0448969827939181	0.0819672862012646	0.000191805641333714	-0.182927760036797	0.0108665393051546	0.00905693117791385	-4.78953699346548e-05
0	-0	-0	-0	-0	-0	-0	-0	-0	-0	-0	-0	-0
0	-0	-0	-0	-0	-0	-0	-0	-0	-0	-0	-0	-0
0	-0	-0	-0	-0	-0	-0	-0	-0	-0	-0	-0	-0
0.00150830950428679	-0	-0	-0	-0	-0	-0	-0	-0	-0	-0	-0	-0
0	-0	-0	-0	-0	-0	-0	-0	-0	-0	-0	-0	-0
0	-0	-0	-0	-0	-0	-0	-0	-0	-0	-0	-0	-0
0	-0	-0	-0	-0	-0	-0	-0	-0	-0	-0	-0	-0
0	-0	-0	-0	-0	-0	-0	-0	-0	-0	-0	-0	-0
0.00160764378457465	-0.170805081933355	-0	-0.103933959573456	-0	0.00987124498065484	-0.00125164847137209	-0.00873882344711041	-0.0930197015544134	-0.00634899135561442	0.0586586018126899	-0.00734173928455287	0.038398572728195
0	-0	-0	-0	-0	-0	-0	-0	-0	-0	-0	-0	-0
0.00172101124582617	-0	-0	-0	-0	-0	-0	-0	-0	-0	-0	-0	-0
0	-0	-0	-0	-0	-0	-0	-0	-0	-0	-0	-0	-0
0	-0	-0	-0	-0	-0	-0	-0	-0	-0	-0	-0	-0
0	-0	-0	-0	-0	-0	-0	-0	-0	-0	-0	-0	-0
0.0011315215343784	-0.051095862272352	-0	0.0991134644604814	-0	-0.00362370669139797	0.0375301859366049	-0.137853667588654	0.0302719523615313	0.217618542724937	-0.00554838511102012	0.0792354865628323	-0.00577289076726674
0	-0	-0	-0	-0	-0	-0	-0	-0	-0	-0	-0	-0
0	-0	-0	-0	-0	-0	-0	-0	-0	-0	-0	-0	-0
0	-0	-0	-0	-0	-0	-0	-0	-0	-0	-0	-0	-0
0.00912795346820887	-0	-0	-0	-0	-0	-0	-0	-0	-0	-0	-0	-0
0	-0	-0	-0	-0	-0	-0	-0	-0	-0	-0	-0	-0
0	-0	-0	-0	-0	-0	-0	-0	-0	-0	-0	-0	-0
0	-0	-0	-0	-0	-0	-0	-0	-0	-0	-0	-0	-0
0	-0	-0	-0	-0	-0	-0	-0	-0	-0	-0	-0	-0
0	-0	-0	-0	-0	-0	-0	-0	-0	-0	-0	-0	-0
0	-0	-0	-0	-0	-0	-0	-0	-0	-0	-0	-0	-0
0	-0	-0	-0	-0	-0	-0	-0	-0	-0	-0	-0	-0
0	-0	-0	-0	-0	-0	-0	-0	-0	-0	-0	-0	-0
0	-0	-0	-0	-0	-0	-0	-0	-0	-0	-0	-0	-0
0	-0	-0	-0	-0	-0	-0	-0	-0	-0	-0	-0	-0
0	-0	-0	-0	-0	-0	-0	-0	-0	-0	-0	-0	-0
0	-0	-0	-0	-0	-0	-0	-0	-0	-0	-0	-0	-0
0	-0	-0	-0	-0	-0	-0	-0	-0	-0	-0	-0	-0
0	-0	-0	-0	-0	-0	-0	-0	-0	-0	-0	-0	-0
0	-0	-0	-0	-0	-0	-0	-0	-0	-0	-0	-0	-0
0	-0	-0	-0	-0	-0	-0	-0	-0	-0	-0	-0	-0
0	-0	-0	-0	-0	-0	-0	-0	-0	-0	-0	-0	-0
0	-0	-0	-0	-0	-0	-0	-0	-0	-0	-0	-0	-0
0	-0	-0	-0	-0	-0	-0	-0	-0	-0	-0	-0	-0
0	-0	-0	-0	-0	-0	-0	-0	-0	-0	-0	-0	-0
0.00150633660202841	-0.160041639321705	-0	-0.0973844635244626	-0	0.00924919920981363	-0.0011727746677404	-0.00937999588841749	-0.0951996976139464	-0.00626997221451913	0.0592619534451255	-0.0069928783536214	0.0374348405831356
0	-0	-0	-0	-0	-0	-0	-0	-0	-0	-0	-0	-0
0	-0	-0	-0	-0	-0	-0	-0	-0	-0	-0	-0	-0
0	-0	-0	-0	-0	-0	-0	-0	-0	-0	-0	-0	-0
0	-0	-0	-0	-0	-0	-0	-0	-0	-0	-0	-0	-0
0	-0	-0	-0	-0	-0	-0	-0	-0	-0	-0	-0	-0
0	-0	-0	-0	-0	-0	-0	-0	-0	-0	-0	-0	-0
0	-0	-0	-0	-0	-0	-0	-0	-0	-0	-0	-0	-0
0.0071225006879959	-0	-0	-0	-0	-0	-0	-0	-0	-0	-0	-0	-0
0	-0	-0	-0	-0	-0	-0	-0	-0	-0	-0	-0	-0
0	-0	-0	-0	-0	-0	-0	-0	-0	-0	-0	-0	-0
0	-0	-0	-0	-0	-0	-0	-0	-0	-0	-0	-0	-0
0	-0	-0	-0	-0	-0	-0	-0	-0	-0	-0	-0	-0
0	-0	-0	-0	-0	-0	-0	-0	-0	-0	-0	-0	-0
0	-0	-0	-0	-0	-0	-0	-0	-0	-0	-0	-0	-0
0	-0	-0	-0	-0	-0	-0	-0	-0	-0	-0	-0	-0
0	-0	-0	-0	-0	-0	-0	-0	-0	-0	-0	-0	-0
0	-0	-0	-0	-0	-0	-0	-0	-0	-0	-0	-0	-0
0	-0	-0	-0	-0	-0	-0	-0	-0	-0	-0	-0	-0
0	-0	-0	-0	-0	-0	-0	-0	-0	-0	-0	-0	-0
0	-0	-0	-0	-0	-0	-0	-0	-0	-0	-0	-0	-0
0	-0	-0	-0	-0	-0	-0	-0	-0	-0	-0	-0	-0
0	-0	-0	-0	-0	-0	-0	-0	-0	-0	-0	-0	-0
0	-0	-0	-0	-0	-0	-0	-0	-0	-0	-0	-0	-0
0	-0	-0	-0	-0	-0	-0	-0	-0	-0	-0	-0	-0
0	-0	-0	-0	-0	-0	-0	-0	-0	-0	-0	-0	-0
0	-0	-0	-0	-0	-0	-0	-0	-0	-0	-0	-0	-0
0	-0	-0	-0	-0	-0	-0	-0	-0	-0	-0	-0	-0
0.00172962900185749	-0.0781044660451237	-0	0.15150354403075	-0	-0.00553915060141644	0.0573681508206483	-0.151309945121302	0.0376052704038948	0.225963700899217	-0.00427001066202988	0.100461099144341	-0.0071721853602287
0.00944718140534231	-0	-0	-0	-0	-0	-0	-0	-0	-0	-0	-0	-0
0.00209765152045402	-0.0947231757665268	-0	0.183739772603862	-0	-0.00671774563713343	0.0695746825852522	-0.0471779377569772	0.0257151281975308	0.0292788136244269	0.00448863198292179	0.0744941766116118	-0.00491329554126369
0	-0	-0	-0	-0	-0	-0	-0	-0	-0	-0	-0	-0
0	-0	-0	-0	-0	-0	-0	-0	-0	-0	-0	-0	-0
0	-0	-0	-0	-0	-0	-0	-0	-0	-0	-0	-0	-0
0	-0	-0	-0	-0	-0	-0	-0	-0	-0	-0	-0	-0
0	-0	-0	-0	-0	-0	-0	-0	-0	-0	-0	-0	-0
0	-0	-0	-0	-0	-0	-0	-0	-0	-0	-0	-0	-0
0	-0	-0	-0	-0	-0	-0	-0	-0	-0	-0	-0	-0
0	-0	-0	-0	-0	-0	-0	-0	-0	-0	-0	-0	-0
0	-0	-0	-0	-0	-0	-0	-0	-0	-0	-0	-0	-0
0	-0	-0	-0	-0	-0	-0	-0	-0	-0	-0	-0	-0
0	-0	-0	-0	-0	-0	-0	-0	-0	-0	-0	-0	-0
0	-0	-0	-0	-0	-0	-0	-0	-0	-0	-0	-0	-0
0	-0	-0	-0	-0	-0	-0	-0	-0	-0	-0	-0	-0
0	-0	-0	-0	-0	-0	-0	-0	-0	-0	-0	-0	-0
0	-0	-0	-0	-0	-0	-0	-0	-0	-0	-0	-0	-0
0	-0	-0	-0	-0	-0	-0	-0	-0	-0	-0	-0	-0
0	-0	-0	-0	-0	-0	-0	-0	-0	-0	-0	-0	-0
0	-0	-0	-0	-0	-0	-0	-0	-0	-0	-0	-0	-0
0	-0	-0	-0	-0	-0	-0	-0	-0	-0	-0	-0	-0
0	-0	-0	-0	-0	-0	-0	-0	-0	-0	-0	-0	-0
0	-0	-0	-0	-0	-0	-0	-0	-0	-0	-0	-0	-0
0	-0	-0	-0	-0	-0	-0	-0	-0	-0	-0	-0	-0
0	-0	-0	-0	-0	-0	-0	-0	-0	-0	-0	-0	-0
0	-0	-0	-0	-0	-0	-0	-0	-0	-0	-0	-0	-0
0	-0	-0	-0	-0	-0	-0	-0	-0	-0	-0	-0	-0
0	-0	-0	-0	-0	-0	-0	-0	-0	-0	-0	-0	-0
0	-0	-0	-0	-0	-0	-0	-0	-0	-0	-0	-0	-0
0	-0	-0	-0	-0	-0	-0	-0	-0	-0	-0	-0	-0
0	-0	-0	-0	-0	-0	-0	-0	-0	-0	-0	-0	-0
0	-0	-0	-0	-0	-0	-0	-0	-0	-0	-0	-0	-0
0	-0	-0	-0	-0	-0	-0	-0	-0	-0	-0	-0	-0
0	-0	-0	-0	-0	-0	-0	-0	-0	-0	-0	-0	-0
0.000394267202365952	-0.00598869988476657	-0	0.0121257269212307	-0	-0.00045282783802168	-0.242764626772932	-0.045421340950466	0.00401832460551003	-0.0648730021403441	-0.00504803947456227	0.19373191691315	-0.00159526324407672
0	-0	-0	-0	-0	-0	-0	-0	-0	-0	-0	-0	-0
0.00101166301923535	-0.107484746650619	-0	-0.0654038813523537	-0	0.0062118073646416	-0.000787641194966648	-0.012516371332791	-0.10585987239026	-0.00589566570705833	0.0622183446426648	-0.00523691112681952	0.0326796986081864
0	-0	-0	-0	-0	-0	-0	-0	-0	-0	-0	-0	-0
0	-0	-0	-0	-0	-0	-0	-0	-0	-0	-0	-0	-0
0	-0	-0	-0	-0	-0	-0	-0	-0	-0	-0	-0	-0
0	-0	-0	-0	-0	-0	-0	-0	-0	-0	-0	-0	-0
0	-0	-0	-0	-0	-0	-0	-0	-0	-0	-0	-0	-0
0	-0	-0	-0	-0	-0	-0	-0	-0	-0	-0	-0	-0
0	-0	-0	-0	-0	-0	-0	-0	-0	-0	-0	-0	-0
0	-0	-0	-0	-0	-0	-0	-0	-0	-0	-0	-0	-0
0	-0	-0	-0	-0	-0	-0	-0	-0	-0	-0	-0	-0
0	-0	-0	-0	-0	-0	-0	-0	-0	-0	-0	-0	-0
0	-0	-0	-0	-0	-0	-0	-0	-0	-0	-0	-0	-0
0	-0	-0	-0	-0	-0	-0	-0	-0	-0	-0	-0	-0
0	-0	-0	-0	-0	-0	-0	-0	-0	-0	-0	-0	-0
0	-0	-0	-0	-0	-0	-0	-0	-0	-0	-0	-0	-0
0	-0	-0	-0	-0	-0	-0	-0	-0	-0	-0	-0	-0
0	-0	-0	-0	-0	-0	-0	-0	-0	-0	-0	-0	-0
0	-0	-0	-0	-0	-0	-0	-0	-0	-0	-0	-0	-0
0.00118976547134333	-0.0537259705742891	-0	0.104215230711581	-0	-0.00381023336164118	0.0394620146446449	0.0856525425316187	-0.00181701187810579	-0.185214948072095	0.0105173386691212	0.00324670293883252	0.000338942430122114
0.000583981060416367	-0.062045419407588	-0	-0.0377542988735136	-0	0.0035857570978995	-0.000454664776239617	0.003701793070525	0.0125811335376133	-0.000443071568211645	-0.00348425344381429	-0.00206148015346443	0.0055983202506533
0.00233591389561192	-0.137974721043104	-0	-0.0839568642614974	-0	0.00797389783218148	-0.00101106973356094	-0.0106976390541342	-0.0996780588818501	-0.00611408925951286	0.0605050213676479	-0.00624719053734926	0.0354558024155232
0	-0	-0	-0	-0	-0	-0	-0	-0	-0	-0	-0	-0
0	-0	-0	-0	-0	-0	-0	-0	-0	-0	-0	-0	-0
0.00243547812445248	-0	-0	-0	-0	-0	-0	-0	-0	-0	-0	-0	-0
0	-0	-0	-0	-0	-0	-0	-0	-0	-0	-0	-0	-0
0.00106376139180963	-0.0480360328240758	-0	0.0931781443819126	-0	-0.00340670429720889	0.0352827247328807	-0.136325434882252	0.0294406765361923	0.216681376655462	-0.00569570809167677	0.0768473280784466	-0.0056144109818448
0.000379128195704267	-0.0402807034442739	-0	-0.0245105880690521	-0	0.00232792073392096	-0.000295174360876452	0.0213330608765342	0.135825198754553	0.00484379624549961	-0.0705205058049219	0.000327223908577364	-0.0193591346783592
0.000481422906914728	-0.00731254664314796	-0	0.0148062092607323	-0	-0.000552928807682059	-0.296429557456841	-0.0519987914975192	0.00441192027433136	-0.065409439173176	-0.00511467859413171	0.167830266121104	-0.00105592053302624
0.00657435725805368	-0	-0	-0	-0	-0	-0	-0	-0	-0	-0	-0	-0
0	-0	-0	-0	-0	-0	-0	-0	-0	-0	-0	-0	-0
0	-0	-0	-0	-0	-0	-0	-0	-0	-0	-0	-0	-0
0	-0	-0	-0	-0	-0	-0	-0	-0	-0	-0	-0	-0
0	-0	-0	-0	-0	-0	-0	-0	-0	-0	-0	-0	-0
0	-0	-0	-0	-0	-0	-0	-0	-0	-0	-0	-0	-0
0	-0	-0	-0	-0	-0	-0	-0	-0	-0	-0	-0	-0
0	-0	-0	-0	-0	-0	-0	-0	-0	-0	-0	-0	-0
0	-0	-0	-0	-0	-0	-0	-0	-0	-0	-0	-0	-0
0	-0	-0	-0	-0	-0	-0	-0	-0	-0	-0	-0	-0
0	-0	-0	-0	-0	-0	-0	-0	-0	-0	-0	-0	-0
0	-0	-0	-0	-0	-0	-0	-0	-0	-0	-0	-0	-0
0	-0	-0	-0	-0	-0	-0	-0	-0	-0	-0	-0	-0
0	-0	-0	-0	-0	-0	-0	-0	-0	-0	-0	-0	-0
0	-0	-0	-0	-0	-0	-0	-0	-0	-0	-0	-0	-0
0	-0	-0	-0	-0	-0	-0	-0	-0	-0	-0	-0	-0
0	-0	-0	-0	-0	-0	-0	-0	-0	-0	-0	-0	-0
0	-0	-0	-0	-0	-0	-0	-0	-0	-0	-0	-0	-0
0	-0	-0	-0	-0	-0	-0	-0	-0	-0	-0	-0	-0
0	-0	-0	-0	-0	-0	-0	-0	-0	-0	-0	-0	-0
0	-0	-0	-0	-0	-0	-0	-0	-0	-0	-0	-0	-0
0.000532087659905361	-0.0565319738227335	-0	-0.0343993973445864	-0	0.0032671215430344	-0.000414262607520597	0.00337321864754338	0.0114641096013668	-0.000402032605038607	-0.00317873165263827	-0.0018788456594863	0.00509626775959719
0	-0	-0	-0	-0	-0	-0	-0	-0	-0	-0	-0	-0
0	-0	-0	-0	-0	-0	-0	-0	-0	-0	-0	-0	-0
0	-0	-0	-0	-0	-0	-0	-0	-0	-0	-0	-0	-0
0	-0	-0	-0	-0	-0	-0	-0	-0	-0	-0	-0	-0
0	-0	-0	-0	-0	-0	-0	-0	-0	-0	-0	-0	-0
0	-0	-0	-0	-0	-0	-0	-0	-0	-0	-0	-0	-0
0.000923852928946444	-0.0981553107331106	-0	-0.0597269705454965	-0	0.0056726363608831	-0.000719275698619524	-0.013073167695332	-0.10775011441687	-0.00583005652687509	0.0627381734938381	-0.00492239742412247	0.0318524845633089
0.000681104462042483	-0.0723643536961361	-0	-0.0440333140353948	-0	0.00418211364155981	-0.000530281251935206	-0.0146123736538155	-0.112981879178201	-0.00564628676514104	0.0641919478383556	-0.00406883426647281	0.0295118457486599
0	-0	-0	-0	-0	-0	-0	-0	-0	-0	-0	-0	-0
0	-0	-0	-0	-0	-0	-0	-0	-0	-0	-0	-0	-0
0	-0	-0	-0	-0	-0	-0	-0	-0	-0	-0	-0	-0
0	-0	-0	-0	-0	-0	-0	-0	-0	-0	-0	-0	-0
0	-0	-0	-0	-0	-0	-0	-0	-0	-0	-0	-0	-0
0	-0	-0	-0	-0	-0	-0	-0	-0	-0	-0	-0	-0
0	-0	-0	-0	-0	-0	-0	-0	-0	-0	-0	-0	-0
0	-0	-0	-0	-0	-0	-0	-0	-0	-0	-0	-0	-0
0	-0	-0	-0	-0	-0	-0	-0	-0	-0	-0	-0	-0
0	-0	-0	-0	-0	-0	-0	-0	-0	-0	-0	-0	-0
0.00326759163500551	-0.147553897183488	-0	0.286218439108629	-0	-0.010464488136352	0.108379131903915	-0.0734903348830079	0.0400567055076042	0.0455914569019102	0.00699309501208248	0.11608599710042	-0.0076468116634217
0	-0	-0	-0	-0	-0	-0	-0	-0	-0	-0	-0	-0
0	-0	-0	-0	-0	-0	-0	-0	-0	-0	-0	-0	-0
0	-0	-0	-0	-0	-0	-0	-0	-0	-0	-0	-0	-0
0	-0	-0	-0	-0	-0	-0	-0	-0	-0	-0	-0	-0
0	-0	-0	-0	-0	-0	-0	-0	-0	-0	-0	-0	-0
0	-0	-0	-0	-0	-0	-0	-0	-0	-0	-0	-0	-0
0	-0	-0	-0	-0	-0	-0	-0	-0	-0	-0	-0	-0
0	-0	-0	-0	-0	-0	-0	-0	-0	-0	-0	-0	-0
0	-0	-0	-0	-0	-0	-0	-0	-0	-0	-0	-0	-0
0	-0	-0	-0	-0	-0	-0	-0	-0	-0	-0	-0	-0
0	-0	-0	-0	-0	-0	-0	-0	-0	-0	-0	-0	-0
0	-0	-0	-0	-0	-0	-0	-0	-0	-0	-0	-0	-0
0	-0	-0	-0	-0	-0	-0	-0	-0	-0	-0	-0	-0
0	-0	-0	-0	-0	-0	-0	-0	-0	-0	-0	-0	-0
0	-0	-0	-0	-0	-0	-0	-0	-0	-0	-0	-0	-0
0	-0	-0	-0	-0	-0	-0	-0	-0	-0	-0	-0	-0
0	-0	-0	-0	-0	-0	-0	-0	-0	-0	-0	-0	-0
0	-0	-0	-0	-0	-0	-0	-0	-0	-0	-0	-0	-0
0	-0	-0	-0	-0	-0	-0	-0	-0	-0	-0	-0	-0
0	-0	-0	-0	-0	-0	-0	-0	-0	-0	-0	-0	-0
0	-0	-0	-0	-0	-0	-0	-0	-0	-0	-0	-0	-0
0	-0	-0	-0	-0	-0	-0	-0	-0	-0	-0	-0	-0
0	-0	-0	-0	-0	-0	-0	-0	-0	-0	-0	-0	-0
0	-0	-0	-0	-0	-0	-0	-0	-0	-0	-0	-0	-0
0	-0	-0	-0	-0	-0	-0	-0	-0	-0	-0	-0	-0
0	-0	-0	-0	-0	-0	-0	-0	-0	-0	-0	-0	-0
0	-0	-0	-0	-0	-0	-0	-0	-0	-0	-0	-0	-0
0	-0	-0	-0	-0	-0	-0	-0	-0	-0	-0	-0	-0
0	-0	-0	-0	-0	-0	-0	-0	-0	-0	-0	-0	-0
0	-0	-0	-0	-0	-0	-0	-0	-0	-0	-0	-0	-0
0	-0	-0	-0	-0	-0	-0	-0	-0	-0	-0	-0	-0
0	-0	-0	-0	-0	-0	-0	-0	-0	-0	-0	-0	-0
0	-0	-0	-0	-0	-0	-0	-0	-0	-0	-0	-0	-0
0	-0	-0	-0	-0	-0	-0	-0	-0	-0	-0	-0	-0
0	-0	-0	-0	-0	-0	-0	-0	-0	-0	-0	-0	-0
0	-0	-0	-0	-0	-0	-0	-0	-0	-0	-0	-0	-0
0	-0	-0	-0	-0	-0	-0	-0	-0	-0	-0	-0	-0
0	-0	-0	-0	-0	-0	-0	-0	-0	-0	-0	-0	-0
0	-0	-0	-0	-0	-0	-0	-0	-0	-0	-0	-0	-0
0	-0	-0	-0	-0	-0	-0	-0	-0	-0	-0	-0	-0
0	-0	-0	-0	-0	-0	-0	-0	-0	-0	-0	-0	-0
0	-0	-0	-0	-0	-0	-0	-0	-0	-0	-0	-0	-0
0	-0	-0	-0	-0	-0	-0	-0	-0	-0	-0	-0	-0
0	-0	-0	-0	-0	-0	-0	-0	-0	-0	-0	-0	-0
0	-0	-0	-0	-0	-0	-0	-0	-0	-0	-0	-0	-0
0	-0	-0	-0	-0	-0	-0	-0	-0	-0	-0	-0	-0
0	-0	-0	-0	-0	-0	-0	-0	-0	-0	-0	-0	-0
0	-0	-0	-0	-0	-0	-0	-0	-0	-0	-0	-0	-0
0	-0	-0	-0	-0	-0	-0	-0	-0	-0	-0	-0	-0
0	-0	-0	-0	-0	-0	-0	-0	-0	-0	-0	-0	-0
0	-0	-0	-0	-0	-0	-0	-0	-0	-0	-0	-0	-0
0	-0	-0	-0	-0	-0	-0	-0	-0	-0	-0	-0	-0
0	-0	-0	-0	-0	-0	-0	-0	-0	-0	-0	-0	-0
0	-0	-0	-0	-0	-0	-0	-0	-0	-0	-0	-0	-0
0	-0	-0	-0	-0	-0	-0	-0	-0	-0	-0	-0	-0
0	-0	-0	-0	-0	-0	-0	-0	-0	-0	-0	-0	-0
0	-0	-0	-0	-0	-0	-0	-0	-0	-0	-0	-0	-0
0	-0	-0	-0	-0	-0	-0	-0	-0	-0	-0	-0	-0
0	-0	-0	-0	-0	-0	-0	-0	-0	-0	-0	-0	-0
0	-0	-0	-0	-0	-0	-0	-0	-0	-0	-0	-0	-0
0	-0	-0	-0	-0	-0	-0	-0	-0	-0	-0	-0	-0
0	-0	-0	-0	-0	-0	-0	-0	-0	-0	-0	-0	-0
0	-0	-0	-0	-0	-0	-0	-0	-0	-0	-0	-0	-0
0.000124821332430134	-0.013261717625068	-0	-0.00806968275135162	-0	0.000766427216683199	-9.7180999587867e-05	0.0277461708462228	0.1851714452986	0.0184747592840539	0.329686785583106	0.0167544214265599	0.0114994310939179
0	-0	-0	-0	-0	-0	-0	-0	-0	-0	-0	-0	-0
0.0118303874465522	-0	-0	-0	-0	-0	-0	-0	-0	-0	-0	-0	-0
0	-0	-0	-0	-0	-0	-0	-0	-0	-0	-0	-0	-0
0	-0	-0	-0	-0	-0	-0	-0	-0	-0	-0	-0	-0
0	-0	-0	-0	-0	-0	-0	-0	-0	-0	-0	-0	-0
0	-0	-0	-0	-0	-0	-0	-0	-0	-0	-0	-0	-0
0	-0	-0	-0	-0	-0	-0	-0	-0	-0	-0	-0	-0
0	-0	-0	-0	-0	-0	-0	-0	-0	-0	-0	-0	-0
0	-0	-0	-0	-0	-0	-0	-0	-0	-0	-0	-0	-0
0	-0	-0	-0	-0	-0	-0	-0	-0	-0	-0	-0	-0
0	-0	-0	-0	-0	-0	-0	-0	-0	-0	-0	-0	-0
0	-0	-0	-0	-0	-0	-0	-0	-0	-0	-0	-0	-0
0	-0	-0	-0	-0	-0	-0	-0	-0	-0	-0	-0	-0
0	-0	-0	-0	-0	-0	-0	-0	-0	-0	-0	-0	-0
0	-0	-0	-0	-0	-0	-0	-0	-0	-0	-0	-0	-0
0	-0	-0	-0	-0	-0	-0	-0	-0	-0	-0	-0	-0
0	-0	-0	-0	-0	-0	-0	-0	-0	-0	-0	-0	-0
0	-0	-0	-0	-0	-0	-0	-0	-0	-0	-0	-0	-0
0	-0	-0	-0	-0	-0	-0	-0	-0	-0	-0	-0	-0
0	-0	-0	-0	-0	-0	-0	-0	-0	-0	-0	-0	-0
0	-0	-0	-0	-0	-0	-0	-0	-0	-0	-0	-0	-0
0	-0	-0	-0	-0	-0	-0	-0	-0	-0	-0	-0	-0
0	-0	-0	-0	-0	-0	-0	-0	-0	-0	-0	-0	-0
0	-0	-0	-0	-0	-0	-0	-0	-0	-0	-0	-0	-0
0	-0	-0	-0	-0	-0	-0	-0	-0	-0	-0	-0	-0
0	-0	-0	-0	-0	-0	-0	-0	-0	-0	-0	-0	-0
0	-0	-0	-0	-0	-0	-0	-0	-0	-0	-0	-0	-0
0	-0	-0	-0	-0	-0	-0	-0	-0	-0	-0	-0	-0
0	-0	-0	-0	-0	-0	-0	-0	-0	-0	-0	-0	-0
0.00825106722634954	-0.00592681454841454	-0	0.0120004234825112	-0	-0.000448148457921826	-0.240255973664147	-0.0294464051064206	0.00176638040111125	-0.00240483928319927	-0.000313981159474081	-0.11595340733222	0.00237750834314027
0	-0	-0	-0	-0	-0	-0	-0	-0	-0	-0	-0	-0
0	-0	-0	-0	-0	-0	-0	-0	-0	-0	-0	-0	-0
0	-0	-0	-0	-0	-0	-0	-0	-0	-0	-0	-0	-0
0	-0	-0	-0	-0	-0	-0	-0	-0	-0	-0	-0	-0
0	-0	-0	-0	-0	-0	-0	-0	-0	-0	-0	-0	-0
0	-0	-0	-0	-0	-0	-0	-0	-0	-0	-0	-0	-0
0	-0	-0	-0	-0	-0	-0	-0	-0	-0	-0	-0	-0
0	-0	-0	-0	-0	-0	-0	-0	-0	-0	-0	-0	-0
0	-0	-0	-0	-0	-0	-0	-0	-0	-0	-0	-0	-0
0	-0	-0	-0	-0	-0	-0	-0	-0	-0	-0	-0	-0
0	-0	-0	-0	-0	-0	-0	-0	-0	-0	-0	-0	-0
0	-0	-0	-0	-0	-0	-0	-0	-0	-0	-0	-0	-0
0	-0	-0	-0	-0	-0	-0	-0	-0	-0	-0	-0	-0
0	-0	-0	-0	-0	-0	-0	-0	-0	-0	-0	-0	-0
0	-0	-0	-0	-0	-0	-0	-0	-0	-0	-0	-0	-0
0	-0	-0	-0	-0	-0	-0	-0	-0	-0	-0	-0	-0
0	-0	-0	-0	-0	-0	-0	-0	-0	-0	-0	-0	-0
0	-0	-0	-0	-0	-0	-0	-0	-0	-0	-0	-0	-0
0	-0	-0	-0	-0	-0	-0	-0	-0	-0	-0	-0	-0
0	-0	-0	-0	-0	-0	-0	-0	-0	-0	-0	-0	-0
0	-0	-0	-0	-0	-0	-0	-0	-0	-0	-0	-0	-0
0	-0	-0	-0	-0	-0	-0	-0	-0	-0	-0	-0	-0
0	-0	-0	-0	-0	-0	-0	-0	-0	-0	-0	-0	-0
0	-0	-0	-0	-0	-0	-0	-0	-0	-0	-0	-0	-0
0	-0	-0	-0	-0	-0	-0	-0	-0	-0	-0	-0	-0
0	-0	-0	-0	-0	-0	-0	-0	-0	-0	-0	-0	-0
0.0150207967579763	-0	-0	-0	-0	-0	-0	-0	-0	-0	-0	-0	-0
0	-0	-0	-0	-0	-0	-0	-0	-0	-0	-0	-0	-0
0	-0	-0	-0	-0	-0	-0	-0	-0	-0	-0	-0	-0
0	-0	-0	-0	-0	-0	-0	-0	-0	-0	-0	-0	-0
0	-0	-0	-0	-0	-0	-0	-0	-0	-0	-0	-0	-0
0	-0	-0	-0	-0	-0	-0	-0	-0	-0	-0	-0	-0
0	-0	-0	-0	-0	-0	-0	-0	-0	-0	-0	-0	-0
0	-0	-0	-0	-0	-0	-0	-0	-0	-0	-0	-0	-0
0	-0	-0	-0	-0	-0	-0	-0	-0	-0	-0	-0	-0
0	-0	-0	-0	-0	-0	-0	-0	-0	-0	-0	-0	-0
0	-0	-0	-0	-0	-0	-0	-0	-0	-0	-0	-0	-0
0	-0	-0	-0	-0	-0	-0	-0	-0	-0	-0	-0	-0
0	-0	-0	-0	-0	-0	-0	-0	-0	-0	-0	-0	-0
0	-0	-0	-0	-0	-0	-0	-0	-0	-0	-0	-0	-0
0	-0	-0	-0	-0	-0	-0	-0	-0	-0	-0	-0	-0
0	-0	-0	-0	-0	-0	-0	-0	-0	-0	-0	-0	-0
0	-0	-0	-0	-0	-0	-0	-0	-0	-0	-0	-0	-0
0	-0	-0	-0	-0	-0	-0	-0	-0	-0	-0	-0	-0
0	-0	-0	-0	-0	-0	-0	-0	-0	-0	-0	-0	-0
0	-0	-0	-0	-0	-0	-0	-0	-0	-0	-0	-0	-0
0	-0	-0	-0	-0	-0	-0	-0	-0	-0	-0	-0	-0
0	-0	-0	-0	-0	-0	-0	-0	-0	-0	-0	-0	-0
0	-0	-0	-0	-0	-0	-0	-0	-0	-0	-0	-0	-0
0	-0	-0	-0	-0	-0	-0	-0	-0	-0	-0	-0	-0
0	-0	-0	-0	-0	-0	-0	-0	-0	-0	-0	-0	-0
0	-0	-0	-0	-0	-0	-0	-0	-0	-0	-0	-0	-0
0	-0	-0	-0	-0	-0	-0	-0	-0	-0	-0	-0	-0
0	-0	-0	-0	-0	-0	-0	-0	-0	-0	-0	-0	-0
0	-0	-0	-0	-0	-0	-0	-0	-0	-0	-0	-0	-0
0	-0	-0	-0	-0	-0	-0	-0	-0	-0	-0	-0	-0
0	-0	-0	-0	-0	-0	-0	-0	-0	-0	-0	-0	-0
0	-0	-0	-0	-0	-0	-0	-0	-0	-0	-0	-0	-0
0	-0	-0	-0	-0	-0	-0	-0	-0	-0	-0	-0	-0
0	-0	-0	-0	-0	-0	-0	-0	-0	-0	-0	-0	-0
0	-0	-0	-0	-0	-0	-0	-0	-0	-0	-0	-0	-0
0	-0	-0	-0	-0	-0	-0	-0	-0	-0	-0	-0	-0
0	-0	-0	-0	-0	-0	-0	-0	-0	-0	-0	-0	-0
0	-0	-0	-0	-0	-0	-0	-0	-0	-0	-0	-0	-0
0	-0	-0	-0	-0	-0	-0	-0	-0	-0	-0	-0	-0
0	-0	-0	-0	-0	-0	-0	-0	-0	-0	-0	-0	-0
0	-0	-0	-0	-0	-0	-0	-0	-0	-0	-0	-0	-0
0	-0	-0	-0	-0	-0	-0	-0	-0	-0	-0	-0	-0
0	-0	-0	-0	-0	-0	-0	-0	-0	-0	-0	-0	-0
0	-0	-0	-0	-0	-0	-0	-0	-0	-0	-0	-0	-0
0	-0	-0	-0	-0	-0	-0	-0	-0	-0	-0	-0	-0
0	-0	-0	-0	-0	-0	-0	-0	-0	-0	-0	-0	-0
0	-0	-0	-0	-0	-0	-0	-0	-0	-0	-0	-0	-0
0	-0	-0	-0	-0	-0	-0	-0	-0	-0	-0	-0	-0
0	-0	-0	-0	-0	-0	-0	-0	-0	-0	-0	-0	-0
0	-0	-0	-0	-0	-0	-0	-0	-0	-0	-0	-0	-0
0	-0	-0	-0	-0	-0	-0	-0	-0	-0	-0	-0	-0
0	-0	-0	-0	-0	-0	-0	-0	-0	-0	-0	-0	-0
0	-0	-0	-0	-0	-0	-0	-0	-0	-0	-0	-0	-0
0	-0	-0	-0	-0	-0	-0	-0	-0	-0	-0	-0	-0
0	-0	-0	-0	-0	-0	-0	-0	-0	-0	-0	-0	-0
0	-0	-0	-0	-0	-0	-0	-0	-0	-0	-0	-0	-0
0	-0	-0	-0	-0	-0	-0	-0	-0	-0	-0	-0	-0
0	-0	-0	-0	-0	-0	-0	-0	-0	-0	-0	-0	-0
0	-0	-0	-0	-0	-0	-0	-0	-0	-0	-0	-0	-0
0	-0	-0	-0	-0	-0	-0	-0	-0	-0	-0	-0	-0
0	-0	-0	-0	-0	-0	-0	-0	-0	-0	-0	-0	-0
0	-0	-0	-0	-0	-0	-0	-0	-0	-0	-0	-0	-0
0	-0	-0	-0	-0	-0	-0	-0	-0	-0	-0	-0	-0
0	-0	-0	-0	-0	-0	-0	-0	-0	-0	-0	-0	-0
0	-0	-0	-0	-0	-0	-0	-0	-0	-0	-0	-0	-0
0	-0	-0	-0	-0	-0	-0	-0	-0	-0	-0	-0	-0
0	-0	-0	-0	-0	-0	-0	-0	-0	-0	-0	-0	-0
0	-0	-0	-0	-0	-0	-0	-0	-0	-0	-0	-0	-0
0	-0	-0	-0	-0	-0	-0	-0	-0	-0	-0	-0	-0
0	-0	-0	-0	-0	-0	-0	-0	-0	-0	-0	-0	-0
0	-0	-0	-0	-0	-0	-0	-0	-0	-0	-0	-0	-0
0	-0	-0	-0	-0	-0	-0	-0	-0	-0	-0	-0	-0
0	-0	-0	-0	-0	-0	-0	-0	-0	-0	-0	-0	-0
0	-0	-0	-0	-0	-0	-0	-0	-0	-0	-0	-0	-0
0	-0	-0	-0	-0	-0	-0	-0	-0	-0	-0	-0	-0
0	-0	-0	-0	-0	-0	-0	-0	-0	-0	-0	-0	-0
0	-0	-0	-0	-0	-0	-0	-0	-0	-0	-0	-0	-0
0	-0	-0	-0	-0	-0	-0	-0	-0	-0	-0	-0	-0
0	-0	-0	-0	-0	-0	-0	-0	-0	-0	-0	-0	-0
0	-0	-0	-0	-0	-0	-0	-0	-0	-0	-0	-0	-0
0	-0	-0	-0	-0	-0	-0	-0	-0	-0	-0	-0	-0
0	-0	-0	-0	-0	-0	-0	-0	-0	-0	-0	-0	-0
0	-0	-0	-0	-0	-0	-0	-0	-0	-0	-0	-0	-0
0	-0	-0	-0	-0	-0	-0	-0	-0	-0	-0	-0	-0
0	-0	-0	-0	-0	-0	-0	-0	-0	-0	-0	-0	-0
0	-0	-0	-0	-0	-0	-0	-0	-0	-0	-0	-0	-0
0	-0	-0	-0	-0	-0	-0	-0	-0	-0	-0	-0	-0
0	-0	-0	-0	-0	-0	-0	-0	-0	-0	-0	-0	-0
0	-0	-0	-0	-0	-0	-0	-0	-0	-0	-0	-0	-0
0	-0	-0	-0	-0	-0	-0	-0	-0	-0	-0	-0	-0
0	-0	-0	-0	-0	-0	-0	-0	-0	-0	-0	-0	-0
0	-0	-0	-0	-0	-0	-0	-0	-0	-0	-0	-0	-0
0	-0	-0	-0	-0	-0	-0	-0	-0	-0	-0	-0	-0
0	-0	-0	-0	-0	-0	-0	-0	-0	-0	-0	-0	-0
0	-0	-0	-0	-0	-0	-0	-0	-0	-0	-0	-0	-0
0	-0	-0	-0	-0	-0	-0	-0	-0	-0	-0	-0	-0
0	-0	-0	-0	-0	-0	-0	-0	-0	-0	-0	-0	-0
0.00799205681531433	-0	-0	-0	-0	-0	-0	-0	-0	-0	-0	-0	-0
0	-0	-0	-0	-0	-0	-0	-0	-0	-0	-0	-0	-0
0	-0	-0	-0	-0	-0	-0	-0	-0	-0	-0	-0	-0
0	-0	-0	-0	-0	-0	-0	-0	-0	-0	-0	-0	-0
0	-0	-0	-0	-0	-0	-0	-0	-0	-0	-0	-0	-0
0	-0	-0	-0	-0	-0	-0	-0	-0	-0	-0	-0	-0
0	-0	-0	-0	-0	-0	-0	-0	-0	-0	-0	-0	-0
0	-0	-0	-0	-0	-0	-0	-0	-0	-0	-0	-0	-0
0	-0	-0	-0	-0	-0	-0	-0	-0	-0	-0	-0	-0
0	-0	-0	-0	-0	-0	-0	-0	-0	-0	-0	-0	-0
0	-0	-0	-0	-0	-0	-0	-0	-0	-0	-0	-0	-0
0	-0	-0	-0	-0	-0	-0	-0	-0	-0	-0	-0	-0
0	-0	-0	-0	-0	-0	-0	-0	-0	-0	-0	-0	-0
0	-0	-0	-0	-0	-0	-0	-0	-0	-0	-0	-0	-0
0	-0	-0	-0	-0	-0	-0	-0	-0	-0	-0	-0	-0
0	-0	-0	-0	-0	-0	-0	-0	-0	-0	-0	-0	-0
0	-0	-0	-0	-0	-0	-0	-0	-0	-0	-0	-0	-0
0	-0	-0	-0	-0	-0	-0	-0	-0	-0	-0	-0	-0
0	-0	-0	-0	-0	-0	-0	-0	-0	-0	-0	-0	-0
0	-0	-0	-0	-0	-0	-0	-0	-0	-0	-0	-0	-0
0	-0	-0	-0	-0	-0	-0	-0	-0	-0	-0	-0	-0
0	-0	-0	-0	-0	-0	-0	-0	-0	-0	-0	-0	-0
0	-0	-0	-0	-0	-0	-0	-0	-0	-0	-0	-0	-0
0	-0	-0	-0	-0	-0	-0	-0	-0	-0	-0	-0	-0
0	-0	-0	-0	-0	-0	-0	-0	-0	-0	-0	-0	-0
0	-0	-0	-0	-0	-0	-0	-0	-0	-0	-0	-0	-0
0	-0	-0	-0	-0	-0	-0	-0	-0	-0	-0	-0	-0
0	-0	-0	-0	-0	-0	-0	-0	-0	-0	-0	-0	-0
0	-0	-0	-0	-0	-0	-0	-0	-0	-0	-0	-0	-0
0	-0	-0	-0	-0	-0	-0	-0	-0	-0	-0	-0	-0
0	-0	-0	-0	-0	-0	-0	-0	-0	-0	-0	-0	-0
0	-0	-0	-0	-0	-0	-0	-0	-0	-0	-0	-0	-0
0	-0	-0	-0	-0	-0	-0	-0	-0	-0	-0	-0	-0
0	-0	-0	-0	-0	-0	-0	-0	-0	-0	-0	-0	-0
0	-0	-0	-0	-0	-0	-0	-0	-0	-0	-0	-0	-0
0	-0	-0	-0	-0	-0	-0	-0	-0	-0	-0	-0	-0
0	-0	-0	-0	-0	-0	-0	-0	-0	-0	-0	-0	-0
0	-0	-0	-0	-0	-0	-0	-0	-0	-0	-0	-0	-0
0	-0	-0	-0	-0	-0	-0	-0	-0	-0	-0	-0	-0
0	-0	-0	-0	-0	-0	-0	-0	-0	-0	-0	-0	-0
0	-0	-0	-0	-0	-0	-0	-0	-0	-0	-0	-0	-0
0	-0	-0	-0	-0	-0	-0	-0	-0	-0	-0	-0	-0
0	-0	-0	-0	-0	-0	-0	-0	-0	-0	-0	-0	-0
0	-0	-0	-0	-0	-0	-0	-0	-0	-0	-0	-0	-0
0	-0	-0	-0	-0	-0	-0	-0	-0	-0	-0	-0	-0
0	-0	-0	-0	-0	-0	-0	-0	-0	-0	-0	-0	-0
0	-0	-0	-0	-0	-0	-0	-0	-0	-0	-0	-0	-0
0	-0	-0	-0	-0	-0	-0	-0	-0	-0	-0	-0	-0
0	-0	-0	-0	-0	-0	-0	-0	-0	-0	-0	-0	-0
0	-0	-0	-0	-0	-0	-0	-0	-0	-0	-0	-0	-0
0	-0	-0	-0	-0	-0	-0	-0	-0	-0	-0	-0	-0
0	-0	-0	-0	-0	-0	-0	-0	-0	-0	-0	-0	-0
0	-0	-0	-0	-0	-0	-0	-0	-0	-0	-0	-0	-0
0	-0	-0	-0	-0	-0	-0	-0	-0	-0	-0	-0	-0
0	-0	-0	-0	-0	-0	-0	-0	-0	-0	-0	-0	-0
0	-0	-0	-0	-0	-0	-0	-0	-0	-0	-0	-0	-0
0	-0	-0	-0	-0	-0	-0	-0	-0	-0	-0	-0	-0
0	-0	-0	-0	-0	-0	-0	-0	-0	-0	-0	-0	-0
0	-0	-0	-0	-0	-0	-0	-0	-0	-0	-0	-0	-0
0	-0	-0	-0	-0	-0	-0	-0	-0	-0	-0	-0	-0
0	-0	-0	-0	-0	-0	-0	-0	-0	-0	-0	-0	-0
0	-0	-0	-0	-0	-0	-0	-0	-0	-0	-0	-0	-0
0	-0	-0	-0	-0	-0	-0	-0	-0	-0	-0	-0	-0
0	-0	-0	-0	-0	-0	-0	-0	-0	-0	-0	-0	-0
0	-0	-0	-0	-0	-0	-0	-0	-0	-0	-0	-0	-0
0	-0	-0	-0	-0	-0	-0	-0	-0	-0	-0	-0	-0
0	-0	-0	-0	-0	-0	-0	-0	-0	-0	-0	-0	-0
0	-0	-0	-0	-0	-0	-0	-0	-0	-0	-0	-0	-0
0	-0	-0	-0	-0	-0	-0	-0	-0	-0	-0	-0	-0
0	-0	-0	-0	-0	-0	-0	-0	-0	-0	-0	-0	-0
0	-0	-0	-0	-0	-0	-0	-0	-0	-0	-0	-0	-0
0	-0	-0	-0	-0	-0	-0	-0	-0	-0	-0	-0	-0
0	-0	-0	-0	-0	-0	-0	-0	-0	-0	-0	-0	-0
0	-0	-0	-0	-0	-0	-0	-0	-0	-0	-0	-0	-0
0	-0	-0	-0	-0	-0	-0	-0	-0	-0	-0	-0	-0
0	-0	-0	-0	-0	-0	-0	-0	-0	-0	-0	-0	-0
0	-0	-0	-0	-0	-0	-0	-0	-0	-0	-0	-0	-0
0	-0	-0	-0	-0	-0	-0	-0	-0	-0	-0	-0	-0
0	-0	-0	-0	-0	-0	-0	-0	-0	-0	-0	-0	-0
0	-0	-0	-0	-0	-0	-0	-0	-0	-0	-0	-0	-0
0	-0	-0	-0	-0	-0	-0	-0	-0	-0	-0	-0	-0
0	-0	-0	-0	-0	-0	-0	-0	-0	-0	-0	-0	-0
0	-0	-0	-0	-0	-0	-0	-0	-0	-0	-0	-0	-0
0	-0	-0	-0	-0	-0	-0	-0	-0	-0	-0	-0	-0
0	-0	-0	-0	-0	-0	-0	-0	-0	-0	-0	-0	-0
0	-0	-0	-0	-0	-0	-0	-0	-0	-0	-0	-0	-0
0.00149457043457965	-0.158791535776125	-0	-0.0966237823439131	-0	0.00917695265713542	-0.00116361399070341	-0.00945579456881978	-0.0954562091556153	-0.0062627021571572	0.05932703066883	-0.00693950213925106	0.0373279047088871
0	-0	-0	-0	-0	-0	-0	-0	-0	-0	-0	-0	-0
0	-0	-0	-0	-0	-0	-0	-0	-0	-0	-0	-0	-0
0	-0	-0	-0	-0	-0	-0	-0	-0	-0	-0	-0	-0
0	-0	-0	-0	-0	-0	-0	-0	-0	-0	-0	-0	-0
0	-0	-0	-0	-0	-0	-0	-0	-0	-0	-0	-0	-0
0	-0	-0	-0	-0	-0	-0	-0	-0	-0	-0	-0	-0
0	-0	-0	-0	-0	-0	-0	-0	-0	-0	-0	-0	-0
0	-0	-0	-0	-0	-0	-0	-0	-0	-0	-0	-0	-0
0	-0	-0	-0	-0	-0	-0	-0	-0	-0	-0	-0	-0
0	-0	-0	-0	-0	-0	-0	-0	-0	-0	-0	-0	-0
0	-0	-0	-0	-0	-0	-0	-0	-0	-0	-0	-0	-0
0	-0	-0	-0	-0	-0	-0	-0	-0	-0	-0	-0	-0
0	-0	-0	-0	-0	-0	-0	-0	-0	-0	-0	-0	-0
0	-0	-0	-0	-0	-0	-0	-0	-0	-0	-0	-0	-0
0	-0	-0	-0	-0	-0	-0	-0	-0	-0	-0	-0	-0
0	-0	-0	-0	-0	-0	-0	-0	-0	-0	-0	-0	-0
0	-0	-0	-0	-0	-0	-0	-0	-0	-0	-0	-0	-0
0	-0	-0	-0	-0	-0	-0	-0	-0	-0	-0	-0	-0
0	-0	-0	-0	-0	-0	-0	-0	-0	-0	-0	-0	-0
0	-0	-0	-0	-0	-0	-0	-0	-0	-0	-0	-0	-0
0.00967075833452274	-0	-0	-0	-0	-0	-0	-0	-0	-0	-0	-0	-0
0	-0	-0	-0	-0	-0	-0	-0	-0	-0	-0	-0	-0
0	-0	-0	-0	-0	-0	-0	-0	-0	-0	-0	-0	-0
0	-0	-0	-0	-0	-0	-0	-0	-0	-0	-0	-0	-0
0	-0	-0	-0	-0	-0	-0	-0	-0	-0	-0	-0	-0
0	-0	-0	-0	-0	-0	-0	-0	-0	-0	-0	-0	-0
0	-0	-0	-0	-0	-0	-0	-0	-0	-0	-0	-0	-0
0	-0	-0	-0	-0	-0	-0	-0	-0	-0	-0	-0	-0
0.0115096389915713	-0.0208079882697504	-0	-0.0460378745615754	-0	-0.980556523287604	5.13560386898261e-05	0.000524974171616677	0.00453242109541786	0.00020481990976999	-0.00161669148114632	-1.16646466830658e-05	-0.0678963264777993
0	-0	-0	-0	-0	-0	-0	-0	-0	-0	-0	-0	-0
0	-0	-0	-0	-0	-0	-0	-0	-0	-0	-0	-0	-0
0	-0	-0	-0	-0	-0	-0	-0	-0	-0	-0	-0	-0
0	-0	-0	-0	-0	-0	-0	-0	-0	-0	-0	-0	-0
0	-0	-0	-0	-0	-0	-0	-0	-0	-0	-0	-0	-0
0	-0	-0	-0	-0	-0	-0	-0	-0	-0	-0	-0	-0
0	-0	-0	-0	-0	-0	-0	-0	-0	-0	-0	-0	-0
0	-0	-0	-0	-0	-0	-0	-0	-0	-0	-0	-0	-0
0	-0	-0	-0	-0	-0	-0	-0	-0	-0	-0	-0	-0
0	-0	-0	-0	-0	-0	-0	-0	-0	-0	-0	-0	-0
0	-0	-0	-0	-0	-0	-0	-0	-0	-0	-0	-0	-0
0	-0	-0	-0	-0	-0	-0	-0	-0	-0	-0	-0	-0
0	-0	-0	-0	-0	-0	-0	-0	-0	-0	-0	-0	-0
0	-0	-0	-0	-0	-0	-0	-0	-0	-0	-0	-0	-0
0	-0	-0	-0	-0	-0	-0	-0	-0	-0	-0	-0	-0
0	-0	-0	-0	-0	-0	-0	-0	-0	-0	-0	-0	-0
0	-0	-0	-0	-0	-0	-0	-0	-0	-0	-0	-0	-0
0	-0	-0	-0	-0	-0	-0	-0	-0	-0	-0	-0	-0
0	-0	-0	-0	-0	-0	-0	-0	-0	-0	-0	-0	-0
0	-0	-0	-0	-0	-0	-0	-0	-0	-0	-0	-0	-0
0	-0	-0	-0	-0	-0	-0	-0	-0	-0	-0	-0	-0
0	-0	-0	-0	-0	-0	-0	-0	-0	-0	-0	-0	-0
0	-0	-0	-0	-0	-0	-0	-0	-0	-0	-0	-0	-0
0	-0	-0	-0	-0	-0	-0	-0	-0	-0	-0	-0	-0
0	-0	-0	-0	-0	-0	-0	-0	-0	-0	-0	-0	-0
0	-0	-0	-0	-0	-0	-0	-0	-0	-0	-0	-0	-0
0	-0	-0	-0	-0	-0	-0	-0	-0	-0	-0	-0	-0
0	-0	-0	-0	-0	-0	-0	-0	-0	-0	-0	-0	-0
0	-0	-0	-0	-0	-0	-0	-0	-0	-0	-0	-0	-0
0	-0	-0	-0	-0	-0	-0	-0	-0	-0	-0	-0	-0
0	-0	-0	-0	-0	-0	-0	-0	-0	-0	-0	-0	-0
0	-0	-0	-0	-0	-0	-0	-0	-0	-0	-0	-0	-0
0	-0	-0	-0	-0	-0	-0	-0	-0	-0	-0	-0	-0
0	-0	-0	-0	-0	-0	-0	-0	-0	-0	-0	-0	-0
0	-0	-0	-0	-0	-0	-0	-0	-0	-0	-0	-0	-0
0	-0	-0	-0	-0	-0	-0	-0	-0	-0	-0	-0	-0
0	-0	-0	-0	-0	-0	-0	-0	-0	-0	-0	-0	-0
0	-0	-0	-0	-0	-0	-0	-0	-0	-0	-0	-0	-0
0	-0	-0	-0	-0	-0	-0	-0	-0	-0	-0	-0	-0
0	-0	-0	-0	-0	-0	-0	-0	-0	-0	-0	-0	-0
0	-0	-0	-0	-0	-0	-0	-0	-0	-0	-0	-0	-0
0	-0	-0	-0	-0	-0	-0	-0	-0	-0	-0	-0	-0
0.000507915913141063	-0.0539638320327798	-0	-0.0328366970902623	-0	0.00311870232466628	-0.000395443432407403	-0.0136852828749554	-0.10376685189472	-0.00538211351188931	0.0660397525671179	-0.00472294198862579	-0.0136414931835412
0	-0	-0	-0	-0	-0	-0	-0	-0	-0	-0	-0	-0
0	-0	-0	-0	-0	-0	-0	-0	-0	-0	-0	-0	-0
0	-0	-0	-0	-0	-0	-0	-0	-0	-0	-0	-0	-0
0	-0	-0	-0	-0	-0	-0	-0	-0	-0	-0	-0	-0
0	-0	-0	-0	-0	-0	-0	-0	-0	-0	-0	-0	-0
0	-0	-0	-0	-0	-0	-0	-0	-0	-0	-0	-0	-0
0	-0	-0	-0	-0	-0	-0	-0	-0	-0	-0	-0	-0
0	-0	-0	-0	-0	-0	-0	-0	-0	-0	-0	-0	-0
0.00725002619548635	-0	-0	-0	-0.7794596677002	-0	-0	-0	-0	-0	-0	-0	-0
0	-0	-0	-0	-0	-0	-0	-0	-0	-0	-0	-0	-0
0	-0	-0	-0	-0	-0	-0	-0	-0	-0	-0	-0	-0
0	-0	-0	-0	-0	-0	-0	-0	-0	-0	-0	-0	-0
0	-0	-0	-0	-0	-0	-0	-0	-0	-0	-0	-0	-0
0	-0	-0	-0	-0	-0	-0	-0	-0	-0	-0	-0	-0
0	-0	-0	-0	-0	-0	-0	-0	-0	-0	-0	-0	-0
0	-0	-0	-0	-0	-0	-0	-0	-0	-0	-0	-0	-0
0	-0	-0	-0	-0	-0	-0	-0	-0	-0	-0	-0	-0
0	-0	-0	-0	-0	-0	-0	-0	-0	-0	-0	-0	-0
0	-0	-0	-0	-0	-0	-0	-0	-0	-0	-0	-0	-0
0	-0	-0	-0	-0	-0	-0	-0	-0	-0	-0	-0	-0
0	-0	-0	-0	-0	-0	-0	-0	-0	-0	-0	-0	-0
0	-0	-0	-0	-0	-0	-0	-0	-0	-0	-0	-0	-0
0	-0	-0	-0	-0	-0	-0	-0	-0	-0	-0	-0	-0
0	-0	-0	-0	-0	-0	-0	-0	-0	-0	-0	-0	-0
0	-0	-0	-0	-0	-0	-0	-0	-0	-0	-0	-0	-0
0	-0	-0	-0	-0	-0	-0	-0	-0	-0	-0	-0	-0
0	-0	-0	-0	-0	-0	-0	-0	-0	-0	-0	-0	-0
0	-0	-0	-0	-0	-0	-0	-0	-0	-0	-0	-0	-0
0	-0	-0	-0	-0	-0	-0	-0	-0	-0	-0	-0	-0
0	-0	-0	-0	-0	-0	-0	-0	-0	-0	-0	-0	-0
0	-0	-0	-0	-0	-0	-0	-0	-0	-0	-0	-0	-0
0	-0	-0	-0	-0	-0	-0	-0	-0	-0	-0	-0	-0
0	-0	-0	-0	-0	-0	-0	-0	-0	-0	-0	-0	-0
0	-0	-0	-0	-0	-0	-0	-0	-0	-0	-0	-0	-0
0	-0	-0	-0	-0	-0	-0	-0	-0	-0	-0	-0	-0
0	-0	-0	-0	-0	-0	-0	-0	-0	-0	-0	-0	-0
0	-0	-0	-0	-0	-0	-0	-0	-0	-0	-0	-0	-0
0	-0	-0	-0	-0	-0	-0	-0	-0	-0	-0	-0	-0
0	-0	-0	-0	-0	-0	-0	-0	-0	-0	-0	-0	-0
0	-0	-0	-0	-0	-0	-0	-0	-0	-0	-0	-0	-0
0	-0	-0	-0	-0	-0	-0	-0	-0	-0	-0	-0	-0
0	-0	-0	-0	-0	-0	-0	-0	-0	-0	-0	-0	-0
0	-0	-0	-0	-0	-0	-0	-0	-0	-0	-0	-0	-0
0	-0	-0	-0	-0	-0	-0	-0	-0	-0	-0	-0	-0
0	-0	-0	-0	-0	-0	-0	-0	-0	-0	-0	-0	-0
0	-0	-0	-0	-0	-0	-0	-0	-0	-0	-0	-0	-0
0	-0	-0	-0	-0	-0	-0	-0	-0	-0	-0	-0	-0
0	-0	-0	-0	-0	-0	-0	-0	-0	-0	-0	-0	-0
0	-0	-0	-0	-0	-0	-0	-0	-0	-0	-0	-0	-0
0	-0	-0	-0	-0	-0	-0	-0	-0	-0	-0	-0	-0
0	-0	-0	-0	-0	-0	-0	-0	-0	-0	-0	-0	-0
0	-0	-0	-0	-0	-0	-0	-0	-0	-0	-0	-0	-0
0	-0	-0	-0	-0	-0	-0	-0	-0	-0	-0	-0	-0
0	-0	-0	-0	-0	-0	-0	-0	-0	-0	-0	-0	-0
0	-0	-0	-0	-0	-0	-0	-0	-0	-0	-0	-0	-0
0	-0	-0	-0	-0	-0	-0	-0	-0	-0	-0	-0	-0
0	-0	-0	-0	-0	-0	-0	-0	-0	-0	-0	-0	-0
0	-0	-0	-0	-0	-0	-0	-0	-0	-0	-0	-0	-0
0	-0	-0	-0	-0	-0	-0	-0	-0	-0	-0	-0	-0
0	-0	-0	-0	-0	-0	-0	-0	-0	-0	-0	-0	-0
0	-0	-0	-0	-0	-0	-0	-0	-0	-0	-0	-0	-0
0	-0	-0	-0	-0	-0	-0	-0	-0	-0	-0	-0	-0
0	-0	-0	-0	-0	-0	-0	-0	-0	-0	-0	-0	-0
0	-0	-0	-0	-0	-0	-0	-0	-0	-0	-0	-0	-0
0	-0	-0	-0	-0	-0	-0	-0	-0	-0	-0	-0	-0
0	-0	-0	-0	-0	-0	-0	-0	-0	-0	-0	-0	-0
0	-0	-0	-0	-0	-0	-0	-0	-0	-0	-0	-0	-0
0	-0	-0	-0	-0	-0	-0	-0	-0	-0	-0	-0	-0
0	-0	-0	-0	-0	-0	-0	-0	-0	-0	-0	-0	-0
0	-0	-0	-0	-0	-0	-0	-0	-0	-0	-0	-0	-0
0	-0	-0	-0	-0	-0	-0	-0	-0	-0	-0	-0	-0
0	-0	-0	-0	-0	-0	-0	-0	-0	-0	-0	-0	-0
0	-0	-0	-0	-0	-0	-0	-0	-0	-0	-0	-0	-0
0	-0	-0	-0	-0	-0	-0	-0	-0	-0	-0	-0	-0
0	-0	-0	-0	-0	-0	-0	-0	-0	-0	-0	-0	-0
0	-0	-0	-0	-0	-0	-0	-0	-0	-0	-0	-0	-0
0	-0	-0	-0	-0	-0	-0	-0	-0	-0	-0	-0	-0
0	-0	-0	-0	-0	-0	-0	-0	-0	-0	-0	-0	-0
0	-0	-0	-0	-0	-0	-0	-0	-0	-0	-0	-0	-0
0	-0	-0	-0	-0	-0	-0	-0	-0	-0	-0	-0	-0
0	-0	-0	-0	-0	-0	-0	-0	-0	-0	-0	-0	-0
0	-0	-0	-0	-0	-0	-0	-0	-0	-0	-0	-0	-0
0	-0	-0	-0	-0	-0	-0	-0	-0	-0	-0	-0	-0
0	-0	-0	-0	-0	-0	-0	-0	-0	-0	-0	-0	-0
0	-0	-0	-0	-0	-0	-0	-0	-0	-0	-0	-0	-0
0	-0	-0	-0	-0	-0	-0	-0	-0	-0	-0	-0	-0
0	-0	-0	-0	-0	-0	-0	-0	-0	-0	-0	-0	-0
0	-0	-0	-0	-0	-0	-0	-0	-0	-0	-0	-0	-0
0	-0	-0	-0	-0	-0	-0	-0	-0	-0	-0	-0	-0
0	-0	-0	-0	-0	-0	-0	-0	-0	-0	-0	-0	-0
0	-0	-0	-0	-0	-0	-0	-0	-0	-0	-0	-0	-0
0	-0	-0	-0	-0	-0	-0	-0	-0	-0	-0	-0	-0
0	-0	-0	-0	-0	-0	-0	-0	-0	-0	-0	-0	-0
0	-0	-0	-0	-0	-0	-0	-0	-0	-0	-0	-0	-0
0	-0	-0	-0	-0	-0	-0	-0	-0	-0	-0	-0	-0
0	-0	-0	-0	-0	-0	-0	-0	-0	-0	-0	-0	-0
0	-0	-0	-0	-0	-0	-0	-0	-0	-0	-0	-0	-0
0	-0	-0	-0	-0	-0	-0	-0	-0	-0	-0	-0	-0
0	-0	-0	-0	-0	-0	-0	-0	-0	-0	-0	-0	-0
0	-0	-0	-0	-0	-0	-0	-0	-0	-0	-0	-0	-0
0	-0	-0	-0	-0	-0	-0	-0	-0	-0	-0	-0	-0
0	-0	-0	-0	-0	-0	-0	-0	-0	-0	-0	-0	-0
0	-0	-0	-0	-0	-0	-0	-0	-0	-0	-0	-0	-0
0	-0	-0	-0	-0	-0	-0	-0	-0	-0	-0	-0	-0
0	-0	-0	-0	-0	-0	-0	-0	-0	-0	-0	-0	-0
0	-0	-0	-0	-0	-0	-0	-0	-0	-0	-0	-0	-0
0	-0	-0	-0	-0	-0	-0	-0	-0	-0	-0	-0	-0
0	-0	-0	-0	-0	-0	-0	-0	-0	-0	-0	-0	-0
0	-0	-0	-0	-0	-0	-0	-0	-0	-0	-0	-0	-0
0	-0	-0	-0	-0	-0	-0	-0	-0	-0	-0	-0	-0
0	-0	-0	-0	-0	-0	-0	-0	-0	-0	-0	-0	-0
0	-0	-0	-0	-0	-0	-0	-0	-0	-0	-0	-0	-0
0	-0	-0	-0	-0	-0	-0	-0	-0	-0	-0	-0	-0
0	-0	-0	-0	-0	-0	-0	-0	-0	-0	-0	-0	-0
0	-0	-0	-0	-0	-0	-0	-0	-0	-0	-0	-0	-0
0	-0	-0	-0	-0	-0	-0	-0	-0	-0	-0	-0	-0
0	-0	-0	-0	-0	-0	-0	-0	-0	-0	-0	-0	-0
0	-0	-0	-0	-0	-0	-0	-0	-0	-0	-0	-0	-0
0	-0	-0	-0	-0	-0	-0	-0	-0	-0	-0	-0	-0
0	-0	-0	-0	-0	-0	-0	-0	-0	-0	-0	-0	-0
0	-0	-0	-0	-0	-0	-0	-0	-0	-0	-0	-0	-0
0	-0	-0	-0	-0	-0	-0	-0	-0	-0	-0	-0	-0
0	-0	-0	-0	-0	-0	-0	-0	-0	-0	-0	-0	-0
0	-0	-0	-0	-0	-0	-0	-0	-0	-0	-0	-0	-0
0	-0	-0	-0	-0	-0	-0	-0	-0	-0	-0	-0	-0
0	-0	-0	-0	-0	-0	-0	-0	-0	-0	-0	-0	-0
0	-0	-0	-0	-0	-0	-0	-0	-0	-0	-0	-0	-0
0	-0	-0	-0	-0	-0	-0	-0	-0	-0	-0	-0	-0
0	-0	-0	-0	-0	-0	-0	-0	-0	-0	-0	-0	-0
0	-0	-0	-0	-0	-0	-0	-0	-0	-0	-0	-0	-0
0	-0	-0	-0	-0	-0	-0	-0	-0	-0	-0	-0	-0
0	-0	-0	-0	-0	-0	-0	-0	-0	-0	-0	-0	-0
0	-0	-0	-0	-0	-0	-0	-0	-0	-0	-0	-0	-0
0	-0	-0	-0	-0	-0	-0	-0	-0	-0	-0	-0	-0
0	-0	-0	-0	-0	-0	-0	-0	-0	-0	-0	-0	-0
0	-0	-0	-0	-0	-0	-0	-0	-0	-0	-0	-0	-0
0	-0	-0	-0	-0	-0	-0	-0	-0	-0	-0	-0	-0
0	-0	-0	-0	-0	-0	-0	-0	-0	-0	-0	-0	-0
0	-0	-0	-0	-0	-0	-0	-0	-0	-0	-0	-0	-0
0	-0	-0	-0	-0	-0	-0	-0	-0	-0	-0	-0	-0
0	-0	-0	-0	-0	-0	-0	-0	-0	-0	-0	-0	-0
0	-0	-0	-0	-0	-0	-0	-0	-0	-0	-0	-0	-0
0.00137389147309766	-0	-0	-0	-0	-0	-0	-0	-0	-0	-0	-0	-0
0.00582685236528424	-0	-0	-0	-0.626452413538885	-0	-0	-0	-0	-0	-0	-0	-0
0	-0	-0	-0	-0	-0	-0	-0	-0	-0	-0	-0	-0
0	-0	-0	-0	-0	-0	-0	-0	-0	-0	-0	-0	-0
0	-0	-0	-0	-0	-0	-0	-0	-0	-0	-0	-0	-0
0	-0	-0	-0	-0	-0	-0	-0	-0	-0	-0	-0	-0
0	-0	-0	-0	-0	-0	-0	-0	-0	-0	-0	-0	-0
0	-0	-0	-0	-0	-0	-0	-0	-0	-0	-0	-0	-0
0	-0	-0	-0	-0	-0	-0	-0	-0	-0	-0	-0	-0
0	-0	-0	-0	-0	-0	-0	-0	-0	-0	-0	-0	-0
0	-0	-0	-0	-0	-0	-0	-0	-0	-0	-0	-0	-0
0	-0	-0	-0	-0	-0	-0	-0	-0	-0	-0	-0	-0
0	-0	-0	-0	-0	-0	-0	-0	-0	-0	-0	-0	-0
0	-0	-0	-0	-0	-0	-0	-0	-0	-0	-0	-0	-0
0	-0	-0	-0	-0	-0	-0	-0	-0	-0	-0	-0	-0
0	-0	-0	-0	-0	-0	-0	-0	-0	-0	-0	-0	-0
0	-0	-0	-0	-0	-0	-0	-0	-0	-0	-0	-0	-0
0	-0	-0	-0	-0	-0	-0	-0	-0	-0	-0	-0	-0
0	-0	-0	-0	-0	-0	-0	-0	-0	-0	-0	-0	-0
0	-0	-0	-0	-0	-0	-0	-0	-0	-0	-0	-0	-0
0	-0	-0	-0	-0	-0	-0	-0	-0	-0	-0	-0	-0
0	-0	-0	-0	-0	-0	-0	-0	-0	-0	-0	-0	-0
0	-0	-0	-0	-0	-0	-0	-0	-0	-0	-0	-0	-0
0	-0	-0	-0	-0	-0	-0	-0	-0	-0	-0	-0	-0
0	-0	-0	-0	-0	-0	-0	-0	-0	-0	-0	-0	-0
0	-0	-0	-0	-0	-0	-0	-0	-0	-0	-0	-0	-0
0	-0	-0	-0	-0	-0	-0	-0	-0	-0	-0	-0	-0
0	-0	-0	-0	-0	-0	-0	-0	-0	-0	-0	-0	-0
0	-0	-0	-0	-0	-0	-0	-0	-0	-0	-0	-0	-0
0	-0	-0	-0	-0	-0	-0	-0	-0	-0	-0	-0	-0
0	-0	-0	-0	-0	-0	-0	-0	-0	-0	-0	-0	-0
0	-0	-0	-0	-0	-0	-0	-0	-0	-0	-0	-0	-0
0	-0	-0	-0	-0	-0	-0	-0	-0	-0	-0	-0	-0
0	-0	-0	-0	-0	-0	-0	-0	-0	-0	-0	-0	-0
0	-0	-0	-0	-0	-0	-0	-0	-0	-0	-0	-0	-0
0	-0	-0	-0	-0	-0	-0	-0	-0	-0	-0	-0	-0
0	-0	-0	-0	-0	-0	-0	-0	-0	-0	-0	-0	-0
0	-0	-0	-0	-0	-0	-0	-0	-0	-0	-0	-0	-0
0	-0	-0	-0	-0	-0	-0	-0	-0	-0	-0	-0	-0
0	-0	-0	-0	-0	-0	-0	-0	-0	-0	-0	-0	-0
0	-0	-0	-0	-0	-0	-0	-0	-0	-0	-0	-0	-0
0	-0	-0	-0	-0	-0	-0	-0	-0	-0	-0	-0	-0
0	-0	-0	-0	-0	-0	-0	-0	-0	-0	-0	-0	-0
0	-0	-0	-0	-0	-0	-0	-0	-0	-0	-0	-0	-0
0	-0	-0	-0	-0	-0	-0	-0	-0	-0	-0	-0	-0
0	-0	-0	-0	-0	-0	-0	-0	-0	-0	-0	-0	-0
0	-0	-0	-0	-0	-0	-0	-0	-0	-0	-0	-0	-0
0	-0	-0	-0	-0	-0	-0	-0	-0	-0	-0	-0	-0
0	-0	-0	-0	-0	-0	-0	-0	-0	-0	-0	-0	-0
0	-0	-0	-0	-0	-0	-0	-0	-0	-0	-0	-0	-0
0	-0	-0	-0	-0	-0	-0	-0	-0	-0	-0	-0	-0
0	-0	-0	-0	-0	-0	-0	-0	-0	-0	-0	-0	-0
0	-0	-0	-0	-0	-0	-0	-0	-0	-0	-0	-0	-0
0	-0	-0	-0	-0	-0	-0	-0	-0	-0	-0	-0	-0
0.000809088080763519	-0	-0	-0	-0	-0	-0	-0	-0	-0	-0	-0	-0
0	-0	-0	-0	-0	-0	-0	-0	-0	-0	-0	-0	-0
0	-0	-0	-0	-0	-0	-0	-0	-0	-0	-0	-0	-0
0	-0	-0	-0	-0	-0	-0	-0	-0	-0	-0	-0	-0
0	-0	-0	-0	-0	-0	-0	-0	-0	-0	-0	-0	-0
0.0129293195819723	-0	-0	-0	-0	-0	-0	-0	-0	-0	-0	-0	-0
0	-0	-0	-0	-0	-0	-0	-0	-0	-0	-0	-0	-0
0	-0	-0	-0	-0	-0	-0	-0	-0	-0	-0	-0	-0
0	-0	-0	-0	-0	-0	-0	-0	-0	-0	-0	-0	-0
0	-0	-0	-0	-0	-0	-0	-0	-0	-0	-0	-0	-0
0	-0	-0	-0	-0	-0	-0	-0	-0	-0	-0	-0	-0
0	-0	-0	-0	-0	-0	-0	-0	-0	-0	-0	-0	-0
0	-0	-0	-0	-0	-0	-0	-0	-0	-0	-0	-0	-0
0	-0	-0	-0	-0	-0	-0	-0	-0	-0	-0	-0	-0
0	-0	-0	-0	-0	-0	-0	-0	-0	-0	-0	-0	-0
0	-0	-0	-0	-0	-0	-0	-0	-0	-0	-0	-0	-0
0	-0	-0	-0	-0	-0	-0	-0	-0	-0	-0	-0	-0
0	-0	-0	-0	-0	-0	-0	-0	-0	-0	-0	-0	-0
0	-0	-0	-0	-0	-0	-0	-0	-0	-0	-0	-0	-0
0	-0	-0	-0	-0	-0	-0	-0	-0	-0	-0	-0	-0
0	-0	-0	-0	-0	-0	-0	-0	-0	-0	-0	-0	-0
0	-0	-0	-0	-0	-0	-0	-0	-0	-0	-0	-0	-0
0	-0	-0	-0	-0	-0	-0	-0	-0	-0	-0	-0	-0
0	-0	-0	-0	-0	-0	-0	-0	-0	-0	-0	-0	-0
0	-0	-0	-0	-0	-0	-0	-0	-0	-0	-0	-0	-0
0	-0	-0	-0	-0	-0	-0	-0	-0	-0	-0	-0	-0
0	-0	-0	-0	-0	-0	-0	-0	-0	-0	-0	-0	-0
0	-0	-0	-0	-0	-0	-0	-0	-0	-0	-0	-0	-0
0	-0	-0	-0	-0	-0	-0	-0	-0	-0	-0	-0	-0
0	-0	-0	-0	-0	-0	-0	-0	-0	-0	-0	-0	-0
0	-0	-0	-0	-0	-0	-0	-0	-0	-0	-0	-0	-0
0	-0	-0	-0	-0	-0	-0	-0	-0	-0	-0	-0	-0
0	-0	-0	-0	-0	-0	-0	-0	-0	-0	-0	-0	-0
0	-0	-0	-0	-0	-0	-0	-0	-0	-0	-0	-0	-0
0	-0	-0	-0	-0	-0	-0	-0	-0	-0	-0	-0	-0
0	-0	-0	-0	-0	-0	-0	-0	-0	-0	-0	-0	-0
0	-0	-0	-0	-0	-0	-0	-0	-0	-0	-0	-0	-0
0	-0	-0	-0	-0	-0	-0	-0	-0	-0	-0	-0	-0
0	-0	-0	-0	-0	-0	-0	-0	-0	-0	-0	-0	-0
0	-0	-0	-0	-0	-0	-0	-0	-0	-0	-0	-0	-0
0	-0	-0	-0	-0	-0	-0	-0	-0	-0	-0	-0	-0
0	-0	-0	-0	-0	-0	-0	-0	-0	-0	-0	-0	-0
0	-0	-0	-0	-0	-0	-0	-0	-0	-0	-0	-0	-0
0	-0	-0	-0	-0	-0	-0	-0	-0	-0	-0	-0	-0
0	-0	-0	-0	-0	-0	-0	-0	-0	-0	-0	-0	-0
0	-0	-0	-0	-0	-0	-0	-0	-0	-0	-0	-0	-0
0	-0	-0	-0	-0	-0	-0	-0	-0	-0	-0	-0	-0
0	-0	-0	-0	-0	-0	-0	-0	-0	-0	-0	-0	-0
0	-0	-0	-0	-0	-0	-0	-0	-0	-0	-0	-0	-0
0	-0	-0	-0	-0	-0	-0	-0	-0	-0	-0	-0	-0
0	-0	-0	-0	-0	-0	-0	-0	-0	-0	-0	-0	-0
0	-0	-0	-0	-0	-0	-0	-0	-0	-0	-0	-0	-0
0	-0	-0	-0	-0	-0	-0	-0	-0	-0	-0	-0	-0
0.017449688593329	-0	-1	-0	-0	-0	-0	-0	-0	-0	-0	-0	-0
0	-0	-0	-0	-0	-0	-0	-0	-0	-0	-0	-0	-0
0	-0	-0	-0	-0	-0	-0	-0	-0	-0	-0	-0	-0
0	-0	-0	-0	-0	-0	-0	-0	-0	-0	-0	-0	-0
0	-0	-0	-0	-0	-0	-0	-0	-0	-0	-0	-0	-0
0	-0	-0	-0	-0	-0	-0	-0	-0	-0	-0	-0	-0
0	-0	-0	-0	-0	-0	-0	-0	-0	-0	-0	-0	-0
0	-0	-0	-0	-0	-0	-0	-0	-0	-0	-0	-0	-0
0	-0	-0	-0	-0	-0	-0	-0	-0	-0	-0	-0	-0
0	-0	-0	-0	-0	-0	-0	-0	-0	-0	-0	-0	-0
0	-0	-0	-0	-0	-0	-0	-0	-0	-0	-0	-0	-0
0	-0	-0	-0	-0	-0	-0	-0	-0	-0	-0	-0	-0
0	-0	-0	-0	-0	-0	-0	-0	-0	-0	-0	-0	-0
0	-0	-0	-0	-0	-0	-0	-0	-0	-0	-0	-0	-0
0	-0	-0	-0	-0	-0	-0	-0	-0	-0	-0	-0	-0
0	-0	-0	-0	-0	-0	-0	-0	-0	-0	-0	-0	-0
0	-0	-0	-0	-0	-0	-0	-0	-0	-0	-0	-0	-0
0.00220209968758258	-0.233963407299501	-0	-0.142365455645066	-0	0.0135213196458832	-0.00171446854970258	-0.00497045488257764	-0.0802121200496044	-0.00679319074545027	0.0551119876215708	-0.00944289381334563	0.0441129291326196
0	-0	-0	-0	-0	-0	-0	-0	-0	-0	-0	-0	-0
0	-0	-0	-0	-0	-0	-0	-0	-0	-0	-0	-0	-0
0	-0	-0	-0	-0	-0	-0	-0	-0	-0	-0	-0	-0
0	-0	-0	-0	-0	-0	-0	-0	-0	-0	-0	-0	-0
0	-0	-0	-0	-0	-0	-0	-0	-0	-0	-0	-0	-0
0	-0	-0	-0	-0	-0	-0	-0	-0	-0	-0	-0	-0
0	-0	-0	-0	-0	-0	-0	-0	-0	-0	-0	-0	-0
0	-0	-0	-0	-0	-0	-0	-0	-0	-0	-0	-0	-0
0	-0	-0	-0	-0	-0	-0	-0	-0	-0	-0	-0	-0
0	-0	-0	-0	-0	-0	-0	-0	-0	-0	-0	-0	-0
0	-0	-0	-0	-0	-0	-0	-0	-0	-0	-0	-0	-0
0	-0	-0	-0	-0	-0	-0	-0	-0	-0	-0	-0	-0
0	-0	-0	-0	-0	-0	-0	-0	-0	-0	-0	-0	-0
0	-0	-0	-0	-0	-0	-0	-0	-0	-0	-0	-0	-0
0	-0	-0	-0	-0	-0	-0	-0	-0	-0	-0	-0	-0
0	-0	-0	-0	-0	-0	-0	-0	-0	-0	-0	-0	-0
0	-0	-0	-0	-0	-0	-0	-0	-0	-0	-0	-0	-0
0	-0	-0	-0	-0	-0	-0	-0	-0	-0	-0	-0	-0
0	-0	-0	-0	-0	-0	-0	-0	-0	-0	-0	-0	-0
0.0170606621436023	-0	-0	-0	-0	-0	-0	-0	-0	-0	-0	-0	-0
0	-0	-0	-0	-0	-0	-0	-0	-0	-0	-0	-0	-0
0	-0	-0	-0	-0	-0	-0	-0	-0	-0	-0	-0	-0
0	-0	-0	-0	-0	-0	-0	-0	-0	-0	-0	-0	-0
0	-0	-0	-0	-0	-0	-0	-0	-0	-0	-0	-0	-0
0	-0	-0	-0	-0	-0	-0	-0	-0	-0	-0	-0	-0
0	-0	-0	-0	-0	-0	-0	-0	-0	-0	-0	-0	-0
0	-0	-0	-0	-0	-0	-0	-0	-0	-0	-0	-0	-0
0	-0	-0	-0	-0	-0	-0	-0	-0	-0	-0	-0	-0
0	-0	-0	-0	-0	-0	-0	-0	-0	-0	-0	-0	-0
0	-0	-0	-0	-0	-0	-0	-0	-0	-0	-0	-0	-0
0	-0	-0	-0	-0	-0	-0	-0	-0	-0	-0	-0	-0
0	-0	-0	-0	-0	-0	-0	-0	-0	-0	-0	-0	-0
0	-0	-0	-0	-0	-0	-0	-0	-0	-0	-0	-0	-0
0	-0	-0	-0	-0	-0	-0	-0	-0	-0	-0	-0	-0
0	-0	-0	-0	-0	-0	-0	-0	-0	-0	-0	-0	-0
0	-0	-0	-0	-0	-0	-0	-0	-0	-0	-0	-0	-0
0	-0	-0	-0	-0	-0	-0	-0	-0	-0	-0	-0	-0
0	-0	-0	-0	-0	-0	-0	-0	-0	-0	-0	-0	-0
0	-0	-0	-0	-0	-0	-0	-0	-0	-0	-0	-0	-0
0	-0	-0	-0	-0	-0	-0	-0	-0	-0	-0	-0	-0
0	-0	-0	-0	-0	-0	-0	-0	-0	-0	-0	-0	-0
0	-0	-0	-0	-0	-0	-0	-0	-0	-0	-0	-0	-0
0	-0	-0	-0	-0	-0	-0	-0	-0	-0	-0	-0	-0
0	-0	-0	-0	-0	-0	-0	-0	-0	-0	-0	-0	-0
0	-0	-0	-0	-0	-0	-0	-0	-0	-0	-0	-0	-0
0	-0	-0	-0	-0	-0	-0	-0	-0	-0	-0	-0	-0
0	-0	-0	-0	-0	-0	-0	-0	-0	-0	-0	-0	-0
0	-0	-0	-0	-0	-0	-0	-0	-0	-0	-0	-0	-0
0	-0	-0	-0	-0	-0	-0	-0	-0	-0	-0	-0	-0
0	-0	-0	-0	-0	-0	-0	-0	-0	-0	-0	-0	-0
0	-0	-0	-0	-0	-0	-0	-0	-0	-0	-0	-0	-0
0	-0	-0	-0	-0	-0	-0	-0	-0	-0	-0	-0	-0
0	-0	-0	-0	-0	-0	-0	-0	-0	-0	-0	-0	-0
0	-0	-0	-0	-0	-0	-0	-0	-0	-0	-0	-0	-0
0	-0	-0	-0	-0	-0	-0	-0	-0	-0	-0	-0	-0
0	-0	-0	-0	-0	-0	-0	-0	-0	-0	-0	-0	-0
0	-0	-0	-0	-0	-0	-0	-0	-0	-0	-0	-0	-0
0	-0	-0	-0	-0	-0	-0	-0	-0	-0	-0	-0	-0
0	-0	-0	-0	-0	-0	-0	-0	-0	-0	-0	-0	-0
0	-0	-0	-0	-0	-0	-0	-0	-0	-0	-0	-0	-0
0	-0	-0	-0	-0	-0	-0	-0	-0	-0	-0	-0	-0
0	-0	-0	-0	-0	-0	-0	-0	-0	-0	-0	-0	-0
0	-0	-0	-0	-0	-0	-0	-0	-0	-0	-0	-0	-0
0	-0	-0	-0	-0	-0	-0	-0	-0	-0	-0	-0	-0
0	-0	-0	-0	-0	-0	-0	-0	-0	-0	-0	-0	-0
0	-0	-0	-0	-0	-0	-0	-0	-0	-0	-0	-0	-0
0	-0	-0	-0	-0	-0	-0	-0	-0	-0	-0	-0	-0
0	-0	-0	-0	-0	-0	-0	-0	-0	-0	-0	-0	-0
0	-0	-0	-0	-0	-0	-0	-0	-0	-0	-0	-0	-0
0	-0	-0	-0	-0	-0	-0	-0	-0	-0	-0	-0	-0
0	-0	-0	-0	-0	-0	-0	-0	-0	-0	-0	-0	-0
0	-0	-0	-0	-0	-0	-0	-0	-0	-0	-0	-0	-0
0	-0	-0	-0	-0	-0	-0	-0	-0	-0	-0	-0	-0
0	-0	-0	-0	-0	-0	-0	-0	-0	-0	-0	-0	-0
0	-0	-0	-0	-0	-0	-0	-0	-0	-0	-0	-0	-0
0	-0	-0	-0	-0	-0	-0	-0	-0	-0	-0	-0	-0
0	-0	-0	-0	-0	-0	-0	-0	-0	-0	-0	-0	-0
0	-0	-0	-0	-0	-0	-0	-0	-0	-0	-0	-0	-0
0	-0	-0	-0	-0	-0	-0	-0	-0	-0	-0	-0	-0
0	-0	-0	-0	-0	-0	-0	-0	-0	-0	-0	-0	-0
0	-0	-0	-0	-0	-0	-0	-0	-0	-0	-0	-0	-0
0	-0	-0	-0	-0	-0	-0	-0	-0	-0	-0	-0	-0
0	-0	-0	-0	-0	-0	-0	-0	-0	-0	-0	-0	-0
0	-0	-0	-0	-0	-0	-0	-0	-0	-0	-0	-0	-0
0	-0	-0	-0	-0	-0	-0	-0	-0	-0	-0	-0	-0
0	-0	-0	-0	-0	-0	-0	-0	-0	-0	-0	-0	-0
0	-0	-0	-0	-0	-0	-0	-0	-0	-0	-0	-0	-0
0	-0	-0	-0	-0	-0	-0	-0	-0	-0	-0	-0	-0
0	-0	-0	-0	-0	-0	-0	-0	-0	-0	-0	-0	-0
0	-0	-0	-0	-0	-0	-0	-0	-0	-0	-0	-0	-0
0	-0	-0	-0	-0	-0	-0	-0	-0	-0	-0	-0	-0
0	-0	-0	-0	-0	-0	-0	-0	-0	-0	-0	-0	-0
0	-0	-0	-0	-0	-0	-0	-0	-0	-0	-0	-0	-0
0	-0	-0	-0	-0	-0	-0	-0	-0	-0	-0	-0	-0
0	-0	-0	-0	-0	-0	-0	-0	-0	-0	-0	-0	-0
0	-0	-0	-0	-0	-0	-0	-0	-0	-0	-0	-0	-0
0	-0	-0	-0	-0	-0	-0	-0	-0	-0	-0	-0	-0
0	-0	-0	-0	-0	-0	-0	-0	-0	-0	-0	-0	-0
0	-0	-0	-0	-0	-0	-0	-0	-0	-0	-0	-0	-0
0	-0	-0	-0	-0	-0	-0	-0	-0	-0	-0	-0	-0
