bad volumes, zero indexed (FSL style)
1163
1389
1390
1391
1392
1393
1412
1413
1414
1415
1416
1417
1433
1435
1436
1437
1438
1439
1754
1770
1774
1775
1776
1777
1778
1786
1792
1793
1794
1795
1796
1816
1820
1821
1822
1823
1824
1893
1894
1896
1897
1898
1899
1969
1972
1973
1974
1975
1976
1991
1995
1997
1998
1999
2000
2156
2159
2160
2161
2162
2175
2177
2178
2179
2180
2203
2204
2205
2206
2207
2208
2209
2210
2297
2298
2300
2301
2302
2303
2304
2305
2310
2311
2312
2327
2328
2329
2331
2332
2334
2335
2336
2337
2360
2361
2362
2363
2364
2365
2401
2402
2403
2404
2405
2432
2433
2434
2435
2436
2437
2438
2453
2454
2455
2456
2457
2458
2459
