-0.934723
-0.925602
-0.886308
-0.887028
-0.895973
-0.89937
-0.91289
-0.922654
-0.926763
-0.930165
-0.91939
-0.895166
-0.901627
-0.908917
-0.903943
-0.903442
-0.912399
-0.900221
-0.899147
-0.911592
-0.921928
-0.884665
-0.921717
-0.918421
-0.920018
-0.871934
-0.879092
-0.888601
-0.880837
-0.891918
-0.918936
-0.92929
-0.926236
-0.916244
-0.922967
-0.905316
-0.919819
-0.898148
-0.893252
-0.833963
-0.851327
-0.902343
-0.910097
-0.927924
-0.905235
-0.900102
-0.911319
-0.923893
-0.927496
-0.909761
-0.90401
-0.9025
-0.878246
-0.890981
-0.919227
-0.918954
-0.909375
-0.89823
-0.891038
-0.914279
-0.932256
-0.905013
-0.899623
-0.938533
-0.927671
-0.934209
-0.908309
-0.904017
-0.906161
-0.896132
-0.914433
-0.928427
-0.925876
-0.933117
-0.92157
-0.914796
-0.904407
-0.909801
-0.913268
-0.906022
-0.906855
-0.924121
-0.934743
-0.937217
-0.941658
-0.941589
-0.895285
-0.920137
-0.9378
-0.93909
-0.914932
-0.932469
-0.937489
-0.939248
-0.921555
-0.926204
-0.913766
-0.901124
-0.834497
-0.86105
-0.921348
-0.924171
-0.925248
-0.915563
-0.927372
-0.934552
-0.932023
-0.925689
-0.927416
-0.932068
-0.914735
-0.879065
-0.870795
-0.906459
-0.93272
-0.918657
-0.926145
-0.92513
-0.889615
-0.89765
-0.923464
-0.934372
-0.907569
-0.934019
-0.91703
-0.921818
-0.922721
-0.929266
-0.932583
-0.93321
-0.902769
-0.929168
-0.904633
-0.899882
-0.894406
-0.871548
-0.886466
-0.915373
-0.937294
-0.941265
-0.9291
-0.929235
-0.887556
-0.911999
-0.920474
-0.931691
-0.932147
-0.934193
-0.903575
-0.893983
-0.884884
-0.845885
-0.853969
-0.915308
-0.923902
-0.909446
-0.90943
-0.903658
-0.884522
-0.891653
-0.912998
-0.914938
-0.910029
-0.919707
-0.886758
-0.930351
-0.93239
-0.935428
-0.922581
-0.9298
-0.934975
-0.926229
-0.935187
-0.905484
-0.928897
-0.92502
-0.922126
-0.908229
-0.934796
-0.934695
-0.941265
-0.942049
-0.932588
-0.933471
-0.920646
-0.909176
-0.910394
-0.909964
-0.92374
-0.935286
-0.940016
-0.924336
-0.922488
-0.940004
-0.927098
-0.912526
-0.911305
-0.926164
-0.92051
-0.937107
-0.934904
-0.91533
-0.922328
-0.916884
-0.91611
-0.911707
-0.911851
-0.924044
-0.920953
-0.930513
-0.928849
-0.911635
-0.920673
-0.918359
-0.90551
-0.918235
-0.912757
-0.925005
-0.929632
-0.930127
-0.901359
-0.930554
-0.929212
-0.918419
-0.919041
-0.928256
-0.918861
-0.932367
-0.910152
-0.935037
-0.927509
-0.918865
-0.914704
-0.926266
-0.920351
-0.881776
-0.923067
-0.917045
-0.930432
-0.934363
-0.912488
-0.918832
-0.912929
-0.932298
-0.936586
-0.941717
-0.92264
-0.932458
-0.91672
-0.928078
-0.900518
-0.902041
-0.926969
-0.934546
-0.934873
-0.936085
-0.933311
-0.904802
-0.902346
-0.928901
-0.933778
-0.937274
-0.938768
-0.938804
-0.909452
-0.91484
-0.893249
-0.906321
-0.902009
-0.901614
-0.926365
-0.942529
-0.913339
-0.923603
-0.922285
-0.937457
-0.940644
-0.939329
-0.913835
-0.92729
-0.935029
-0.93257
-0.92439
-0.919264
-0.932286
-0.939296
-0.937714
-0.938691
-0.931769
-0.933077
-0.885687
-0.854026
-0.870395
-0.926453
-0.935599
-0.923799
-0.935492
-0.933798
-0.938956
-0.93964
-0.936203
-0.901982
-0.922501
-0.93813
-0.940792
-0.940251
-0.936666
-0.936866
-0.937604
-0.939113
-0.930016
-0.913117
-0.932948
-0.932887
-0.932722
-0.926521
-0.925345
-0.903573
-0.929325
-0.935252
-0.938012
-0.929692
-0.936362
-0.938076
-0.937496
-0.935906
-0.934561
-0.93686
-0.938111
-0.935453
-0.927209
-0.920456
-0.908599
-0.930264
-0.926121
-0.911529
-0.924332
-0.914535
-0.913741
-0.926333
-0.93325
-0.93189
-0.935708
-0.937417
-0.937166
-0.938831
-0.930262
-0.93301
-0.931129
-0.931892
-0.926184
-0.926575
-0.929406
-0.935688
-0.938399
-0.922305
-0.930677
-0.920331
-0.937577
-0.940115
-0.937551
-0.937114
-0.932465
-0.939098
-0.93885
-0.94052
-0.940527
-0.940439
-0.898763
-0.895609
-0.925195
-0.927988
-0.938537
-0.938804
-0.917207
-0.923311
-0.890682
-0.92689
-0.937455
-0.938066
-0.935058
-0.922447
-0.89215
-0.877315
-0.917652
-0.931337
-0.935806
-0.927403
-0.928755
-0.934861
-0.933213
-0.925246
-0.924583
-0.930566
-0.92017
-0.927529
-0.913466
-0.928128
-0.932786
-0.923427
-0.920183
-0.931919
-0.939331
-0.936635
-0.937915
-0.938073
-0.938179
-0.923864
-0.940041
-0.943626
-0.943014
-0.940841
-0.940715
-0.942536
-0.939325
-0.904281
-0.929914
-0.933476
-0.924552
-0.894422
-0.90819
-0.914413
-0.906089
-0.919034
-0.924146
-0.917317
-0.902652
-0.899774
-0.920039
-0.930386
-0.935054
-0.931344
-0.926451
-0.914534
-0.925891
-0.922757
-0.915747
-0.932252
-0.936779
-0.937402
-0.935171
-0.925609
-0.914177
-0.934538
-0.935953
-0.939113
-0.926433
-0.901118
-0.921721
-0.91505
-0.924397
-0.917837
-0.91841
-0.935371
-0.935287
-0.935308
-0.934626
-0.932003
-0.935106
-0.940056
-0.940708
-0.917602
-0.900629
-0.931161
-0.92906
-0.927119
-0.926472
-0.93381
-0.934573
-0.935614
-0.926867
-0.931816
-0.929585
-0.901569
-0.931687
-0.930488
-0.900897
-0.935492
-0.937359
-0.928123
-0.932943
-0.936845
-0.939257
-0.9408
-0.942339
-0.932563
-0.928466
-0.931127
-0.909015
-0.868003
-0.867939
-0.923413
-0.93058
-0.921501
-0.923874
-0.914005
-0.921829
-0.932199
-0.921991
-0.908794
-0.91674
-0.915652
-0.926378
-0.902795
-0.870641
-0.91029
-0.934366
-0.928367
-0.929738
-0.923369
-0.922559
-0.927761
-0.925097
-0.899235
-0.932779
-0.934282
-0.929613
-0.925508
-0.922027
-0.92392
-0.926657
-0.931356
-0.933171
-0.895939
-0.928412
-0.933473
-0.932438
-0.937595
-0.935297
-0.936389
-0.936604
-0.936968
-0.937473
-0.936344
-0.936326
-0.934444
-0.935904
-0.933152
-0.885171
-0.918292
-0.930688
-0.934297
-0.935665
-0.936714
-0.938048
-0.937826
-0.936181
-0.943186
-0.943097
-0.942474
-0.942514
-0.941814
-0.941517
-0.941232
-0.941067
-0.941774
-0.942753
-0.943608
-0.941269
-0.940794
-0.914965
-0.910236
-0.917926
-0.91429
-0.929725
-0.927617
-0.9278
-0.926785
-0.924428
-0.924939
-0.923685
-0.925611
-0.92478
-0.924576
-0.900831
-0.92277
-0.933195
-0.932072
-0.930877
-0.923401
-0.9315
-0.933828
-0.929885
-0.934027
-0.930246
-0.92939
-0.928609
-0.928911
-0.927851
-0.921968
-0.935093
-0.93445
-0.933492
-0.935565
-0.935713
-0.918923
-0.919402
-0.922294
-0.91897
-0.910478
-0.906249
-0.918263
-0.933517
-0.932147
-0.932833
-0.930009
-0.921683
-0.906203
-0.915676
-0.919968
-0.920751
-0.926917
-0.926852
-0.930227
-0.930978
-0.931854
-0.932387
-0.933453
-0.93275
-0.9334
-0.932892
-0.932687
-0.933436
-0.933152
-0.919408
-0.936979
-0.939958
-0.932589
-0.931516
-0.934955
-0.934067
-0.933843
-0.932181
-0.930726
-0.930672
-0.931311
-0.898856
-0.913142
-0.892285
-0.906779
-0.899411
-0.896954
-0.897269
-0.91603
-0.914811
-0.875961
-0.88175
-0.918668
-0.928948
-0.92568
-0.926202
-0.930113
-0.911508
-0.920835
-0.915608
-0.905479
-0.919959
-0.926457
-0.917263
-0.913951
-0.913556
-0.908236
-0.919575
-0.922534
-0.929095
-0.936011
-0.93969
-0.93935
-0.913217
-0.892655
-0.926857
-0.932934
-0.934532
-0.935949
-0.895638
-0.921499
-0.915303
-0.913824
-0.900182
-0.917166
-0.934697
-0.939439
-0.931339
-0.928205
-0.923992
-0.919533
-0.91761
-0.92383
-0.937694
-0.93723
-0.935468
-0.884279
-0.909232
-0.928686
-0.938608
-0.938686
-0.935333
-0.935211
-0.931654
-0.934917
-0.917518
-0.91893
-0.896479
-0.888727
-0.932251
-0.928529
-0.92876
-0.935007
-0.931097
-0.931473
-0.93195
-0.933421
-0.932982
-0.935543
-0.931185
-0.931777
-0.931219
-0.931543
-0.932038
-0.897785
-0.851958
-0.846826
-0.903139
-0.928344
-0.919014
-0.921881
-0.917845
-0.916729
-0.919701
-0.921459
-0.913884
-0.914745
-0.910782
-0.903085
-0.900042
-0.881713
-0.92113
-0.922266
-0.900194
-0.919506
-0.890521
-0.934733
-0.931409
-0.930818
-0.92975
-0.93055
-0.930322
-0.931517
-0.933002
-0.930947
-0.928758
-0.932827
-0.928184
-0.931433
-0.932165
-0.931093
-0.932163
-0.931556
-0.926553
-0.929732
-0.9292
-0.93271
-0.929811
-0.931834
-0.931947
-0.933119
-0.931992
-0.930055
-0.933985
-0.932175
-0.931754
-0.933413
-0.932683
-0.931741
-0.932503
-0.9338
-0.934049
-0.932591
-0.930672
-0.93192
-0.931108
-0.933841
-0.932965
-0.931221
-0.931828
-0.929935
-0.930542
-0.929792
-0.92778
-0.931442
-0.931267
-0.934093
-0.93343
-0.933519
-0.932998
-0.932437
-0.932546
-0.933469
-0.932601
-0.932218
-0.935143
-0.933322
-0.933425
-0.934449
-0.933391
-0.933163
-0.934283
-0.933965
-0.934813
-0.933233
-0.934991
-0.93279
-0.933233
-0.93447
-0.934003
-0.934502
-0.932636
-0.932423
-0.932099
-0.930846
-0.933985
-0.932758
-0.930298
-0.932916
-0.931991
-0.9308
-0.933025
-0.931734
-0.931516
-0.93039
-0.931364
-0.930894
-0.931893
-0.930365
-0.930291
-0.932397
-0.931713
-0.930838
-0.930683
-0.931673
-0.931995
-0.932048
-0.931342
-0.931428
-0.931387
-0.931085
-0.931135
-0.929626
-0.92915
-0.929732
-0.930238
-0.929699
-0.931065
-0.93142
-0.928831
-0.928791
-0.931763
-0.93052
-0.929908
-0.929928
-0.930356
-0.929159
-0.928849
-0.927844
-0.930363
-0.931075
-0.929426
-0.927942
-0.92642
-0.927039
-0.928183
-0.928821
-0.92859
-0.929409
-0.931072
-0.930583
-0.929112
-0.92918
-0.929026
-0.928838
-0.930081
-0.929421
-0.929615
-0.927893
-0.929448
-0.93033
-0.930275
-0.930784
-0.929765
-0.929379
-0.929588
-0.93108
-0.93
-0.928433
-0.92904
-0.928828
-0.928231
-0.927627
-0.92723
-0.92694
-0.926847
-0.927346
-0.927614
-0.928604
-0.926708
-0.926681
-0.928216
-0.928674
-0.927178
-0.926659
-0.92687
-0.92685
-0.927003
-0.925642
-0.925753
-0.925917
-0.925341
-0.925538
-0.922623
-0.922682
-0.921825
-0.9241
-0.924238
-0.928018
-0.929984
-0.925974
-0.929536
-0.926654
-0.929004
-0.926647
-0.929249
-0.929226
-0.929957
-0.929039
-0.928076
-0.930359
-0.92987
-0.929385
-0.929744
-0.928749
-0.929728
-0.930499
-0.930582
-0.930962
-0.928309
-0.930417
-0.93028
-0.928863
-0.930588
-0.931421
-0.931977
-0.930285
-0.929749
-0.929976
-0.931195
-0.93104
-0.931064
-0.931545
-0.930185
-0.931696
-0.931271
-0.932952
-0.930754
-0.928316
-0.927291
-0.928921
-0.929009
-0.926816
-0.924522
-0.926029
-0.924892
-0.924105
-0.92554
-0.9232
-0.922128
-0.923045
-0.926125
-0.926758
-0.924223
-0.928008
-0.925703
-0.926613
-0.928192
-0.927864
-0.924733
-0.931049
-0.930949
-0.927497
-0.929503
-0.928293
-0.929131
-0.928065
-0.929789
-0.931297
-0.929026
-0.931023
-0.932173
-0.931045
-0.929881
-0.931924
-0.931837
-0.930794
-0.931513
-0.929872
-0.929265
-0.926244
-0.929802
-0.927847
-0.927552
-0.927176
-0.92944
-0.928244
-0.928277
-0.929561
-0.928794
-0.930813
-0.930489
-0.930678
-0.926831
-0.929457
-0.929368
-0.93041
-0.929615
-0.92913
-0.929847
-0.932371
-0.929633
-0.929444
-0.927196
-0.926626
-0.925459
-0.929011
-0.930103
-0.929837
-0.930467
-0.930579
-0.929003
-0.929087
-0.930127
-0.929709
-0.928372
-0.927354
-0.927143
-0.931558
-0.931476
-0.918409
-0.890855
-0.921611
-0.910887
-0.905915
-0.908289
-0.873445
-0.871815
-0.901631
-0.915165
-0.870986
-0.85744
-0.869654
-0.875384
-0.880466
-0.879162
-0.871552
-0.877712
-0.864759
-0.851392
-0.85418
-0.869297
-0.857769
-0.85223
-0.873065
-0.890364
-0.889296
-0.834819
-0.873042
-0.861927
-0.881477
-0.921871
-0.924944
-0.927546
-0.920518
-0.922446
-0.923835
-0.922218
-0.923921
-0.920181
-0.927855
-0.927109
-0.927095
-0.919355
-0.924977
-0.927716
-0.925407
-0.929212
-0.926628
-0.928576
-0.928174
-0.928932
-0.926276
-0.92585
-0.925551
-0.92986
-0.926122
-0.928408
-0.926801
-0.924348
-0.926007
-0.926235
-0.92891
-0.924445
-0.927894
-0.927602
-0.928743
-0.928024
-0.927429
-0.927711
-0.926071
-0.927257
-0.927298
-0.926159
-0.926758
-0.928074
-0.928652
-0.927302
-0.927198
-0.927382
-0.928667
-0.922482
-0.91941
-0.892155
-0.914325
-0.907757
-0.89046
-0.892504
-0.915679
-0.913519
-0.893703
-0.898164
-0.914477
-0.92274
-0.91948
-0.922699
-0.919225
-0.902351
-0.910379
-0.917295
-0.918139
-0.925103
-0.920519
-0.926572
-0.923277
-0.926509
-0.926461
-0.925718
-0.927259
-0.923952
-0.925151
-0.890743
-0.860625
-0.90106
-0.897839
-0.91759
-0.903389
-0.828059
-0.795218
-0.866605
-0.920849
-0.918822
-0.919596
-0.922286
-0.917649
-0.918058
-0.921133
-0.921157
-0.920286
-0.916765
-0.919264
-0.921938
-0.920133
-0.922103
-0.921284
-0.921449
-0.925623
-0.924692
-0.924612
-0.925769
-0.926373
-0.925675
-0.921443
-0.925621
-0.923256
-0.924893
-0.922481
-0.922521
-0.921597
-0.927782
-0.927624
-0.923197
-0.924734
-0.926989
-0.924925
-0.927433
-0.926721
-0.924072
-0.924046
-0.925751
-0.926866
-0.927454
-0.924021
-0.92245
-0.92724
-0.930349
-0.929801
-0.930566
-0.927958
-0.92473
-0.923093
-0.92301
-0.93082
-0.927041
-0.925577
-0.930413
-0.928954
-0.927971
-0.92817
-0.928226
-0.927345
-0.928569
-0.930451
-0.930424
-0.930287
-0.930135
-0.926781
-0.928356
-0.929564
-0.926637
-0.927751
-0.927715
-0.925312
-0.929797
-0.926983
-0.928459
-0.927829
-0.929718
-0.927079
-0.92934
-0.92772
-0.928561
-0.926428
-0.926972
-0.927749
-0.927432
-0.926914
-0.926363
-0.92684
-0.928075
-0.929647
-0.926458
-0.923609
-0.923311
-0.921835
-0.92744
-0.926183
-0.928314
-0.927905
-0.928165
-0.927842
-0.9286
-0.927733
-0.925689
-0.926057
-0.92509
-0.927334
-0.927735
-0.925584
-0.925762
-0.927673
-0.92798
-0.925614
-0.924792
-0.92189
-0.923009
-0.923412
-0.925184
-0.928016
-0.927869
-0.927835
-0.928984
-0.929918
-0.929671
-0.927645
-0.92726
-0.930055
-0.928305
-0.928904
-0.929792
-0.929373
-0.930339
-0.931509
-0.930956
-0.929678
-0.928557
-0.925985
-0.930119
-0.929032
-0.929404
-0.930098
-0.929004
-0.930516
-0.927903
-0.927965
-0.930737
-0.930105
-0.927344
-0.928242
-0.926108
-0.92924
-0.924398
-0.92661
-0.92741
-0.92783
-0.926894
-0.92875
-0.928778
-0.929974
-0.928132
-0.929151
-0.930175
-0.930327
-0.929068
-0.929932
-0.93061
-0.928899
-0.930901
-0.927391
-0.92986
-0.927593
-0.926323
-0.927822
-0.92565
-0.928469
-0.92834
-0.92795
-0.928834
-0.927596
-0.930306
-0.928328
-0.927779
-0.928004
-0.92821
-0.92905
-0.928684
-0.92882
-0.927335
-0.928862
-0.92639
-0.926545
-0.928962
-0.926806
-0.926884
-0.928617
-0.925746
-0.929066
-0.900587
-0.864813
-0.884698
-0.904717
-0.870844
-0.893024
-0.910229
-0.890862
-0.901177
-0.898168
-0.893115
-0.902183
-0.905319
-0.885601
-0.896037
-0.887745
-0.882624
-0.864476
-0.852572
-0.835986
-0.852406
-0.831015
-0.885928
-0.896585
-0.897319
-0.882827
-0.835571
-0.740147
-0.663644
-0.677963
-0.702896
-0.72883
-0.840478
-0.872479
-0.869622
-0.872019
-0.870268
-0.869373
-0.89425
-0.905313
-0.917681
-0.912554
-0.916391
-0.912636
-0.8763
-0.820709
-0.841034
-0.89405
-0.906657
-0.863019
-0.790257
-0.713169
-0.729467
-0.713665
-0.711251
-0.731689
-0.898538
-0.905496
-0.907814
-0.911242
-0.914139
-0.914326
-0.914634
-0.910189
-0.906842
-0.80665
-0.8395
-0.863607
-0.861088
-0.866366
-0.860643
-0.795961
-0.887498
-0.75852
-0.672893
-0.614986
-0.573673
-0.774562
-0.884752
-0.896739
-0.888485
-0.880345
-0.894057
-0.88911
-0.892447
-0.894921
-0.895145
-0.89812
-0.899325
-0.899275
-0.901483
-0.899754
-0.894692
-0.891954
-0.898394
-0.898911
-0.892588
-0.894634
-0.892886
-0.893422
-0.893364
-0.896111
-0.899384
-0.894659
-0.897759
-0.898673
-0.895584
-0.897872
-0.897327
-0.898738
-0.892047
-0.8785
-0.887895
-0.893396
-0.890017
-0.894233
-0.899007
-0.904157
-0.900668
-0.902371
-0.900292
-0.899491
-0.904742
-0.902913
-0.9031
-0.896544
-0.902745
-0.901122
-0.903678
-0.903113
-0.905452
-0.905943
-0.907673
-0.901555
-0.903596
-0.90483
-0.901658
-0.902672
-0.890967
-0.885366
-0.892477
-0.89732
-0.898555
-0.899321
-0.900619
-0.899963
-0.902008
-0.901827
-0.900716
-0.902643
-0.902984
-0.901527
-0.904028
-0.904267
-0.904517
-0.902974
-0.902708
-0.902038
-0.896979
-0.898599
-0.900284
-0.903237
-0.904328
-0.905193
-0.903309
-0.901933
-0.903799
-0.904156
-0.901967
-0.897245
-0.901203
-0.898713
-0.901262
-0.900673
-0.901587
-0.902952
-0.897468
-0.900371
-0.898876
-0.901899
-0.898354
-0.90126
-0.900519
-0.902547
-0.900179
-0.89996
-0.902673
-0.901147
-0.899538
-0.902187
-0.901536
-0.899248
-0.898765
-0.898949
-0.900814
-0.902315
-0.901802
-0.901648
-0.900522
-0.90254
-0.899066
-0.902528
-0.901747
-0.899879
-0.901349
-0.901919
-0.902445
-0.901866
-0.900478
-0.899494
-0.899105
-0.901567
-0.898054
-0.899392
-0.901124
-0.900903
-0.902598
-0.90226
-0.901056
-0.9041
-0.902738
-0.901414
-0.902192
-0.900658
-0.900304
-0.899335
-0.898645
-0.897514
-0.89945
-0.897544
-0.897501
-0.896201
-0.897787
-0.896215
-0.899654
-0.897865
-0.896897
-0.902189
-0.899212
-0.899355
-0.901052
-0.903344
-0.899877
-0.898485
-0.8989
-0.898755
-0.900623
-0.900032
-0.898048
-0.900915
-0.898588
-0.899864
-0.901191
-0.900322
-0.9003
-0.901493
-0.89905
-0.900888
-0.900295
-0.901031
-0.902606
-0.903232
-0.900463
-0.902999
-0.899956
-0.898864
-0.898132
-0.902813
-0.898301
-0.900527
-0.901379
-0.905156
-0.907972
-0.904498
-0.901811
-0.907054
-0.899651
-0.897189
-0.895472
-0.89418
-0.897448
-0.899755
-0.898131
-0.897908
-0.899085
-0.898141
-0.89793
-0.89971
-0.896304
-0.900067
-0.901402
-0.898625
-0.901302
-0.901472
-0.90055
-0.898275
-0.901658
-0.900416
-0.903089
-0.902951
-0.902578
-0.906535
-0.902391
-0.903736
-0.903523
-0.904435
-0.903848
-0.901276
-0.900282
-0.899174
-0.899907
-0.901016
-0.901183
-0.900058
-0.901306
-0.904178
-0.902718
-0.904678
-0.910808
-0.911813
-0.906883
-0.907363
-0.90831
-0.907341
-0.905617
-0.90658
-0.909183
-0.908057
-0.907103
-0.907919
-0.909082
-0.909643
-0.907107
-0.905352
-0.906294
-0.906578
-0.906787
-0.904039
-0.905943
-0.906181
-0.904859
-0.906378
-0.906516
-0.905156
-0.904104
-0.904364
-0.902123
-0.903365
-0.901577
-0.902256
-0.902623
-0.907602
-0.907695
-0.905561
-0.908139
-0.911462
-0.912164
-0.907263
-0.903639
-0.906735
-0.908985
-0.908416
-0.905841
-0.904792
-0.904228
-0.908053
-0.906123
-0.908351
-0.907466
-0.908004
-0.909845
-0.908488
-0.904909
-0.907129
-0.906155
-0.903092
-0.902137
-0.903409
-0.899913
-0.902891
-0.902285
-0.906137
-0.901471
-0.900427
-0.901772
-0.908414
-0.902007
-0.838708
-0.867819
-0.841898
-0.851301
-0.851583
-0.789699
-0.829859
-0.836594
-0.847271
-0.842884
-0.821473
-0.80287
-0.802092
-0.83166
-0.848886
-0.837224
-0.816609
-0.815619
-0.832464
-0.861894
-0.818271
-0.791448
-0.862452
-0.899952
-0.875753
-0.753641
-0.685416
-0.689101
-0.631015
-0.690677
-0.872346
-0.908704
-0.915438
-0.91524
-0.923266
-0.917707
-0.833898
-0.761025
-0.835637
-0.856142
-0.864909
-0.889221
-0.857702
-0.750779
-0.708153
-0.691247
-0.677974
-0.680071
-0.813533
-0.905019
-0.92002
-0.923026
-0.925889
-0.926157
-0.925582
-0.924842
-0.923127
-0.926074
-0.925372
-0.923236
-0.92479
-0.925305
-0.923218
-0.919915
-0.917803
-0.914329
-0.818549
-0.778662
-0.801539
-0.860179
-0.878933
-0.745141
-0.695836
-0.643111
-0.532471
-0.760885
-0.88912
-0.912535
-0.92061
-0.922186
-0.922158
-0.923218
-0.921489
-0.923949
-0.92195
-0.919493
-0.922882
-0.923303
-0.922047
-0.922849
-0.918593
-0.921783
-0.92386
-0.923578
-0.919371
-0.917864
-0.919841
-0.917158
-0.917513
-0.915641
-0.920462
-0.917681
-0.916192
-0.914495
-0.916092
-0.917185
-0.915902
-0.914787
-0.914306
-0.91476
-0.917388
-0.915751
-0.913455
-0.912094
-0.916685
-0.90871
-0.910955
-0.907505
-0.909194
-0.913324
-0.907527
-0.907017
-0.910605
-0.907378
-0.909187
-0.903161
-0.904904
-0.903511
-0.901739
-0.900955
-0.908006
-0.907791
-0.90539
-0.906508
-0.903641
-0.905015
-0.904501
-0.913061
-0.906899
-0.906117
-0.902345
-0.902967
-0.856587
-0.802283
-0.792045
-0.788556
-0.805315
-0.740257
-0.705955
-0.613858
-0.642092
-0.843055
-0.897987
-0.905725
-0.902815
-0.908932
-0.910427
-0.907146
-0.91087
-0.910638
-0.908857
-0.912851
-0.912044
-0.915491
-0.913307
-0.909603
-0.910242
-0.9079
-0.908865
-0.912445
-0.912562
-0.908251
-0.911561
-0.913197
-0.911927
-0.915187
-0.919926
-0.912276
-0.919258
-0.921757
-0.92031
-0.918828
-0.9223
-0.922131
-0.919223
-0.920541
-0.918186
-0.919539
-0.921503
-0.921754
-0.922861
-0.923609
-0.921968
-0.921815
-0.911442
-0.916154
-0.916995
-0.919632
-0.919542
-0.921758
-0.91834
-0.921057
-0.922817
-0.918791
-0.917796
-0.922656
-0.926193
-0.923172
-0.919497
-0.826752
-0.845909
-0.85238
-0.840891
-0.836582
-0.847776
-0.850508
-0.841777
-0.840643
-0.835335
-0.810311
-0.79585
-0.796595
-0.802008
-0.759758
-0.672095
-0.58777
-0.658532
-0.748802
-0.904117
-0.921228
-0.925804
-0.929843
-0.931893
-0.934248
-0.93447
-0.93287
-0.935062
-0.93289
-0.933567
-0.935539
-0.934836
-0.823965
-0.783242
-0.829256
-0.841855
-0.81629
-0.770304
-0.825135
-0.707686
-0.680263
-0.606867
-0.612673
-0.864146
-0.90919
-0.917166
-0.919105
-0.921103
-0.921766
-0.923492
-0.922015
-0.922006
-0.924447
-0.921557
-0.922557
-0.921773
-0.923233
-0.922441
-0.921877
-0.920972
-0.920139
-0.921038
-0.92067
-0.915201
-0.922678
-0.916159
-0.917403
-0.919694
-0.916751
-0.915148
-0.913214
-0.918831
-0.916696
-0.913921
-0.908411
-0.914101
-0.91737
-0.9171
-0.9195
-0.916407
-0.917381
-0.917235
-0.917608
-0.916607
-0.9199
-0.916883
-0.917556
-0.919148
-0.919082
-0.91679
-0.917039
-0.918617
-0.916502
-0.914726
-0.918612
-0.917722
-0.915032
-0.920104
-0.918509
-0.918098
-0.916199
-0.917856
-0.916437
-0.917023
-0.91722
-0.91922
-0.915288
-0.915952
-0.916586
-0.918324
-0.920728
-0.919539
-0.919202
-0.918439
-0.916835
-0.919922
-0.919791
-0.919498
-0.921049
-0.915534
-0.915692
-0.917923
-0.919273
-0.914331
-0.913798
-0.917049
-0.914401
-0.916149
-0.913884
-0.913175
-0.916364
-0.914631
-0.914619
-0.91626
-0.916895
-0.917689
-0.9157
-0.916805
-0.916246
-0.918365
-0.916523
-0.917446
-0.917808
-0.916863
-0.916456
-0.866295
-0.872134
-0.885516
-0.885393
-0.886326
-0.888496
-0.892037
-0.892678
-0.885207
-0.87802
-0.879749
-0.886165
-0.90411
-0.902649
-0.891871
-0.899679
-0.902129
-0.90002
-0.901473
-0.906109
-0.912491
-0.911406
-0.913652
-0.910033
-0.894923
-0.886214
-0.895852
-0.907675
-0.910845
-0.911284
-0.900365
-0.899783
-0.903908
-0.905125
-0.895707
-0.852645
-0.871897
-0.866933
-0.875095
-0.875618
-0.873584
-0.875801
-0.876892
-0.873538
-0.818281
-0.816596
-0.820158
-0.850886
-0.857642
-0.833155
-0.84549
-0.838794
-0.843632
-0.774965
-0.80757
-0.841069
-0.709438
-0.678686
-0.64181
-0.675494
-0.816456
-0.854117
-0.874983
-0.875194
-0.877042
-0.883562
-0.892534
-0.905203
-0.91414
-0.899313
-0.902242
-0.893621
-0.746085
-0.820212
-0.698468
-0.664971
-0.639945
-0.737111
-0.888096
-0.896071
-0.902712
-0.909614
-0.9118
-0.917721
-0.921554
-0.914198
-0.900107
-0.896811
-0.91293
-0.921267
-0.920136
-0.904566
-0.887099
-0.871301
-0.864301
-0.872622
-0.866248
-0.890475
-0.905373
-0.886182
-0.730267
-0.751009
-0.776908
-0.795229
-0.732194
-0.687231
-0.572235
-0.725304
-0.863938
-0.899604
-0.906154
-0.903942
-0.910112
-0.919502
-0.908475
-0.893505
-0.894418
-0.893323
-0.901768
-0.925783
-0.922223
-0.928097
-0.929647
-0.925701
-0.926894
-0.923937
-0.915175
-0.897328
-0.917426
-0.923081
-0.921176
-0.919333
-0.914598
-0.916024
-0.919964
-0.918124
-0.923035
-0.912345
-0.912496
-0.913854
-0.913116
-0.913894
-0.913495
-0.912042
-0.903636
-0.899036
-0.92474
-0.91937
-0.916747
-0.915111
-0.916867
-0.927387
-0.916392
-0.921603
-0.916896
-0.917053
-0.896721
-0.889639
-0.894459
-0.90765
-0.922177
-0.925144
-0.919338
-0.923914
-0.924125
-0.924634
-0.921832
-0.911531
-0.915563
-0.908102
-0.917339
-0.921449
-0.920261
-0.91189
-0.903371
-0.909073
-0.914902
-0.913784
-0.913759
-0.928944
-0.919408
-0.918858
-0.910543
-0.903088
-0.902967
-0.911995
-0.855907
-0.855445
-0.873414
-0.862202
-0.866098
-0.842733
-0.818523
-0.822234
-0.784149
-0.795702
-0.837262
-0.754043
-0.794079
-0.71331
-0.703273
-0.66827
-0.764707
-0.875339
-0.889659
-0.881604
-0.798333
-0.779056
-0.791362
-0.763576
-0.836746
-0.858551
-0.835486
-0.809065
-0.840221
-0.851566
-0.834644
-0.892415
-0.904772
-0.894399
-0.90186
-0.897863
-0.891298
-0.870643
-0.759386
-0.791556
-0.764278
-0.841501
-0.785811
-0.778309
-0.824889
-0.705961
-0.670385
-0.687174
-0.708663
-0.841737
-0.891779
-0.902591
-0.919186
-0.920176
-0.918895
-0.919179
-0.912494
-0.907465
-0.913376
-0.912433
-0.914307
-0.914589
-0.912401
-0.912229
-0.911331
-0.912985
-0.915845
-0.913402
-0.904574
-0.917619
-0.921644
-0.736368
-0.759808
-0.710393
-0.65101
-0.635875
-0.647432
-0.80522
-0.896755
-0.902862
-0.903514
-0.908247
-0.912661
-0.914383
-0.914565
-0.910801
-0.909487
-0.908563
-0.911271
-0.916873
-0.9155
-0.911049
-0.911726
-0.918055
-0.915804
-0.912674
-0.91119
-0.907888
-0.912488
-0.912463
-0.913838
-0.911937
-0.913466
-0.913794
-0.912383
-0.914598
-0.909151
-0.909277
-0.910975
-0.812247
-0.863406
-0.832693
-0.739297
-0.676664
-0.599036
-0.734317
-0.691378
-0.851805
-0.871488
-0.873105
-0.894036
-0.873468
-0.855964
-0.85503
-0.857765
-0.895215
-0.899196
-0.895296
-0.891288
-0.900865
-0.893382
-0.899677
-0.904935
-0.90755
-0.914689
-0.910763
-0.91003
-0.898751
-0.900695
-0.89854
-0.895267
-0.891828
-0.897947
-0.787201
-0.724455
-0.783249
-0.754987
-0.661143
-0.564168
-0.751557
-0.845123
-0.897528
-0.874775
-0.846847
-0.868731
-0.865421
-0.868232
-0.868218
-0.866787
-0.870992
-0.865004
-0.853275
-0.823521
-0.837644
-0.736378
-0.725982
-0.783161
-0.755582
-0.655638
-0.56826
-0.769553
-0.890712
-0.902779
-0.905689
-0.909189
-0.912035
-0.916411
-0.921434
-0.927991
-0.92858
-0.928771
-0.928175
-0.927082
-0.928957
-0.929059
-0.928869
-0.928952
-0.929932
-0.9351
-0.934011
-0.932958
-0.929111
-0.931077
-0.933427
-0.930499
-0.931124
-0.93085
-0.928968
-0.930784
-0.935069
-0.934445
-0.932015
-0.928759
-0.931324
-0.93262
-0.933956
-0.932207
-0.934512
-0.932803
-0.933753
-0.928174
-0.929943
-0.932149
-0.932567
-0.930951
-0.92967
-0.931629
-0.932788
-0.931735
-0.933692
-0.935999
-0.933596
-0.928315
-0.930279
-0.933408
-0.928982
-0.93324
-0.931212
-0.934054
-0.935456
-0.934904
-0.933828
-0.934673
-0.933236
-0.933558
-0.934541
-0.931988
-0.934181
-0.933964
-0.935317
-0.936133
-0.934097
-0.934848
-0.93496
-0.934947
-0.933915
-0.935388
-0.935634
-0.935244
-0.933776
-0.933209
-0.935121
-0.935129
-0.933902
-0.933275
-0.934501
-0.931902
-0.932631
-0.933604
-0.936716
-0.935952
-0.935778
-0.933539
-0.933787
-0.928226
-0.935512
-0.935604
-0.932433
-0.932799
-0.931673
-0.930449
-0.929386
-0.931619
-0.93026
-0.930246
-0.932343
-0.929132
-0.92909
-0.928701
-0.927754
-0.925246
-0.924947
-0.929788
-0.930309
-0.92979
-0.929867
-0.929788
-0.928922
-0.92883
-0.928852
-0.928977
-0.926292
-0.930578
-0.924943
-0.929158
-0.931573
-0.928805
-0.929349
-0.932169
-0.931316
-0.930952
-0.924469
-0.925977
-0.92126
-0.930603
-0.932403
-0.933755
-0.932121
-0.930338
-0.933146
-0.93233
-0.933508
-0.930772
-0.933327
-0.930827
-0.934501
-0.93452
-0.934435
-0.932325
-0.93387
-0.931347
-0.932001
-0.931395
-0.929871
-0.931141
-0.927989
-0.929283
-0.934472
-0.93155
-0.931962
-0.932435
-0.933286
-0.930839
-0.930869
-0.934541
-0.932057
-0.863686
-0.847062
-0.851742
-0.84784
-0.840778
-0.858556
-0.876804
-0.868563
-0.882958
-0.888952
-0.913919
-0.90698
-0.901103
-0.896647
-0.900397
-0.906189
-0.90246
-0.900215
-0.900365
-0.901146
