-0.917824
-0.909012
-0.900826
-0.917954
-0.917391
-0.916364
-0.917114
-0.914307
-0.915098
-0.917637
-0.912137
-0.918326
-0.92042
-0.919067
-0.915673
-0.912146
-0.910137
-0.915112
-0.919026
-0.910778
-0.910837
-0.903231
-0.921545
-0.917337
-0.919177
-0.890712
-0.917648
-0.915237
-0.914121
-0.90446
-0.911893
-0.920608
-0.919283
-0.915231
-0.919758
-0.906474
-0.913083
-0.912214
-0.914406
-0.913754
-0.908354
-0.907278
-0.908943
-0.91555
-0.911807
-0.913512
-0.911817
-0.910139
-0.914855
-0.909674
-0.918002
-0.915755
-0.910687
-0.901907
-0.913496
-0.912008
-0.914157
-0.902407
-0.912786
-0.91162
-0.920542
-0.900212
-0.890367
-0.919588
-0.907516
-0.91947
-0.899283
-0.909034
-0.913588
-0.907774
-0.903301
-0.914595
-0.909304
-0.918659
-0.909689
-0.910282
-0.908788
-0.918861
-0.916949
-0.915569
-0.90938
-0.910885
-0.913241
-0.919547
-0.92197
-0.920799
-0.885309
-0.905393
-0.916746
-0.917138
-0.905166
-0.916697
-0.918608
-0.919038
-0.906401
-0.910183
-0.912861
-0.913576
-0.911392
-0.905905
-0.899947
-0.914316
-0.910068
-0.911843
-0.915668
-0.918344
-0.914761
-0.912648
-0.91317
-0.917663
-0.911413
-0.91292
-0.907818
-0.896432
-0.917879
-0.911502
-0.91332
-0.917752
-0.900885
-0.909102
-0.91483
-0.917228
-0.906006
-0.92009
-0.908534
-0.917318
-0.91734
-0.918738
-0.919038
-0.91914
-0.896436
-0.914599
-0.899505
-0.912561
-0.915427
-0.915369
-0.911012
-0.907542
-0.917845
-0.918954
-0.912648
-0.921577
-0.892116
-0.910906
-0.911779
-0.919522
-0.918227
-0.915833
-0.898881
-0.910572
-0.910731
-0.912947
-0.914616
-0.90911
-0.910738
-0.915547
-0.918978
-0.917525
-0.903941
-0.899695
-0.917532
-0.912876
-0.909891
-0.918672
-0.908292
-0.918625
-0.919781
-0.921555
-0.909642
-0.91665
-0.917861
-0.909822
-0.920343
-0.906283
-0.919529
-0.916763
-0.917562
-0.907708
-0.919824
-0.914995
-0.920116
-0.92176
-0.914238
-0.913574
-0.908484
-0.903303
-0.91562
-0.912734
-0.90668
-0.914223
-0.919548
-0.907389
-0.905021
-0.917964
-0.909975
-0.911909
-0.91131
-0.915729
-0.907341
-0.916261
-0.915015
-0.904181
-0.905234
-0.916411
-0.916677
-0.914188
-0.912936
-0.913559
-0.909694
-0.915712
-0.916277
-0.91367
-0.917371
-0.912998
-0.912225
-0.914369
-0.90935
-0.909774
-0.91681
-0.917034
-0.9027
-0.91304
-0.908506
-0.913047
-0.915457
-0.915059
-0.909356
-0.9176
-0.904805
-0.917743
-0.913169
-0.904843
-0.914688
-0.919495
-0.914464
-0.896019
-0.910745
-0.903921
-0.916359
-0.91527
-0.910716
-0.912211
-0.915179
-0.915665
-0.919035
-0.920041
-0.903554
-0.914673
-0.902897
-0.915706
-0.912095
-0.906057
-0.913553
-0.919188
-0.920188
-0.916772
-0.917624
-0.88919
-0.898272
-0.918999
-0.913952
-0.916969
-0.919747
-0.920194
-0.90098
-0.910163
-0.908723
-0.916396
-0.91469
-0.913228
-0.913421
-0.922199
-0.895519
-0.914656
-0.917992
-0.921002
-0.919442
-0.919603
-0.905908
-0.916566
-0.916676
-0.914059
-0.913278
-0.909859
-0.912182
-0.921917
-0.914219
-0.920385
-0.913853
-0.914201
-0.910716
-0.911675
-0.894439
-0.909994
-0.917913
-0.915214
-0.919955
-0.920137
-0.918959
-0.919607
-0.918251
-0.906322
-0.90457
-0.915584
-0.916604
-0.917597
-0.916716
-0.916944
-0.916832
-0.918689
-0.912382
-0.907756
-0.918903
-0.914284
-0.916831
-0.918449
-0.919732
-0.907414
-0.907188
-0.91171
-0.916222
-0.906705
-0.913441
-0.915986
-0.914415
-0.917649
-0.917313
-0.919224
-0.920784
-0.916409
-0.908646
-0.904848
-0.910714
-0.920044
-0.921689
-0.910245
-0.91558
-0.90906
-0.912961
-0.918382
-0.921734
-0.919439
-0.920932
-0.920227
-0.917423
-0.916919
-0.908428
-0.917057
-0.916684
-0.918846
-0.91208
-0.91252
-0.912631
-0.915915
-0.919412
-0.913655
-0.911697
-0.906325
-0.915343
-0.918773
-0.915769
-0.917354
-0.91335
-0.921566
-0.922855
-0.921735
-0.922399
-0.921586
-0.901856
-0.912928
-0.915332
-0.908892
-0.917704
-0.919139
-0.904113
-0.911056
-0.906455
-0.906604
-0.916001
-0.916368
-0.91693
-0.911452
-0.913899
-0.908848
-0.908567
-0.915392
-0.91494
-0.910794
-0.915673
-0.917994
-0.919564
-0.915798
-0.913908
-0.910611
-0.910617
-0.913463
-0.907709
-0.917186
-0.913405
-0.909127
-0.91526
-0.916562
-0.917034
-0.91662
-0.917162
-0.917543
-0.915174
-0.907539
-0.917998
-0.921711
-0.923022
-0.918423
-0.91781
-0.918013
-0.918262
-0.903651
-0.917378
-0.915583
-0.911123
-0.909193
-0.913727
-0.913087
-0.913141
-0.919446
-0.920188
-0.910483
-0.907255
-0.912202
-0.910258
-0.91625
-0.914901
-0.910171
-0.909074
-0.911519
-0.918733
-0.917926
-0.914912
-0.913575
-0.915752
-0.916988
-0.916301
-0.915726
-0.91353
-0.913199
-0.913262
-0.917474
-0.912332
-0.89791
-0.913896
-0.91291
-0.917779
-0.916622
-0.913236
-0.914947
-0.915107
-0.9173
-0.917702
-0.909813
-0.914529
-0.919668
-0.921089
-0.91526
-0.90351
-0.909763
-0.911808
-0.912226
-0.909925
-0.91415
-0.919066
-0.920015
-0.915578
-0.917257
-0.918089
-0.896723
-0.909676
-0.914751
-0.899351
-0.914715
-0.917341
-0.91242
-0.913457
-0.914881
-0.919169
-0.920358
-0.920097
-0.912699
-0.914543
-0.915975
-0.892476
-0.90311
-0.905419
-0.916202
-0.912905
-0.919459
-0.916295
-0.908371
-0.906779
-0.919502
-0.916032
-0.909676
-0.913946
-0.907354
-0.917659
-0.915889
-0.913691
-0.909042
-0.915208
-0.915381
-0.911506
-0.91251
-0.917729
-0.920873
-0.919839
-0.905271
-0.911367
-0.916633
-0.913919
-0.913743
-0.91551
-0.913194
-0.909873
-0.912772
-0.913796
-0.903632
-0.915801
-0.919611
-0.912667
-0.918621
-0.913944
-0.919386
-0.924352
-0.923823
-0.922231
-0.923299
-0.922257
-0.923191
-0.92376
-0.914721
-0.893115
-0.913505
-0.9216
-0.91933
-0.92191
-0.92203
-0.920573
-0.919802
-0.913112
-0.921889
-0.923925
-0.92393
-0.923382
-0.922106
-0.922426
-0.921853
-0.921656
-0.917842
-0.920326
-0.92255
-0.920311
-0.920369
-0.906722
-0.913581
-0.915911
-0.9116
-0.920225
-0.918115
-0.92041
-0.919227
-0.920158
-0.923119
-0.921246
-0.923385
-0.921904
-0.921913
-0.912199
-0.913295
-0.914501
-0.91747
-0.918595
-0.909134
-0.914038
-0.919932
-0.916325
-0.91939
-0.918627
-0.918451
-0.919578
-0.918012
-0.918166
-0.91166
-0.921254
-0.913076
-0.919503
-0.918264
-0.921362
-0.905584
-0.917497
-0.913977
-0.915605
-0.916344
-0.91622
-0.910935
-0.91738
-0.916216
-0.916323
-0.912824
-0.915784
-0.902919
-0.906906
-0.916108
-0.915807
-0.91001
-0.914757
-0.918536
-0.921932
-0.92145
-0.923044
-0.923164
-0.923104
-0.924756
-0.923882
-0.922725
-0.923767
-0.923515
-0.902748
-0.915571
-0.918673
-0.921282
-0.921778
-0.921652
-0.920695
-0.922346
-0.921148
-0.919525
-0.921468
-0.921141
-0.895374
-0.914457
-0.912775
-0.9129
-0.914576
-0.913907
-0.912452
-0.915062
-0.914756
-0.909249
-0.904146
-0.911135
-0.921109
-0.914877
-0.913756
-0.918441
-0.908236
-0.916425
-0.914594
-0.913589
-0.912061
-0.916881
-0.914272
-0.910616
-0.9166
-0.912689
-0.915831
-0.916361
-0.917103
-0.918918
-0.923512
-0.921632
-0.912854
-0.895714
-0.91273
-0.918643
-0.91898
-0.915254
-0.896332
-0.914119
-0.915505
-0.913103
-0.914498
-0.909337
-0.916902
-0.918845
-0.911876
-0.912906
-0.919465
-0.914374
-0.920537
-0.91629
-0.922092
-0.920363
-0.919934
-0.881327
-0.902856
-0.914148
-0.920225
-0.922725
-0.921491
-0.92147
-0.911685
-0.915856
-0.912049
-0.914778
-0.911989
-0.913042
-0.915588
-0.912606
-0.913299
-0.919145
-0.915892
-0.919581
-0.915316
-0.918964
-0.918781
-0.918162
-0.912525
-0.917531
-0.914164
-0.915146
-0.917098
-0.915203
-0.911868
-0.908664
-0.900171
-0.91759
-0.906607
-0.913616
-0.916462
-0.918161
-0.917156
-0.914356
-0.914268
-0.908312
-0.915861
-0.914731
-0.916859
-0.897228
-0.915255
-0.91687
-0.902566
-0.911328
-0.89705
-0.919164
-0.914503
-0.916516
-0.91643
-0.918495
-0.918135
-0.919208
-0.918169
-0.915363
-0.91474
-0.917311
-0.916952
-0.917621
-0.918111
-0.915984
-0.915615
-0.91692
-0.916228
-0.913875
-0.913713
-0.918577
-0.915385
-0.9175
-0.916026
-0.917279
-0.916356
-0.91451
-0.919447
-0.91712
-0.916946
-0.917604
-0.917904
-0.918274
-0.918457
-0.918505
-0.919165
-0.91699
-0.916423
-0.917168
-0.918038
-0.919092
-0.918054
-0.918521
-0.918097
-0.918587
-0.918156
-0.917121
-0.913217
-0.916116
-0.916824
-0.919226
-0.919101
-0.918747
-0.917783
-0.918249
-0.917617
-0.919702
-0.919059
-0.918062
-0.919383
-0.919467
-0.918508
-0.918036
-0.917364
-0.918188
-0.918043
-0.91874
-0.918615
-0.916553
-0.920045
-0.918134
-0.919812
-0.919236
-0.92016
-0.920502
-0.918144
-0.917481
-0.918634
-0.918586
-0.921121
-0.919608
-0.917929
-0.919378
-0.918854
-0.918387
-0.919246
-0.918528
-0.918024
-0.917531
-0.919323
-0.918417
-0.920776
-0.916361
-0.91839
-0.916937
-0.918654
-0.919051
-0.91759
-0.916412
-0.917785
-0.917858
-0.918608
-0.918335
-0.917426
-0.917519
-0.91662
-0.918154
-0.916548
-0.918714
-0.919185
-0.91859
-0.917555
-0.919462
-0.918462
-0.916612
-0.917616
-0.919656
-0.918741
-0.916558
-0.918864
-0.918741
-0.918597
-0.916911
-0.917889
-0.919537
-0.91832
-0.917775
-0.919537
-0.919702
-0.918626
-0.917801
-0.91766
-0.917864
-0.918377
-0.918275
-0.916806
-0.917413
-0.917583
-0.91855
-0.917777
-0.917901
-0.917423
-0.918226
-0.917635
-0.917815
-0.919487
-0.920097
-0.917624
-0.917327
-0.917973
-0.919161
-0.918194
-0.917775
-0.918561
-0.919253
-0.918707
-0.916956
-0.919267
-0.917765
-0.916279
-0.916176
-0.918005
-0.918239
-0.915495
-0.916797
-0.916502
-0.91786
-0.917625
-0.918641
-0.916798
-0.917564
-0.917574
-0.917133
-0.917001
-0.918248
-0.917353
-0.918833
-0.917821
-0.916079
-0.917057
-0.919177
-0.916564
-0.917312
-0.916591
-0.913194
-0.914086
-0.913196
-0.917018
-0.916235
-0.9152
-0.917044
-0.916611
-0.915172
-0.914124
-0.917113
-0.916323
-0.916502
-0.916795
-0.913871
-0.914608
-0.916886
-0.915993
-0.915319
-0.914205
-0.915993
-0.91558
-0.915756
-0.917345
-0.916949
-0.916172
-0.915715
-0.915861
-0.916775
-0.917203
-0.917954
-0.916004
-0.916062
-0.91403
-0.916618
-0.91602
-0.916877
-0.915912
-0.912777
-0.913156
-0.916601
-0.917708
-0.915376
-0.914795
-0.916717
-0.916659
-0.918651
-0.916555
-0.916161
-0.916533
-0.917773
-0.913021
-0.91306
-0.912324
-0.916671
-0.915595
-0.913074
-0.911843
-0.912153
-0.909291
-0.915329
-0.916192
-0.913269
-0.915307
-0.913199
-0.914138
-0.912343
-0.913789
-0.914675
-0.914905
-0.914991
-0.91578
-0.913287
-0.913243
-0.914263
-0.915406
-0.915287
-0.91367
-0.912702
-0.913896
-0.913943
-0.914887
-0.912162
-0.915469
-0.913258
-0.912711
-0.912812
-0.913661
-0.913675
-0.912513
-0.915095
-0.914012
-0.915787
-0.912629
-0.913314
-0.913573
-0.912687
-0.912097
-0.913585
-0.91215
-0.915799
-0.911105
-0.914471
-0.913109
-0.913127
-0.912713
-0.914352
-0.914699
-0.91197
-0.913995
-0.916077
-0.914877
-0.915602
-0.915461
-0.91647
-0.916205
-0.916283
-0.913113
-0.914191
-0.915415
-0.901766
-0.906744
-0.915711
-0.903706
-0.912748
-0.914503
-0.909771
-0.902385
-0.909657
-0.912516
-0.889157
-0.910086
-0.913922
-0.916213
-0.914759
-0.915289
-0.911385
-0.916159
-0.90701
-0.913113
-0.909994
-0.917393
-0.911933
-0.914618
-0.915943
-0.917841
-0.913548
-0.892081
-0.911471
-0.913193
-0.911061
-0.914719
-0.912021
-0.91486
-0.909571
-0.912751
-0.912037
-0.909182
-0.912272
-0.909767
-0.915878
-0.915342
-0.913574
-0.910828
-0.911277
-0.913486
-0.913087
-0.916391
-0.913671
-0.915316
-0.914953
-0.914164
-0.913099
-0.913595
-0.913845
-0.91525
-0.91389
-0.915066
-0.914413
-0.912669
-0.912872
-0.912919
-0.914136
-0.912224
-0.914757
-0.912534
-0.913698
-0.914364
-0.913556
-0.910282
-0.912387
-0.91415
-0.913896
-0.914961
-0.912424
-0.914137
-0.914211
-0.914375
-0.913658
-0.91293
-0.915559
-0.911293
-0.911472
-0.902557
-0.919542
-0.913763
-0.915382
-0.913564
-0.910277
-0.914941
-0.910829
-0.909051
-0.914211
-0.917295
-0.915128
-0.917466
-0.914088
-0.909458
-0.914778
-0.914952
-0.91231
-0.914269
-0.910598
-0.915243
-0.911189
-0.916646
-0.915345
-0.914796
-0.914536
-0.912804
-0.915946
-0.899841
-0.897669
-0.912868
-0.905818
-0.911863
-0.898568
-0.892139
-0.840809
-0.861676
-0.906666
-0.91194
-0.909925
-0.915739
-0.909901
-0.910904
-0.911722
-0.91375
-0.915193
-0.909837
-0.914267
-0.913688
-0.912747
-0.913193
-0.910044
-0.910786
-0.91179
-0.911483
-0.908672
-0.911978
-0.912766
-0.912303
-0.908327
-0.913462
-0.907945
-0.912635
-0.912957
-0.909286
-0.910735
-0.913102
-0.913951
-0.912598
-0.913134
-0.91455
-0.913627
-0.913279
-0.911739
-0.912359
-0.912553
-0.913234
-0.91189
-0.911558
-0.914074
-0.913002
-0.914205
-0.914176
-0.914206
-0.915653
-0.915145
-0.911569
-0.912996
-0.912334
-0.914353
-0.912231
-0.914253
-0.915455
-0.91417
-0.913489
-0.916645
-0.914032
-0.912063
-0.914891
-0.91513
-0.915853
-0.914039
-0.912922
-0.915511
-0.916151
-0.915263
-0.912599
-0.913707
-0.914727
-0.913774
-0.917003
-0.913697
-0.915614
-0.916403
-0.915379
-0.913898
-0.915015
-0.913556
-0.915532
-0.913938
-0.912901
-0.913416
-0.91465
-0.91349
-0.911271
-0.912732
-0.911241
-0.913919
-0.912841
-0.914131
-0.917106
-0.914167
-0.913838
-0.914039
-0.913244
-0.913801
-0.916548
-0.916975
-0.914184
-0.914946
-0.914118
-0.913448
-0.914623
-0.915523
-0.915096
-0.913614
-0.914399
-0.915418
-0.915361
-0.91705
-0.913572
-0.914543
-0.911327
-0.913418
-0.913339
-0.915959
-0.915141
-0.912348
-0.91439
-0.913839
-0.913347
-0.912162
-0.913434
-0.913949
-0.913859
-0.913042
-0.915022
-0.91437
-0.915171
-0.915373
-0.91397
-0.914066
-0.912599
-0.910812
-0.9152
-0.914986
-0.914079
-0.914634
-0.913796
-0.913405
-0.913415
-0.913966
-0.916317
-0.915428
-0.913415
-0.913039
-0.910587
-0.915295
-0.914789
-0.912113
-0.913998
-0.913338
-0.912057
-0.913884
-0.91303
-0.912929
-0.914824
-0.91485
-0.915904
-0.913362
-0.914109
-0.913809
-0.913718
-0.914206
-0.914438
-0.912464
-0.914848
-0.91201
-0.909045
-0.913784
-0.91166
-0.913857
-0.913717
-0.911939
-0.914363
-0.912416
-0.916022
-0.913876
-0.912222
-0.914654
-0.914568
-0.913799
-0.914008
-0.914522
-0.913242
-0.916567
-0.912452
-0.913784
-0.913853
-0.912832
-0.914133
-0.913376
-0.912091
-0.91514
-0.883353
-0.904501
-0.911467
-0.912267
-0.899742
-0.907519
-0.9175
-0.911032
-0.916301
-0.910069
-0.90929
-0.916372
-0.912421
-0.91018
-0.909388
-0.907508
-0.909205
-0.908831
-0.910505
-0.914065
-0.903186
-0.898261
-0.899306
-0.902487
-0.910309
-0.895438
-0.874822
-0.828503
-0.782432
-0.773055
-0.863386
-0.860835
-0.905523
-0.91491
-0.916068
-0.91546
-0.913304
-0.905199
-0.915204
-0.90946
-0.910324
-0.914257
-0.916547
-0.918659
-0.896522
-0.894093
-0.901066
-0.909169
-0.911107
-0.878702
-0.862631
-0.78086
-0.817931
-0.786438
-0.822604
-0.827115
-0.902583
-0.907936
-0.91686
-0.910869
-0.912282
-0.914821
-0.914865
-0.914461
-0.912688
-0.87876
-0.907183
-0.913053
-0.911029
-0.913558
-0.911899
-0.881446
-0.896423
-0.837549
-0.744163
-0.752305
-0.82134
-0.859771
-0.912104
-0.913842
-0.911916
-0.909655
-0.911059
-0.908684
-0.90983
-0.909174
-0.9085
-0.909691
-0.908574
-0.908993
-0.911405
-0.910857
-0.911844
-0.908429
-0.910115
-0.911576
-0.908105
-0.910961
-0.911525
-0.910309
-0.909428
-0.909555
-0.90997
-0.908723
-0.911832
-0.911328
-0.910089
-0.911315
-0.912684
-0.914094
-0.911082
-0.910555
-0.912771
-0.912811
-0.910576
-0.914685
-0.912379
-0.913096
-0.911674
-0.912974
-0.910739
-0.911914
-0.9143
-0.913624
-0.913
-0.906766
-0.911219
-0.907056
-0.910795
-0.91409
-0.913466
-0.913553
-0.912927
-0.912638
-0.914102
-0.915137
-0.912733
-0.913486
-0.910458
-0.91239
-0.912014
-0.912953
-0.913074
-0.912072
-0.914139
-0.912675
-0.913045
-0.914835
-0.913621
-0.913598
-0.913985
-0.912927
-0.915362
-0.913386
-0.913454
-0.912222
-0.912906
-0.913737
-0.911807
-0.912799
-0.914117
-0.913346
-0.913969
-0.913724
-0.913969
-0.911612
-0.914716
-0.915628
-0.914962
-0.910286
-0.913381
-0.911487
-0.914919
-0.91257
-0.912718
-0.915345
-0.911709
-0.913436
-0.912946
-0.912956
-0.911183
-0.911919
-0.912057
-0.914753
-0.911879
-0.912959
-0.914454
-0.91405
-0.91074
-0.914712
-0.912627
-0.911615
-0.911562
-0.911731
-0.913894
-0.913331
-0.913808
-0.912494
-0.912591
-0.914257
-0.910897
-0.913632
-0.913895
-0.91136
-0.912447
-0.913976
-0.914974
-0.912949
-0.914363
-0.912237
-0.911966
-0.914529
-0.913696
-0.913105
-0.913082
-0.910205
-0.91263
-0.912336
-0.91287
-0.914642
-0.913227
-0.913435
-0.913093
-0.911134
-0.915082
-0.912839
-0.91407
-0.914103
-0.915883
-0.913224
-0.913538
-0.911834
-0.912728
-0.911888
-0.913557
-0.913095
-0.911806
-0.914175
-0.913014
-0.911225
-0.9142
-0.915545
-0.913209
-0.910557
-0.913225
-0.912119
-0.914606
-0.912326
-0.912402
-0.913555
-0.910319
-0.911558
-0.913583
-0.911336
-0.913742
-0.914239
-0.911931
-0.911798
-0.910677
-0.911876
-0.913569
-0.914178
-0.912831
-0.914801
-0.914204
-0.913591
-0.912892
-0.911475
-0.910909
-0.911237
-0.908499
-0.910187
-0.913454
-0.911871
-0.910558
-0.914842
-0.909351
-0.910829
-0.912714
-0.911441
-0.911815
-0.910025
-0.911244
-0.910995
-0.910984
-0.908868
-0.90911
-0.913785
-0.909788
-0.913364
-0.912654
-0.909353
-0.913337
-0.91263
-0.911635
-0.910787
-0.911146
-0.911945
-0.912689
-0.911569
-0.91115
-0.913977
-0.909362
-0.911963
-0.911646
-0.910698
-0.912309
-0.911354
-0.912661
-0.912098
-0.912748
-0.911413
-0.911724
-0.911092
-0.912172
-0.913201
-0.911967
-0.911462
-0.912902
-0.913662
-0.91191
-0.912479
-0.912961
-0.911922
-0.910579
-0.912695
-0.913701
-0.912254
-0.910804
-0.912075
-0.911554
-0.91379
-0.910697
-0.909267
-0.912386
-0.911898
-0.912393
-0.909974
-0.912385
-0.912592
-0.912238
-0.913728
-0.912845
-0.913164
-0.912048
-0.913718
-0.912146
-0.914705
-0.911777
-0.913571
-0.91165
-0.912868
-0.912556
-0.910426
-0.911269
-0.909943
-0.912703
-0.912318
-0.910191
-0.911399
-0.912546
-0.910391
-0.909973
-0.910702
-0.908743
-0.910205
-0.912366
-0.911455
-0.911484
-0.91121
-0.912526
-0.909221
-0.91035
-0.910141
-0.91298
-0.911504
-0.911723
-0.909748
-0.908871
-0.912339
-0.91194
-0.913176
-0.910078
-0.909792
-0.909123
-0.909931
-0.901661
-0.89455
-0.910672
-0.907173
-0.908655
-0.910202
-0.885681
-0.897932
-0.910161
-0.91586
-0.915847
-0.901298
-0.908533
-0.908729
-0.910232
-0.914471
-0.912503
-0.910248
-0.908301
-0.905036
-0.912389
-0.906486
-0.894282
-0.900273
-0.910354
-0.892879
-0.822421
-0.791918
-0.794564
-0.835068
-0.790994
-0.877349
-0.906117
-0.911697
-0.909888
-0.912476
-0.908135
-0.83022
-0.880018
-0.89896
-0.900135
-0.889708
-0.898622
-0.876669
-0.827564
-0.784019
-0.805045
-0.831361
-0.856888
-0.861869
-0.902447
-0.912433
-0.913972
-0.912493
-0.913575
-0.912767
-0.910774
-0.913344
-0.91199
-0.910469
-0.908877
-0.910533
-0.911755
-0.909818
-0.909413
-0.909387
-0.90763
-0.8176
-0.898622
-0.902305
-0.884567
-0.891255
-0.839732
-0.775778
-0.838412
-0.823681
-0.809664
-0.891993
-0.907714
-0.911296
-0.908285
-0.909906
-0.912021
-0.909427
-0.91196
-0.909369
-0.910007
-0.908808
-0.913336
-0.91192
-0.914524
-0.905581
-0.90878
-0.912075
-0.911505
-0.907952
-0.906633
-0.912968
-0.91154
-0.913083
-0.909437
-0.910645
-0.909838
-0.912606
-0.910334
-0.913985
-0.912553
-0.910456
-0.910635
-0.910598
-0.910615
-0.912431
-0.908895
-0.907404
-0.906272
-0.909136
-0.907578
-0.912182
-0.907619
-0.909527
-0.911249
-0.909548
-0.908316
-0.909312
-0.909709
-0.910332
-0.907527
-0.910359
-0.908146
-0.910205
-0.908106
-0.907572
-0.908902
-0.909989
-0.910866
-0.910583
-0.910425
-0.909103
-0.902674
-0.908793
-0.910134
-0.908209
-0.908337
-0.864048
-0.886449
-0.905413
-0.909709
-0.88887
-0.827579
-0.805271
-0.836156
-0.831599
-0.88148
-0.908001
-0.912412
-0.910841
-0.914126
-0.912255
-0.912586
-0.912385
-0.91043
-0.910672
-0.91147
-0.910436
-0.913377
-0.911095
-0.909733
-0.910454
-0.910663
-0.912002
-0.913104
-0.911257
-0.908755
-0.909024
-0.908422
-0.908424
-0.910067
-0.912689
-0.907631
-0.912062
-0.911794
-0.912922
-0.910407
-0.912196
-0.911656
-0.909985
-0.911961
-0.910439
-0.913387
-0.915718
-0.910116
-0.913927
-0.914832
-0.912962
-0.912133
-0.908625
-0.912699
-0.912181
-0.910793
-0.910966
-0.913105
-0.911266
-0.912931
-0.912026
-0.913245
-0.910354
-0.910829
-0.914293
-0.912014
-0.908892
-0.876166
-0.912855
-0.913571
-0.910397
-0.90872
-0.91204
-0.910499
-0.909357
-0.915223
-0.912083
-0.908136
-0.904947
-0.906142
-0.88062
-0.851437
-0.777736
-0.847129
-0.811999
-0.827104
-0.903037
-0.910184
-0.913139
-0.912042
-0.910415
-0.910159
-0.910111
-0.912344
-0.913574
-0.910037
-0.913453
-0.911375
-0.911697
-0.825842
-0.903334
-0.908423
-0.90646
-0.88849
-0.904224
-0.880355
-0.796389
-0.789364
-0.796326
-0.769924
-0.884271
-0.906601
-0.912938
-0.91428
-0.914143
-0.914157
-0.913859
-0.913708
-0.910845
-0.913932
-0.911485
-0.91279
-0.91379
-0.913153
-0.912117
-0.911638
-0.911518
-0.910992
-0.912581
-0.911636
-0.908557
-0.913694
-0.91011
-0.911895
-0.91373
-0.914009
-0.91294
-0.912088
-0.912877
-0.911086
-0.911121
-0.910261
-0.91342
-0.911971
-0.912776
-0.91377
-0.911519
-0.91016
-0.910191
-0.908907
-0.910589
-0.911928
-0.908472
-0.911649
-0.911298
-0.910577
-0.912292
-0.91067
-0.914995
-0.913069
-0.908096
-0.912418
-0.91287
-0.906429
-0.914096
-0.911
-0.907435
-0.909861
-0.909913
-0.908697
-0.907956
-0.908498
-0.911621
-0.908572
-0.90698
-0.908861
-0.908274
-0.912126
-0.909642
-0.910187
-0.907847
-0.910568
-0.911795
-0.90994
-0.910014
-0.910625
-0.910023
-0.908823
-0.91142
-0.912519
-0.911808
-0.910325
-0.910926
-0.910388
-0.911483
-0.911283
-0.911757
-0.912315
-0.910553
-0.906985
-0.91155
-0.908445
-0.911126
-0.908433
-0.911034
-0.911201
-0.912271
-0.909056
-0.909495
-0.909451
-0.908733
-0.906808
-0.887876
-0.906399
-0.90901
-0.907908
-0.908
-0.904982
-0.908925
-0.910046
-0.90772
-0.906122
-0.903255
-0.903448
-0.91116
-0.912235
-0.908351
-0.910671
-0.909842
-0.908208
-0.909592
-0.909963
-0.909392
-0.908054
-0.911395
-0.90687
-0.904533
-0.905354
-0.903474
-0.906189
-0.911533
-0.912154
-0.909892
-0.907308
-0.912098
-0.908065
-0.899151
-0.898926
-0.912036
-0.913484
-0.911896
-0.909238
-0.911389
-0.908984
-0.909172
-0.909421
-0.876622
-0.906282
-0.903
-0.910334
-0.910187
-0.906383
-0.913433
-0.913487
-0.907134
-0.893275
-0.908107
-0.884117
-0.821028
-0.785817
-0.845728
-0.843053
-0.896386
-0.902762
-0.911811
-0.9044
-0.907069
-0.908585
-0.909338
-0.912594
-0.910187
-0.906734
-0.909989
-0.902624
-0.875832
-0.873046
-0.794318
-0.808396
-0.806913
-0.861423
-0.897237
-0.906028
-0.908113
-0.90945
-0.909163
-0.909298
-0.908689
-0.908259
-0.903348
-0.904318
-0.906224
-0.907251
-0.905888
-0.899997
-0.904107
-0.905252
-0.905007
-0.901586
-0.906215
-0.903037
-0.909812
-0.896973
-0.876446
-0.900455
-0.908
-0.870385
-0.814247
-0.799754
-0.782786
-0.850864
-0.901671
-0.908537
-0.910473
-0.910056
-0.909134
-0.907296
-0.896854
-0.905689
-0.907735
-0.906818
-0.906819
-0.908191
-0.905368
-0.912575
-0.912173
-0.910447
-0.908267
-0.908952
-0.909195
-0.907332
-0.908976
-0.909603
-0.911277
-0.908922
-0.908013
-0.908984
-0.909496
-0.909313
-0.907033
-0.909417
-0.910196
-0.904669
-0.90356
-0.90692
-0.909575
-0.908349
-0.910516
-0.904583
-0.905607
-0.90919
-0.908003
-0.91052
-0.904485
-0.910082
-0.908966
-0.911831
-0.903634
-0.89696
-0.902742
-0.907393
-0.905514
-0.900948
-0.908913
-0.910661
-0.908689
-0.909397
-0.911458
-0.90995
-0.909322
-0.911097
-0.911215
-0.899379
-0.906345
-0.909173
-0.905957
-0.907201
-0.907353
-0.90765
-0.90945
-0.908019
-0.908838
-0.908665
-0.905636
-0.909906
-0.909084
-0.908426
-0.901915
-0.905811
-0.875564
-0.911181
-0.911455
-0.911166
-0.912793
-0.911783
-0.905107
-0.905745
-0.902297
-0.90645
-0.912606
-0.871341
-0.850788
-0.810867
-0.829536
-0.854345
-0.855197
-0.898418
-0.90841
-0.902813
-0.896021
-0.909495
-0.906744
-0.903011
-0.91228
-0.916268
-0.913553
-0.909743
-0.914992
-0.913486
-0.894172
-0.902687
-0.90627
-0.90569
-0.908339
-0.907253
-0.907861
-0.893022
-0.896324
-0.904829
-0.903736
-0.911462
-0.870429
-0.907549
-0.885148
-0.790706
-0.837062
-0.822555
-0.814338
-0.859802
-0.902189
-0.908585
-0.908125
-0.908169
-0.907499
-0.909005
-0.911564
-0.907104
-0.908683
-0.905905
-0.906684
-0.908784
-0.909573
-0.910358
-0.9073
-0.908169
-0.909439
-0.905282
-0.904709
-0.906277
-0.910823
-0.860968
-0.888109
-0.820911
-0.777796
-0.800805
-0.772865
-0.854871
-0.900667
-0.909987
-0.910446
-0.912067
-0.90925
-0.911557
-0.910605
-0.909868
-0.908231
-0.909082
-0.911049
-0.909099
-0.907679
-0.907371
-0.907844
-0.911966
-0.911203
-0.909424
-0.909559
-0.909959
-0.911217
-0.91049
-0.912285
-0.909831
-0.911366
-0.911879
-0.909691
-0.91054
-0.90848
-0.911953
-0.908207
-0.875032
-0.906346
-0.889473
-0.813825
-0.81856
-0.804133
-0.839287
-0.787626
-0.881732
-0.902841
-0.907068
-0.899484
-0.899632
-0.909132
-0.909196
-0.908209
-0.903944
-0.90843
-0.905931
-0.902913
-0.902385
-0.906555
-0.905245
-0.906493
-0.905892
-0.909219
-0.910095
-0.906807
-0.908995
-0.907247
-0.907545
-0.907391
-0.906416
-0.901675
-0.861214
-0.901763
-0.895996
-0.846207
-0.793309
-0.791207
-0.828458
-0.88968
-0.90882
-0.907549
-0.899907
-0.913536
-0.909514
-0.911717
-0.910762
-0.909992
-0.910704
-0.905606
-0.91044
-0.905783
-0.902541
-0.875125
-0.902518
-0.90173
-0.839796
-0.803131
-0.823257
-0.856088
-0.89943
-0.906958
-0.90926
-0.908175
-0.907766
-0.906934
-0.906124
-0.910047
-0.910358
-0.910089
-0.9108
-0.910456
-0.909641
-0.909128
-0.910397
-0.908723
-0.907248
-0.907799
-0.906466
-0.909291
-0.904551
-0.908745
-0.907432
-0.90854
-0.907506
-0.907736
-0.905393
-0.908445
-0.910816
-0.908727
-0.90902
-0.905733
-0.906498
-0.907074
-0.910006
-0.906816
-0.90968
-0.906548
-0.907889
-0.904089
-0.90797
-0.908899
-0.907307
-0.910066
-0.907857
-0.908977
-0.906215
-0.905807
-0.90801
-0.910679
-0.908281
-0.909736
-0.907311
-0.909047
-0.909441
-0.906767
-0.908524
-0.905943
-0.907968
-0.909947
-0.907704
-0.909
-0.907703
-0.908423
-0.907311
-0.906135
-0.906175
-0.907715
-0.910231
-0.910505
-0.907547
-0.907282
-0.910557
-0.909315
-0.907022
-0.909108
-0.910265
-0.909153
-0.908014
-0.907775
-0.908076
-0.90902
-0.907722
-0.90793
-0.908112
-0.907719
-0.907421
-0.906738
-0.909738
-0.908015
-0.90911
-0.907681
-0.908603
-0.905748
-0.909539
-0.91086
-0.906483
-0.908154
-0.906416
-0.90562
-0.905686
-0.907946
-0.907557
-0.907903
-0.909062
-0.907033
-0.908136
-0.910547
-0.90872
-0.907179
-0.908229
-0.910284
-0.909791
-0.906565
-0.905936
-0.906885
-0.907084
-0.90613
-0.904652
-0.906228
-0.904701
-0.909734
-0.907372
-0.907663
-0.909091
-0.908441
-0.906857
-0.908138
-0.908691
-0.908366
-0.905585
-0.907305
-0.90626
-0.907997
-0.905211
-0.908135
-0.907004
-0.908367
-0.907145
-0.905921
-0.910074
-0.904317
-0.906033
-0.904889
-0.908748
-0.908923
-0.907419
-0.90905
-0.909901
-0.906804
-0.909391
-0.908992
-0.905621
-0.906482
-0.903909
-0.907172
-0.90935
-0.904722
-0.908893
-0.908153
-0.91093
-0.908974
-0.906493
-0.90925
-0.906905
-0.880851
-0.911025
-0.910686
-0.912376
-0.909035
-0.902576
-0.9099
-0.907777
-0.909276
-0.896458
-0.909472
-0.910647
-0.909398
-0.907662
-0.908065
-0.910164
-0.909117
-0.908117
-0.91197
-0.909114
