bad volumes, zero indexed (FSL style)
807
836
861
881
887
888
889
962
966
980
981
986
987
988
989
1014
1016
1017
1052
1053
1054
1056
1106
1107
1108
1109
1110
1111
1276
1277
1278
1279
1281
1282
1283
1284
1285
1286
1287
1288
1297
1298
1303
1304
1305
1307
1308
1424
1425
1430
1431
1432
1433
1435
1436
1437
1438
1439
1440
1453
1454
1455
1456
1458
1459
1460
1461
1462
1463
1477
1478
1479
1480
1481
1482
1483
1484
1485
1486
1487
1511
1512
1513
1514
1515
1595
1596
1597
1604
1605
1606
1607
1608
1609
1615
1616
1619
1620
1621
1622
1623
1624
1742
1743
1746
1747
1748
1749
1750
1751
1752
1762
1763
1764
1765
1766
1779
1780
1782
1783
1784
1785
1787
1788
1789
1790
1792
1919
1920
1923
1924
1925
1926
1927
1929
1930
1931
1932
1933
1934
1935
1949
1950
1951
1954
1955
1956
1957
1958
1959
1974
1975
1976
1977
1978
1979
1980
1981
1984
1985
1986
1987
1988
