bad volumes, zero indexed (FSL style)
204
753
811
812
836
838
839
861
862
863
887
888
889
890
891
961
963
964
965
966
985
986
987
988
989
1009
1013
1014
1016
1017
1018
1019
1052
1053
1054
1055
1056
1106
1107
1108
1109
1110
1111
1271
1281
1282
1283
1284
1285
1286
1287
1288
1297
1298
1303
1304
1305
1307
1308
1309
1434
1435
1436
1437
1438
1439
1440
1452
1453
1458
1459
1460
1461
1462
1463
1481
1482
1483
1484
1486
1487
1510
1511
1512
1513
1514
1515
1604
1605
1606
1607
1608
1615
1616
1619
1620
1622
1623
1624
1625
1746
1747
1748
1749
1750
1751
1762
1763
1764
1765
1766
1782
1783
1787
1788
1789
1790
1792
1929
1930
1931
1932
1933
1934
1949
1950
1954
1955
1957
1958
1959
1984
1985
1986
1988
