-0.899041
-0.896609
-0.893105
-0.901769
-0.888552
-0.900076
-0.899667
-0.886431
-0.889156
-0.893933
-0.892182
-0.88694
-0.893649
-0.887886
-0.900246
-0.866181
-0.885843
-0.897217
-0.897682
-0.882605
-0.88422
-0.895903
-0.883809
-0.89168
-0.891745
-0.886943
-0.875435
-0.894237
-0.88947
-0.894452
-0.899011
-0.894139
-0.880499
-0.896294
-0.890649
-0.878214
-0.888952
-0.876631
-0.889062
-0.87601
-0.885728
-0.889279
-0.895178
-0.891652
-0.893515
-0.896182
-0.891242
-0.882627
-0.896892
-0.87932
-0.890994
-0.89931
-0.899376
-0.899084
-0.897096
-0.881129
-0.887478
-0.885614
-0.888798
-0.892371
-0.890499
-0.889026
-0.896164
-0.899121
-0.874329
-0.882954
-0.886631
-0.872772
-0.888888
-0.895755
-0.884824
-0.883811
-0.890854
-0.893218
-0.88847
-0.88641
-0.890019
-0.892122
-0.887027
-0.893532
-0.889308
-0.875374
-0.888047
-0.889447
-0.883246
-0.896669
-0.876886
-0.894562
-0.892201
-0.888886
-0.893188
-0.891848
-0.888407
-0.884114
-0.893318
-0.877756
-0.882925
-0.889179
-0.893426
-0.882938
-0.882601
-0.887523
-0.893705
-0.870434
-0.892975
-0.894737
-0.896324
-0.895973
-0.894463
-0.886153
-0.873244
-0.886866
-0.89224
-0.897474
-0.884621
-0.893059
-0.892616
-0.891235
-0.887129
-0.889959
-0.889418
-0.889596
-0.884549
-0.879185
-0.887962
-0.887377
-0.891861
-0.884187
-0.874644
-0.892366
-0.888393
-0.875079
-0.873591
-0.892597
-0.890113
-0.893576
-0.886378
-0.890153
-0.889075
-0.891669
-0.894328
-0.887436
-0.875434
-0.885977
-0.891196
-0.890289
-0.873033
-0.885111
-0.892539
-0.880957
-0.898722
-0.879471
-0.88076
-0.893831
-0.893233
-0.891488
-0.883578
-0.891218
-0.87766
-0.895188
-0.889696
-0.887494
-0.880789
-0.891275
-0.882385
-0.891291
-0.866054
-0.884682
-0.891378
-0.889489
-0.884487
-0.881751
-0.887233
-0.89361
-0.888815
-0.890478
-0.89251
-0.889623
-0.882901
-0.886673
-0.89059
-0.881455
-0.885182
-0.88128
-0.890253
-0.892069
-0.856201
-0.880402
-0.887009
-0.874994
-0.888792
-0.888545
-0.889113
-0.889435
-0.890829
-0.889556
-0.883837
-0.882601
-0.877247
-0.888816
-0.892042
-0.8935
-0.88969
-0.891735
-0.849162
-0.87573
-0.887267
-0.889603
-0.887651
-0.889823
-0.876208
-0.883434
-0.888457
-0.882541
-0.891393
-0.891618
-0.893111
-0.888811
-0.888795
-0.888619
-0.888204
-0.877144
-0.877219
-0.893278
-0.885833
-0.882657
-0.894092
-0.89746
-0.897854
-0.870634
-0.881093
-0.86713
-0.884741
-0.8913
-0.888047
-0.884031
-0.88619
-0.885198
-0.876639
-0.887888
-0.89597
-0.872627
-0.87657
-0.888895
-0.888142
-0.890008
-0.89431
-0.898251
-0.876622
-0.86666
-0.882769
-0.888418
-0.893941
-0.883018
-0.889651
-0.891277
-0.869838
-0.879839
-0.887335
-0.88146
-0.891491
-0.894937
-0.876695
-0.87964
-0.89269
-0.896108
-0.894268
-0.894843
-0.866009
-0.87514
-0.886532
-0.863937
-0.884663
-0.88886
-0.880215
-0.891825
-0.89775
-0.898915
-0.900552
-0.897542
-0.864995
-0.884663
-0.88286
-0.894837
-0.894195
-0.892609
-0.882825
-0.872994
-0.8886
-0.887434
-0.884898
-0.888758
-0.896543
-0.899189
-0.897193
-0.898962
-0.899932
-0.895764
-0.896646
-0.899688
-0.893813
-0.88186
-0.883069
-0.892878
-0.896162
-0.890123
-0.897784
-0.896821
-0.89772
-0.896012
-0.897053
-0.897659
-0.895491
-0.880893
-0.884685
-0.876944
-0.86973
-0.888899
-0.888347
-0.897543
-0.881454
-0.885704
-0.887366
-0.892056
-0.896361
-0.88028
-0.88447
-0.882446
-0.889284
-0.885514
-0.87657
-0.890516
-0.893775
-0.893962
-0.898492
-0.894487
-0.891461
-0.898181
-0.897125
-0.899281
-0.896102
-0.896873
-0.899344
-0.89792
-0.887401
-0.867284
-0.876421
-0.893945
-0.886466
-0.885284
-0.894299
-0.896788
-0.897663
-0.895872
-0.894091
-0.887796
-0.895805
-0.878652
-0.896402
-0.896197
-0.897544
-0.895442
-0.890281
-0.876513
-0.892833
-0.888996
-0.889202
-0.887143
-0.88363
-0.894975
-0.879237
-0.884485
-0.876613
-0.8797
-0.891688
-0.893679
-0.887941
-0.894417
-0.886001
-0.892459
-0.89691
-0.886427
-0.875954
-0.886156
-0.873439
-0.88528
-0.89157
-0.886094
-0.876602
-0.88025
-0.881528
-0.88856
-0.885933
-0.892403
-0.891204
-0.89037
-0.88341
-0.886125
-0.88071
-0.891871
-0.877944
-0.874238
-0.896192
-0.891241
-0.896016
-0.898588
-0.89692
-0.876003
-0.869627
-0.892041
-0.894703
-0.895396
-0.893822
-0.892833
-0.896329
-0.890488
-0.882089
-0.889107
-0.8903
-0.890306
-0.897803
-0.896532
-0.895157
-0.894114
-0.896685
-0.894919
-0.894292
-0.892094
-0.89593
-0.892828
-0.893607
-0.892835
-0.878618
-0.883986
-0.884241
-0.892139
-0.882077
-0.886397
-0.871204
-0.890752
-0.890128
-0.898659
-0.892163
-0.896582
-0.888425
-0.876191
-0.890919
-0.897063
-0.884559
-0.883464
-0.872926
-0.881095
-0.890494
-0.890114
-0.891695
-0.884666
-0.882692
-0.88671
-0.887817
-0.893193
-0.87033
-0.887124
-0.887323
-0.883252
-0.895431
-0.877455
-0.885208
-0.888076
-0.890314
-0.890832
-0.877621
-0.884989
-0.885002
-0.883378
-0.882433
-0.885131
-0.880327
-0.879194
-0.873773
-0.887618
-0.872282
-0.892346
-0.894046
-0.891389
-0.899442
-0.892133
-0.865718
-0.886769
-0.886729
-0.882832
-0.890313
-0.884481
-0.890088
-0.891582
-0.882114
-0.885447
-0.885502
-0.874216
-0.888053
-0.878407
-0.888978
-0.888551
-0.892046
-0.874671
-0.874746
-0.885635
-0.878043
-0.885197
-0.881515
-0.877491
-0.876383
-0.890362
-0.889532
-0.886957
-0.886733
-0.880251
-0.890511
-0.895286
-0.886401
-0.865729
-0.882602
-0.893999
-0.898354
-0.893234
-0.866045
-0.875807
-0.88603
-0.889112
-0.87852
-0.888441
-0.891506
-0.882343
-0.880659
-0.881613
-0.876397
-0.892548
-0.892324
-0.8906
-0.88133
-0.881273
-0.889013
-0.885248
-0.886833
-0.892113
-0.888209
-0.885484
-0.888402
-0.881538
-0.878921
-0.899334
-0.89535
-0.866093
-0.891194
-0.879031
-0.887335
-0.889469
-0.893697
-0.882026
-0.879652
-0.884603
-0.884721
-0.882533
-0.888633
-0.886083
-0.895814
-0.888694
-0.898021
-0.891286
-0.889956
-0.892228
-0.894274
-0.879894
-0.860812
-0.887263
-0.881435
-0.887837
-0.883266
-0.890363
-0.883429
-0.876991
-0.877813
-0.882045
-0.886029
-0.886788
-0.894019
-0.859834
-0.885703
-0.890671
-0.885867
-0.891032
-0.8902
-0.890899
-0.886726
-0.868846
-0.878977
-0.88512
-0.884891
-0.889584
-0.878277
-0.890592
-0.893736
-0.888431
-0.874595
-0.890188
-0.879451
-0.894514
-0.885856
-0.891652
-0.889761
-0.890595
-0.894458
-0.895575
-0.890152
-0.877927
-0.878406
-0.884402
-0.890362
-0.895884
-0.880966
-0.883252
-0.871164
-0.8855
-0.873703
-0.887825
-0.883975
-0.886853
-0.882791
-0.894008
-0.88963
-0.870599
-0.88462
-0.88916
-0.890446
-0.866558
-0.881214
-0.886212
-0.889345
-0.886697
-0.886717
-0.888626
-0.883456
-0.883964
-0.88575
-0.886671
-0.887899
-0.872723
-0.890195
-0.884662
-0.890139
-0.890249
-0.881316
-0.882091
-0.889983
-0.893535
-0.888861
-0.88813
-0.890031
-0.880657
-0.891316
-0.898329
-0.897831
-0.893352
-0.890444
-0.870018
-0.890942
-0.878265
-0.889579
-0.873201
-0.887814
-0.890916
-0.8952
-0.884546
-0.88343
-0.883582
-0.891563
-0.879368
-0.895683
-0.878558
-0.882261
-0.886817
-0.885722
-0.887543
-0.888744
-0.875689
-0.890965
-0.87799
-0.885422
-0.89107
-0.88997
-0.892992
-0.887538
-0.886871
-0.881553
-0.891159
-0.892617
-0.891099
-0.885163
-0.880629
-0.889112
-0.880647
-0.877837
-0.887209
-0.890152
-0.892223
-0.88037
-0.87671
-0.864501
-0.877871
-0.891567
-0.887002
-0.887355
-0.88964
-0.889589
-0.888012
-0.891253
-0.892698
-0.89299
-0.855718
-0.875214
-0.888274
-0.876787
-0.884241
-0.880704
-0.88835
-0.874601
-0.869211
-0.869285
-0.867867
-0.871297
-0.864682
-0.888401
-0.889521
-0.888971
-0.884484
-0.887291
-0.881923
-0.880528
-0.884554
-0.888277
-0.889572
-0.885417
-0.889516
-0.874266
-0.8852
-0.894038
-0.894389
-0.889073
-0.891868
-0.869595
-0.882589
-0.867601
-0.858189
-0.8599
-0.838093
-0.86258
-0.889563
-0.892035
-0.891925
-0.889404
-0.890901
-0.89143
-0.891394
-0.887791
-0.884927
-0.889201
-0.881636
-0.883351
-0.88796
-0.892892
-0.890559
-0.891482
-0.892897
-0.881932
-0.890957
-0.888537
-0.884245
-0.886584
-0.875496
-0.883675
-0.869991
-0.891324
-0.881738
-0.881393
-0.874414
-0.880847
-0.890327
-0.883037
-0.876356
-0.88914
-0.891079
-0.888095
-0.887878
-0.879851
-0.879127
-0.872059
-0.883398
-0.886407
-0.874278
-0.886661
-0.884287
-0.883789
-0.887021
-0.887434
-0.879929
-0.883673
-0.861341
-0.871788
-0.873839
-0.871332
-0.866479
-0.856544
-0.844693
-0.843229
-0.865697
-0.891067
-0.891135
-0.886762
-0.883242
-0.886969
-0.86586
-0.873836
-0.888951
-0.876396
-0.880363
-0.878238
-0.885297
-0.879828
-0.882252
-0.88542
-0.885849
-0.889964
-0.884876
-0.87298
-0.887543
-0.883532
-0.862819
-0.841732
-0.86579
-0.843115
-0.839905
-0.855274
-0.874283
-0.889749
-0.887501
-0.887669
-0.889463
-0.893828
-0.89128
-0.888962
-0.88635
-0.887517
-0.889872
-0.887636
-0.885675
-0.875715
-0.892506
-0.882716
-0.889153
-0.868495
-0.868357
-0.85998
-0.825509
-0.844783
-0.847315
-0.862829
-0.880229
-0.88716
-0.877912
-0.886184
-0.888909
-0.883327
-0.886553
-0.882709
-0.881485
-0.886895
-0.886763
-0.88932
-0.88485
-0.885735
-0.889833
-0.867122
-0.862775
-0.879266
-0.890824
-0.867137
-0.873456
-0.857331
-0.843401
-0.822873
-0.816191
-0.85081
-0.834194
-0.864121
-0.865694
-0.884936
-0.891103
-0.89145
-0.89078
-0.891036
-0.889563
-0.889724
-0.885672
-0.888113
-0.887741
-0.888903
-0.886166
-0.884408
-0.889054
-0.885778
-0.889051
-0.885727
-0.886368
-0.889416
-0.88875
-0.891619
-0.889508
-0.887997
-0.886406
-0.8897
-0.885383
-0.887823
-0.88709
-0.888926
-0.881736
-0.88952
-0.886382
-0.885574
-0.890549
-0.886513
-0.889377
-0.885621
-0.886304
-0.886679
-0.88571
-0.888281
-0.890246
-0.883637
-0.888964
-0.889942
-0.889607
-0.887776
-0.88774
-0.886399
-0.885995
-0.88623
-0.887378
-0.888795
-0.887941
-0.885834
-0.886438
-0.888519
-0.885606
-0.885674
-0.886469
-0.883956
-0.887259
-0.885587
-0.882181
-0.874997
-0.88489
-0.888093
-0.841552
-0.872079
-0.848383
-0.845755
-0.840221
-0.819081
-0.854255
-0.876366
-0.884018
-0.886717
-0.883723
-0.887591
-0.881012
-0.873148
-0.876278
-0.883396
-0.873598
-0.877156
-0.883344
-0.886937
-0.884734
-0.884279
-0.861155
-0.87872
-0.85137
-0.823352
-0.812927
-0.814037
-0.815712
-0.852825
-0.864636
-0.884782
-0.889965
-0.886948
-0.892581
-0.889874
-0.891208
-0.887668
-0.888329
-0.889421
-0.889696
-0.890044
-0.890891
-0.894226
-0.890349
-0.889889
-0.88868
-0.888961
-0.832446
-0.867267
-0.885968
-0.883756
-0.852066
-0.822867
-0.860684
-0.826329
-0.833287
-0.839513
-0.848831
-0.887287
-0.886494
-0.888089
-0.8869
-0.882351
-0.889797
-0.890609
-0.889849
-0.885501
-0.889113
-0.886221
-0.876545
-0.884018
-0.889406
-0.889344
-0.89045
-0.888919
-0.887932
-0.885137
-0.88845
-0.880754
-0.873869
-0.883298
-0.872695
-0.880309
-0.885242
-0.885184
-0.870105
-0.882195
-0.870757
-0.877956
-0.85603
-0.834127
-0.823666
-0.821857
-0.840493
-0.835496
-0.856968
-0.87806
-0.89072
-0.88857
-0.892294
-0.890725
-0.889875
-0.890404
-0.888393
-0.891339
-0.890544
-0.887194
-0.890582
-0.888862
-0.888953
-0.886155
-0.887617
-0.893594
-0.889085
-0.88741
-0.888107
-0.889161
-0.890931
-0.893274
-0.888916
-0.889059
-0.892808
-0.890163
-0.890746
-0.888455
-0.88824
-0.886017
-0.889201
-0.882435
-0.880577
-0.889043
-0.869999
-0.869607
-0.884145
-0.884725
-0.88155
-0.879069
-0.88879
-0.879827
-0.881403
-0.877848
-0.879553
-0.866749
-0.853158
-0.822683
-0.833134
-0.845951
-0.813461
-0.827098
-0.816484
-0.868421
-0.885169
-0.888119
-0.877393
-0.882634
-0.886885
-0.888196
-0.89055
-0.890708
-0.889333
-0.889355
-0.889504
-0.887494
-0.886647
-0.888353
-0.886373
-0.887769
-0.888649
-0.890006
-0.886748
-0.890311
-0.886862
-0.88904
-0.889127
-0.887584
-0.88669
-0.887496
-0.885933
-0.885927
-0.887161
-0.886316
-0.886035
-0.886208
-0.88609
-0.888053
-0.883927
-0.887791
-0.885668
-0.887475
-0.887205
-0.885322
-0.884074
-0.88876
-0.885946
-0.885795
-0.886264
-0.889168
-0.883572
-0.885069
-0.886623
-0.884942
-0.884754
-0.886019
-0.88809
-0.886397
-0.88511
-0.886746
-0.886937
-0.884373
-0.8873
-0.885843
-0.885813
-0.884397
-0.884764
-0.885544
-0.886362
-0.886558
-0.883641
-0.884908
-0.884806
-0.883928
-0.883392
-0.884898
-0.88575
-0.886646
-0.883749
-0.886521
-0.883667
-0.885378
-0.882582
-0.886572
-0.885697
-0.882795
-0.883809
-0.886832
-0.883793
-0.888451
-0.883181
-0.888905
-0.885371
-0.887174
-0.889796
-0.88666
-0.889398
-0.889678
-0.886117
-0.889764
-0.887871
-0.887035
-0.89064
-0.88977
-0.890355
-0.890841
-0.887327
-0.888613
-0.887711
-0.887448
-0.884702
-0.886459
-0.887091
-0.891502
-0.88819
-0.886601
-0.883975
-0.884544
-0.885963
-0.884803
-0.886838
-0.884523
-0.887068
-0.886459
-0.885724
-0.887109
-0.883739
-0.885553
-0.885817
-0.888757
-0.888263
-0.887689
-0.885769
-0.887625
-0.88573
-0.888944
-0.885881
-0.888357
-0.886997
-0.885615
-0.888965
-0.884373
-0.886157
-0.886251
-0.886979
-0.887841
-0.883638
-0.885038
-0.885099
-0.888934
-0.88943
-0.889555
-0.888888
-0.889172
-0.88535
-0.886316
-0.889377
-0.887359
-0.889077
-0.880773
-0.888663
-0.891149
-0.833318
-0.874784
-0.880731
-0.886679
-0.889709
-0.869571
-0.87148
-0.871433
-0.868059
-0.86759
-0.839506
-0.821599
-0.794163
-0.812031
-0.811454
-0.809923
-0.810428
-0.806109
-0.878461
-0.891587
-0.892436
-0.890311
-0.886724
-0.887263
-0.885825
-0.886314
-0.834225
-0.835652
-0.884588
-0.884553
-0.882562
-0.864382
-0.847683
-0.848719
-0.812609
-0.863608
-0.833209
-0.822762
-0.852366
-0.878
-0.888235
-0.891243
-0.889369
-0.885329
-0.888972
-0.882424
-0.888291
-0.885202
-0.88921
-0.891973
-0.888345
-0.886346
-0.887051
-0.886882
-0.887095
-0.889065
-0.88648
-0.889596
-0.889512
-0.887314
-0.89204
-0.887559
-0.887639
-0.887413
-0.890043
-0.888694
-0.888016
-0.886596
-0.889403
-0.889015
-0.885299
-0.885436
-0.886457
-0.882295
-0.88707
-0.890274
-0.885922
-0.882147
-0.884234
-0.887335
-0.886473
-0.883641
-0.886264
-0.88748
-0.884175
-0.888688
-0.885837
-0.887686
-0.886207
-0.88859
-0.888325
-0.888748
-0.885701
-0.886629
-0.889579
-0.881255
-0.887546
-0.887847
-0.888376
-0.886545
-0.885993
-0.889539
-0.88805
-0.888506
-0.885706
-0.886873
-0.884204
-0.888093
-0.888889
-0.885417
-0.885071
-0.887015
-0.88498
-0.886472
-0.886915
-0.889824
-0.88563
-0.887497
-0.888608
-0.886593
-0.88399
-0.88768
-0.887816
-0.886107
-0.889141
-0.888565
-0.885987
-0.883837
-0.887634
-0.887259
-0.888264
-0.886323
-0.884331
-0.885612
-0.882475
-0.885409
-0.887885
-0.886845
-0.888185
-0.890858
-0.886544
-0.88556
-0.886488
-0.889815
-0.889082
-0.88862
-0.884822
-0.88589
-0.866417
-0.875368
-0.884373
-0.887005
-0.874726
-0.875513
-0.880027
-0.87734
-0.878918
-0.883261
-0.87973
-0.88128
-0.890549
-0.858484
-0.882668
-0.846389
-0.824799
-0.801444
-0.815116
-0.834676
-0.808576
-0.804998
-0.870587
-0.878298
-0.889702
-0.887914
-0.890022
-0.890375
-0.889528
-0.890041
-0.889393
-0.889566
-0.890446
-0.82609
-0.828372
-0.860476
-0.873411
-0.864722
-0.857576
-0.821289
-0.816981
-0.838651
-0.834589
-0.846099
-0.841792
-0.855481
-0.875829
-0.888741
-0.887064
-0.88799
-0.889064
-0.887443
-0.886985
-0.877034
-0.886336
-0.877703
-0.885733
-0.874728
-0.853569
-0.863854
-0.887093
-0.881469
-0.839773
-0.824925
-0.843939
-0.826739
-0.854152
-0.848972
-0.841509
-0.874373
-0.886783
-0.889506
-0.891777
-0.885356
-0.888283
-0.886704
-0.889352
-0.884763
-0.884809
-0.887523
-0.888755
-0.889652
-0.887562
-0.886672
-0.8808
-0.873764
-0.87325
-0.885296
-0.879181
-0.86727
-0.866097
-0.852629
-0.831882
-0.833727
-0.832366
-0.819849
-0.826653
-0.870716
-0.891665
-0.886648
-0.88761
-0.883955
-0.888923
-0.889303
-0.886854
-0.885007
-0.888669
-0.887275
-0.887553
-0.887328
-0.886636
-0.884294
-0.884226
-0.885899
-0.885866
-0.887291
-0.887093
-0.890819
-0.886362
-0.884114
-0.885192
-0.891909
-0.88631
-0.887944
-0.887879
-0.888733
-0.888133
-0.885619
-0.885765
-0.890259
-0.888531
-0.886033
-0.883895
-0.889364
-0.88692
-0.886229
-0.884531
-0.886459
-0.885965
-0.888043
-0.887849
-0.888208
-0.885774
-0.887576
-0.884985
-0.886708
-0.887279
-0.883344
-0.884551
-0.885246
-0.886906
-0.88832
-0.886615
-0.886418
-0.886103
-0.885589
-0.887312
-0.888892
-0.886705
-0.888149
-0.888792
-0.888963
-0.886799
-0.886279
-0.888948
-0.886026
-0.889662
-0.888661
-0.88964
-0.886562
-0.882494
-0.890465
-0.882577
-0.860509
-0.876664
-0.876252
-0.881451
-0.884444
-0.87135
-0.870442
-0.877675
-0.880549
-0.880541
-0.876943
-0.854603
-0.827705
-0.814031
-0.827792
-0.806743
-0.828405
-0.858388
-0.876052
-0.888037
-0.888457
-0.862881
-0.883822
-0.814398
-0.838232
-0.880159
-0.874576
-0.847814
-0.8316
-0.852831
-0.823833
-0.834785
-0.82885
-0.852295
-0.88478
-0.890873
-0.892196
-0.887604
-0.886804
-0.887823
-0.891447
-0.884343
-0.886829
-0.88787
-0.884291
-0.883655
-0.888991
-0.887436
-0.890724
-0.888066
-0.886537
-0.884383
-0.88899
-0.888231
-0.889243
-0.885288
-0.887422
-0.889448
-0.885102
-0.886388
-0.887568
-0.884968
-0.886981
-0.891627
-0.88593
-0.887271
-0.887164
-0.888846
-0.888501
-0.885236
-0.888333
-0.884749
-0.886873
-0.889895
-0.88656
-0.888127
-0.887166
-0.884593
-0.887119
-0.886026
-0.884979
-0.890389
-0.88938
-0.887725
-0.888255
-0.887468
-0.885752
-0.887698
-0.888229
-0.887706
-0.885305
-0.887036
-0.888152
-0.884549
-0.883487
-0.887598
-0.886998
-0.886927
-0.888727
-0.891496
-0.887485
-0.888888
-0.88754
-0.887559
-0.885435
-0.887654
-0.885999
-0.887865
-0.882709
-0.885093
-0.885544
-0.884512
-0.882016
-0.887437
-0.885415
-0.886335
-0.887727
-0.889609
-0.884842
-0.886656
-0.886973
-0.887016
-0.885544
-0.883989
-0.883455
-0.891389
-0.893251
-0.892711
-0.885531
-0.888603
-0.889293
-0.889381
-0.890172
-0.886768
-0.887128
-0.886243
-0.890104
-0.886681
-0.888757
-0.88843
-0.884794
-0.881019
-0.884302
-0.891521
-0.890199
-0.884912
-0.886904
-0.885493
-0.885092
-0.873059
-0.875746
-0.870515
-0.865214
-0.875416
-0.838619
-0.828075
-0.815586
-0.799614
-0.831489
-0.830973
-0.85845
-0.87017
-0.88706
-0.876409
-0.876696
-0.877126
-0.886942
-0.886758
-0.8811
-0.860712
-0.847075
-0.827116
-0.847166
-0.770908
-0.783216
-0.861848
-0.876569
-0.882004
-0.88535
-0.869319
-0.877908
-0.88387
-0.885683
-0.8787
-0.887336
-0.87673
-0.877067
-0.885474
-0.88372
-0.857885
-0.754731
-0.840372
-0.877322
-0.886711
-0.860279
-0.835092
-0.826983
-0.835229
-0.8392
-0.861509
-0.831039
-0.873775
-0.886155
-0.889717
-0.886249
-0.886058
-0.885187
-0.885449
-0.884446
-0.881762
-0.88385
-0.887626
-0.886445
-0.886666
-0.884895
-0.884048
-0.884503
-0.882885
-0.884375
-0.888971
-0.889431
-0.885411
-0.885488
-0.885824
-0.889577
-0.88737
-0.88828
-0.885217
-0.885887
-0.887833
-0.887654
-0.882818
-0.886021
-0.880519
-0.881034
-0.8841
-0.884406
-0.888584
-0.888627
-0.879264
-0.882518
-0.886727
-0.883775
-0.881703
-0.886984
-0.885719
-0.883574
-0.885487
-0.886271
-0.884295
-0.887371
-0.887747
-0.886477
-0.883742
-0.886229
-0.886867
-0.885406
-0.883524
-0.886829
-0.886209
-0.882971
-0.888958
-0.886101
-0.886873
-0.88495
-0.884398
-0.886055
-0.886623
-0.884903
-0.886739
-0.884811
-0.88783
-0.884928
-0.884796
-0.88681
-0.885093
-0.886961
-0.884976
-0.886676
-0.885943
-0.884487
-0.88677
-0.889997
-0.884768
-0.887897
-0.886609
-0.885527
-0.884376
-0.885244
-0.886124
-0.882688
-0.881517
-0.88654
-0.886136
-0.884944
-0.887167
-0.885912
-0.88598
-0.879578
-0.882587
-0.884167
-0.88558
-0.886045
-0.890311
-0.888796
-0.887449
-0.886356
-0.887007
-0.886215
-0.886513
-0.888431
-0.887305
-0.886825
-0.887143
-0.889069
-0.88852
-0.870083
-0.882424
-0.887495
-0.88125
-0.871538
-0.884268
-0.885789
-0.888253
-0.883966
-0.885143
-0.877913
-0.852845
-0.874122
-0.873706
-0.881978
-0.879086
-0.883018
-0.881094
-0.880065
-0.874732
-0.871496
-0.847022
-0.833191
-0.823028
-0.835448
-0.821761
-0.849011
-0.85647
-0.880341
-0.88933
-0.885121
-0.885683
-0.885517
-0.88933
-0.888027
-0.881366
-0.884066
-0.884823
-0.889106
-0.884879
-0.859657
-0.803409
-0.838102
-0.863946
-0.874963
-0.870387
-0.834972
-0.818141
-0.857028
-0.82679
-0.830606
-0.786321
-0.869352
-0.874804
-0.887246
-0.888586
-0.888597
-0.888329
-0.889283
-0.888344
-0.880908
-0.882491
-0.884658
-0.888046
-0.860519
-0.872533
-0.863206
-0.884277
-0.87504
-0.885533
-0.887712
-0.885855
-0.888051
-0.884729
-0.867137
-0.861024
-0.817106
-0.828255
-0.834405
-0.858483
-0.843528
-0.872563
-0.883224
-0.884162
-0.886581
-0.882845
-0.881417
-0.877484
-0.880902
-0.882712
-0.886397
-0.884708
-0.882739
-0.872927
-0.86122
-0.888131
-0.863214
-0.872408
-0.886026
-0.883619
-0.879387
-0.881922
-0.877659
-0.885106
-0.878743
-0.8835
-0.881634
-0.87915
-0.886317
-0.883213
-0.885198
-0.885878
-0.883536
-0.882228
-0.887732
-0.891776
-0.890664
-0.8879
-0.883578
-0.884999
-0.878192
-0.888066
-0.88496
-0.861664
