-0.876411
-0.881885
-0.87862
-0.868243
-0.887345
-0.890079
-0.896207
-0.890822
-0.879549
-0.873263
-0.868491
-0.878545
-0.883611
-0.900899
-0.893147
-0.875061
-0.892839
-0.887945
-0.881113
-0.881355
-0.897437
-0.899634
-0.854397
-0.856562
-0.850049
-0.861222
-0.884105
-0.901786
-0.895968
-0.898689
-0.896107
-0.896373
-0.889128
-0.88626
-0.901537
-0.898018
-0.875217
-0.878099
-0.900219
-0.879624
-0.871174
-0.884721
-0.902701
-0.892128
-0.898854
-0.881975
-0.888081
-0.897001
-0.9058
-0.879866
-0.889379
-0.893596
-0.892166
-0.898726
-0.899089
-0.882275
-0.886869
-0.887567
-0.891361
-0.892767
-0.895698
-0.905237
-0.879878
-0.885799
-0.876148
-0.889683
-0.894588
-0.886115
-0.896235
-0.893914
-0.891691
-0.886814
-0.865439
-0.875906
-0.879486
-0.897141
-0.895254
-0.870081
-0.857558
-0.861632
-0.846243
-0.878818
-0.899513
-0.879146
-0.884718
-0.894713
-0.866069
-0.884685
-0.889462
-0.884724
-0.892613
-0.895348
-0.895733
-0.892733
-0.886051
-0.868049
-0.847979
-0.85568
-0.861626
-0.893442
-0.890859
-0.892875
-0.89465
-0.878639
-0.879771
-0.894203
-0.894835
-0.894048
-0.890775
-0.887433
-0.856575
-0.879677
-0.879112
-0.888922
-0.881531
-0.902703
-0.902357
-0.892812
-0.894171
-0.890722
-0.870572
-0.8628
-0.864593
-0.888378
-0.884131
-0.859942
-0.862188
-0.857392
-0.880934
-0.893725
-0.897832
-0.879936
-0.87284
-0.891759
-0.8687
-0.861003
-0.865439
-0.899345
-0.898862
-0.888724
-0.900109
-0.871273
-0.860892
-0.856369
-0.851398
-0.853159
-0.848982
-0.899588
-0.905032
-0.874587
-0.902213
-0.874762
-0.880367
-0.896586
-0.906455
-0.895582
-0.893265
-0.898326
-0.889356
-0.883747
-0.885945
-0.89948
-0.884924
-0.887493
-0.89573
-0.899699
-0.879122
-0.896384
-0.893325
-0.897718
-0.897706
-0.893089
-0.900298
-0.861085
-0.844361
-0.843253
-0.862221
-0.889876
-0.896715
-0.88912
-0.868759
-0.864662
-0.898982
-0.895271
-0.891511
-0.896782
-0.870949
-0.889551
-0.898351
-0.873279
-0.887587
-0.860136
-0.858851
-0.869384
-0.89841
-0.887466
-0.900029
-0.889743
-0.895286
-0.898742
-0.896954
-0.899357
-0.896829
-0.898493
-0.8628
-0.870541
-0.889184
-0.880821
-0.896087
-0.888753
-0.890985
-0.894618
-0.89307
-0.891975
-0.894589
-0.890207
-0.854495
-0.850244
-0.84202
-0.883292
-0.88393
-0.83094
-0.883183
-0.899643
-0.891807
-0.865523
-0.891094
-0.897431
-0.896712
-0.848642
-0.886034
-0.878908
-0.889044
-0.89853
-0.895616
-0.898791
-0.897307
-0.894169
-0.853491
-0.854919
-0.855154
-0.854554
-0.889319
-0.892575
-0.89986
-0.896505
-0.89527
-0.896227
-0.869196
-0.866818
-0.886652
-0.886903
-0.895741
-0.881663
-0.898894
-0.902322
-0.886528
-0.87184
-0.881311
-0.893384
-0.898659
-0.90085
-0.894118
-0.890235
-0.900735
-0.901279
-0.90352
-0.904034
-0.875221
-0.884842
-0.892938
-0.875674
-0.886317
-0.896458
-0.895065
-0.90687
-0.905534
-0.902504
-0.901975
-0.899382
-0.885077
-0.894158
-0.89945
-0.879778
-0.86869
-0.867504
-0.881249
-0.896002
-0.892411
-0.891017
-0.890587
-0.907873
-0.907766
-0.909671
-0.906684
-0.906094
-0.905954
-0.905657
-0.908578
-0.906499
-0.904331
-0.890316
-0.896505
-0.903367
-0.907133
-0.901805
-0.904667
-0.90654
-0.906659
-0.906993
-0.908835
-0.907588
-0.905059
-0.882071
-0.901079
-0.871998
-0.876747
-0.897393
-0.903849
-0.906837
-0.893938
-0.898899
-0.867599
-0.8634
-0.865695
-0.887557
-0.896718
-0.897606
-0.901296
-0.891535
-0.887593
-0.899867
-0.906795
-0.907465
-0.90879
-0.908111
-0.90673
-0.90997
-0.910114
-0.910477
-0.906835
-0.906979
-0.906624
-0.90521
-0.897804
-0.869049
-0.88967
-0.898831
-0.896102
-0.895642
-0.904581
-0.909351
-0.911155
-0.908169
-0.906567
-0.901302
-0.908136
-0.892566
-0.904023
-0.909384
-0.908446
-0.909729
-0.905467
-0.893459
-0.90351
-0.897436
-0.884666
-0.895483
-0.894962
-0.903804
-0.896171
-0.892337
-0.891181
-0.891528
-0.90499
-0.902644
-0.905161
-0.906687
-0.901017
-0.906112
-0.910797
-0.898314
-0.871144
-0.884464
-0.879386
-0.85864
-0.857596
-0.864697
-0.889182
-0.894692
-0.89097
-0.891714
-0.85226
-0.837569
-0.831994
-0.850006
-0.882324
-0.891359
-0.894729
-0.898976
-0.884172
-0.889742
-0.906057
-0.904702
-0.907788
-0.907258
-0.909537
-0.85464
-0.884165
-0.896941
-0.902816
-0.905714
-0.905779
-0.900568
-0.904814
-0.905739
-0.884104
-0.882455
-0.893063
-0.902519
-0.887376
-0.888772
-0.886765
-0.886308
-0.888286
-0.891486
-0.888959
-0.888549
-0.8834
-0.883544
-0.882427
-0.88378
-0.885232
-0.900621
-0.89883
-0.896013
-0.893077
-0.897282
-0.887843
-0.906768
-0.908358
-0.908929
-0.906435
-0.90296
-0.891737
-0.877203
-0.901947
-0.9077
-0.887229
-0.84641
-0.890008
-0.895362
-0.905258
-0.895356
-0.90045
-0.894348
-0.890789
-0.857737
-0.852368
-0.85718
-0.876618
-0.89027
-0.89389
-0.891328
-0.90709
-0.883826
-0.901274
-0.862726
-0.842557
-0.846864
-0.868172
-0.891097
-0.896002
-0.881114
-0.881387
-0.863819
-0.890658
-0.883982
-0.888181
-0.887856
-0.883205
-0.902639
-0.906841
-0.905317
-0.909244
-0.896337
-0.871649
-0.894517
-0.898212
-0.885175
-0.896535
-0.864366
-0.85872
-0.86879
-0.874293
-0.893265
-0.884026
-0.884479
-0.897967
-0.884
-0.875413
-0.847197
-0.843284
-0.860681
-0.892066
-0.888344
-0.882035
-0.887999
-0.893445
-0.877521
-0.8213
-0.805762
-0.809728
-0.833581
-0.879586
-0.878021
-0.898107
-0.900524
-0.892642
-0.877348
-0.884784
-0.902255
-0.903578
-0.896403
-0.842526
-0.873567
-0.873386
-0.8791
-0.87874
-0.880845
-0.884076
-0.885157
-0.884629
-0.893309
-0.83027
-0.864213
-0.873367
-0.879861
-0.890291
-0.886314
-0.899298
-0.902736
-0.901387
-0.906638
-0.905193
-0.89854
-0.88128
-0.898666
-0.896579
-0.904422
-0.90308
-0.871263
-0.896724
-0.863105
-0.832839
-0.811569
-0.807709
-0.834378
-0.887685
-0.874701
-0.895842
-0.900533
-0.905075
-0.899649
-0.903629
-0.902932
-0.905033
-0.900579
-0.896204
-0.896088
-0.893357
-0.875621
-0.867128
-0.890763
-0.889941
-0.880198
-0.881165
-0.878982
-0.881592
-0.879692
-0.88786
-0.896186
-0.89562
-0.901419
-0.904
-0.870843
-0.888653
-0.900236
-0.886462
-0.901431
-0.896748
-0.903519
-0.892705
-0.880987
-0.873636
-0.878457
-0.899158
-0.902988
-0.898668
-0.905521
-0.904323
-0.895262
-0.887519
-0.905722
-0.896768
-0.902067
-0.900205
-0.889507
-0.890912
-0.893478
-0.898188
-0.897997
-0.895885
-0.893353
-0.882054
-0.859913
-0.844055
-0.845763
-0.8924
-0.892232
-0.868505
-0.878477
-0.864617
-0.896202
-0.894903
-0.889374
-0.894093
-0.903473
-0.90528
-0.885411
-0.853272
-0.852861
-0.850441
-0.841614
-0.873837
-0.873755
-0.863714
-0.844145
-0.822334
-0.822839
-0.821294
-0.864936
-0.885035
-0.881619
-0.877062
-0.865877
-0.895052
-0.888773
-0.902188
-0.891951
-0.888576
-0.866077
-0.858457
-0.857392
-0.873549
-0.87971
-0.877373
-0.888865
-0.898687
-0.906603
-0.90259
-0.895813
-0.901411
-0.883955
-0.879252
-0.856575
-0.881674
-0.860125
-0.890312
-0.895404
-0.896794
-0.890522
-0.881121
-0.88132
-0.904121
-0.897387
-0.904028
-0.880006
-0.882083
-0.869365
-0.832316
-0.826259
-0.838324
-0.886317
-0.889319
-0.877642
-0.893224
-0.896561
-0.895024
-0.899436
-0.894491
-0.889761
-0.869588
-0.852105
-0.83409
-0.82725
-0.847729
-0.871952
-0.865516
-0.860847
-0.881378
-0.877968
-0.889554
-0.891834
-0.87714
-0.883201
-0.870918
-0.892213
-0.890917
-0.88572
-0.885352
-0.886898
-0.885502
-0.886244
-0.886232
-0.88587
-0.886698
-0.860852
-0.884577
-0.88202
-0.874975
-0.890162
-0.891567
-0.88845
-0.88783
-0.882212
-0.858131
-0.849441
-0.859589
-0.846138
-0.882483
-0.899361
-0.897979
-0.884353
-0.884261
-0.895716
-0.85139
-0.825934
-0.834801
-0.850093
-0.882621
-0.887592
-0.870001
-0.885148
-0.890303
-0.896141
-0.895049
-0.895415
-0.864364
-0.825503
-0.817649
-0.849817
-0.829685
-0.828375
-0.856146
-0.871347
-0.870874
-0.871205
-0.874264
-0.87171
-0.873553
-0.870141
-0.872963
-0.871445
-0.875103
-0.869166
-0.866847
-0.872971
-0.86846
-0.867399
-0.866201
-0.868798
-0.864175
-0.867462
-0.877968
-0.876533
-0.872938
-0.873372
-0.875602
-0.881589
-0.88241
-0.881691
-0.879789
-0.85399
-0.83769
-0.842818
-0.863042
-0.878816
-0.878878
-0.878068
-0.878754
-0.87788
-0.879478
-0.864085
-0.86131
-0.888676
-0.882919
-0.874202
-0.881065
-0.87479
-0.836992
-0.88586
-0.887549
-0.887101
-0.884325
-0.864968
-0.809567
-0.791376
-0.831748
-0.850771
-0.810705
-0.811906
-0.819495
-0.863982
-0.867367
-0.860153
-0.867408
-0.872905
-0.874054
-0.870585
-0.880117
-0.883691
-0.875828
-0.885806
-0.88304
-0.886376
-0.883082
-0.863918
-0.818722
-0.817021
-0.833056
-0.874612
-0.841882
-0.811226
-0.808561
-0.829098
-0.772697
-0.806847
-0.811162
-0.796303
-0.838831
-0.861691
-0.869022
-0.871611
-0.874896
-0.874454
-0.879184
-0.874674
-0.877976
-0.874766
-0.873675
-0.876584
-0.869701
-0.866799
-0.864048
-0.857078
-0.856647
-0.863815
-0.832342
-0.829489
-0.799869
-0.773944
-0.805953
-0.808164
-0.854889
-0.864888
-0.867103
-0.844774
-0.835206
-0.838423
-0.86144
-0.866721
-0.864332
-0.863935
-0.860534
-0.860475
-0.873126
-0.845579
-0.826481
-0.820267
-0.857451
-0.786893
-0.808653
-0.831815
-0.815081
-0.849102
-0.81476
-0.768257
-0.788299
-0.77384
-0.804806
-0.824561
-0.849211
-0.867356
-0.867887
-0.875654
-0.874292
-0.874795
-0.874776
-0.875031
-0.874281
-0.872679
-0.870507
-0.870013
-0.871505
-0.872578
-0.874147
-0.87525
-0.872296
-0.868744
-0.868027
-0.869027
-0.87077
-0.872417
-0.865285
-0.860458
-0.860626
-0.858899
-0.861898
-0.859913
-0.863019
-0.861651
-0.865256
-0.866651
-0.867385
-0.870348
-0.865011
-0.865706
-0.862753
-0.866818
-0.864619
-0.865992
-0.862682
-0.860878
-0.8655
-0.86654
-0.86353
-0.866635
-0.865095
-0.866203
-0.863731
-0.86741
-0.862041
-0.858634
-0.86192
-0.859752
-0.862885
-0.86184
-0.858797
-0.860849
-0.861254
-0.858892
-0.860333
-0.860233
-0.862098
-0.860771
-0.866027
-0.865531
-0.866434
-0.872862
-0.864165
-0.84034
-0.763644
-0.811823
-0.802072
-0.797944
-0.77393
-0.843089
-0.877073
-0.88908
-0.871642
-0.855762
-0.845648
-0.861935
-0.801184
-0.817004
-0.811985
-0.833445
-0.849053
-0.797315
-0.770124
-0.777094
-0.80282
-0.822033
-0.877129
-0.815365
-0.758039
-0.76799
-0.765428
-0.775282
-0.804685
-0.856386
-0.869228
-0.8757
-0.873912
-0.877273
-0.875555
-0.876972
-0.873714
-0.877253
-0.875568
-0.873722
-0.871731
-0.874977
-0.873372
-0.870924
-0.872725
-0.875883
-0.873514
-0.835746
-0.79863
-0.829474
-0.836203
-0.81344
-0.762948
-0.81647
-0.763559
-0.765735
-0.80726
-0.838464
-0.875333
-0.877358
-0.88134
-0.875593
-0.877188
-0.883987
-0.884314
-0.883019
-0.882238
-0.884672
-0.876444
-0.873868
-0.875146
-0.879468
-0.875523
-0.877221
-0.877392
-0.879029
-0.878098
-0.876883
-0.877497
-0.859852
-0.873042
-0.877445
-0.828763
-0.815349
-0.830713
-0.805155
-0.806835
-0.811295
-0.820109
-0.828308
-0.768507
-0.733304
-0.740128
-0.807982
-0.78442
-0.845485
-0.873184
-0.872204
-0.87208
-0.875182
-0.877379
-0.876803
-0.87415
-0.874823
-0.876449
-0.871735
-0.869533
-0.876514
-0.869571
-0.873473
-0.868824
-0.870058
-0.87519
-0.874287
-0.870192
-0.873451
-0.873498
-0.874759
-0.880104
-0.87096
-0.869973
-0.872244
-0.875303
-0.873003
-0.873865
-0.873343
-0.871119
-0.868372
-0.864508
-0.863945
-0.872997
-0.866463
-0.850184
-0.879195
-0.880767
-0.883979
-0.881533
-0.882873
-0.881192
-0.880836
-0.847875
-0.828442
-0.833487
-0.805178
-0.773567
-0.764209
-0.777304
-0.76401
-0.742966
-0.771823
-0.872434
-0.857875
-0.85135
-0.876104
-0.884611
-0.883502
-0.884572
-0.88556
-0.887926
-0.883549
-0.88589
-0.886464
-0.883482
-0.886275
-0.88349
-0.884065
-0.885053
-0.883949
-0.884537
-0.882041
-0.882545
-0.883696
-0.881585
-0.887389
-0.884665
-0.8847
-0.88587
-0.884248
-0.882803
-0.885869
-0.884151
-0.884532
-0.885277
-0.883587
-0.886716
-0.882876
-0.884575
-0.885899
-0.885169
-0.886413
-0.885212
-0.88487
-0.886983
-0.886935
-0.886894
-0.887116
-0.885402
-0.885697
-0.885301
-0.885916
-0.883652
-0.879363
-0.881698
-0.878801
-0.882025
-0.882856
-0.882723
-0.882585
-0.881676
-0.88709
-0.885501
-0.885497
-0.885115
-0.884163
-0.88509
-0.885974
-0.886632
-0.883719
-0.882173
-0.886088
-0.884838
-0.883722
-0.887565
-0.886491
-0.883587
-0.885266
-0.88885
-0.885062
-0.886834
-0.884226
-0.884515
-0.886639
-0.884149
-0.885415
-0.886527
-0.887754
-0.883992
-0.883938
-0.885353
-0.882437
-0.883601
-0.884152
-0.880175
-0.880551
-0.87778
-0.880777
-0.881027
-0.881017
-0.881974
-0.882455
-0.881057
-0.881054
-0.881091
-0.881754
-0.888711
-0.886228
-0.887668
-0.884005
-0.88391
-0.884179
-0.88658
-0.887851
-0.885336
-0.888156
-0.886192
-0.88749
-0.885624
-0.889141
-0.884686
-0.886039
-0.887975
-0.887924
-0.888597
-0.889546
-0.885281
-0.885192
-0.884897
-0.885515
-0.886997
-0.888047
-0.886118
-0.885161
-0.889853
-0.885663
-0.887557
-0.887449
-0.887358
-0.89075
-0.887174
-0.888034
-0.88758
-0.886736
-0.889811
-0.885
-0.884865
-0.886558
-0.887187
-0.887252
-0.885419
-0.889535
-0.886393
-0.887254
-0.88829
-0.887075
-0.885347
-0.883976
-0.887375
-0.884182
-0.884444
-0.845946
-0.806935
-0.817038
-0.816693
-0.811108
-0.780074
-0.757006
-0.76196
-0.773272
-0.804618
-0.791835
-0.74843
-0.725491
-0.752084
-0.722979
-0.725282
-0.739381
-0.78358
-0.878983
-0.883407
-0.886815
-0.890045
-0.886066
-0.886658
-0.884044
-0.884282
-0.731537
-0.789136
-0.858302
-0.866017
-0.863454
-0.845833
-0.781189
-0.760693
-0.756709
-0.813873
-0.782823
-0.721465
-0.805285
-0.867046
-0.873503
-0.874939
-0.876798
-0.875859
-0.87355
-0.872906
-0.876703
-0.869261
-0.874018
-0.875564
-0.873515
-0.868874
-0.870192
-0.874765
-0.874688
-0.877614
-0.873329
-0.877682
-0.877368
-0.873142
-0.879045
-0.874853
-0.8775
-0.874501
-0.87811
-0.87494
-0.875907
-0.875271
-0.879838
-0.877231
-0.873793
-0.877034
-0.875051
-0.874619
-0.877127
-0.879038
-0.877398
-0.872941
-0.877556
-0.876974
-0.875772
-0.87487
-0.876076
-0.874809
-0.873336
-0.877785
-0.876822
-0.87725
-0.87752
-0.875469
-0.874354
-0.877515
-0.873561
-0.872078
-0.876198
-0.870773
-0.873911
-0.873184
-0.874956
-0.873545
-0.876015
-0.874741
-0.873821
-0.877363
-0.876073
-0.880657
-0.872865
-0.878069
-0.878074
-0.875071
-0.877747
-0.875751
-0.878923
-0.878197
-0.877775
-0.879497
-0.874906
-0.877448
-0.877701
-0.874313
-0.876715
-0.880566
-0.879435
-0.874215
-0.875599
-0.876747
-0.87497
-0.876698
-0.876542
-0.877431
-0.878451
-0.876625
-0.87803
-0.87887
-0.876834
-0.877615
-0.875903
-0.876246
-0.876088
-0.877061
-0.874784
-0.872712
-0.878364
-0.87857
-0.880421
-0.876447
-0.87731
-0.879206
-0.857188
-0.836427
-0.823973
-0.827077
-0.848067
-0.79123
-0.78723
-0.829542
-0.847744
-0.84195
-0.810975
-0.788843
-0.785294
-0.751906
-0.770503
-0.803316
-0.764204
-0.729655
-0.740128
-0.773821
-0.752823
-0.720219
-0.842231
-0.866576
-0.867296
-0.868255
-0.866574
-0.870752
-0.869303
-0.873182
-0.874886
-0.874295
-0.875387
-0.801835
-0.716885
-0.755122
-0.782727
-0.781528
-0.806876
-0.755996
-0.752242
-0.788464
-0.779378
-0.770093
-0.772098
-0.820903
-0.86968
-0.873686
-0.87426
-0.869402
-0.871289
-0.87473
-0.869751
-0.861987
-0.881566
-0.880024
-0.87646
-0.866332
-0.791457
-0.792502
-0.785101
-0.763848
-0.781686
-0.740061
-0.773381
-0.757413
-0.744281
-0.736204
-0.76127
-0.868334
-0.875149
-0.876507
-0.878387
-0.875787
-0.880293
-0.877748
-0.883505
-0.877699
-0.872967
-0.870178
-0.878774
-0.87393
-0.876265
-0.877127
-0.869128
-0.873082
-0.85311
-0.859102
-0.855333
-0.826048
-0.816916
-0.801998
-0.756463
-0.740642
-0.747427
-0.708457
-0.756473
-0.867843
-0.895216
-0.883778
-0.88755
-0.877111
-0.87451
-0.881583
-0.873316
-0.870703
-0.876513
-0.875098
-0.872104
-0.87237
-0.876265
-0.877525
-0.877751
-0.875806
-0.877498
-0.884783
-0.885411
-0.88662
-0.88217
-0.881031
-0.874747
-0.878133
-0.878105
-0.873244
-0.876013
-0.874484
-0.873692
-0.873626
-0.873369
-0.874666
-0.874089
-0.871615
-0.867241
-0.870056
-0.865837
-0.868421
-0.866569
-0.868754
-0.86901
-0.871976
-0.873576
-0.87491
-0.874845
-0.877785
-0.877406
-0.878406
-0.872925
-0.871956
-0.876107
-0.873997
-0.879138
-0.878294
-0.88111
-0.877196
-0.879567
-0.878869
-0.878235
-0.873667
-0.878168
-0.88315
-0.884399
-0.877912
-0.872552
-0.873884
-0.882538
-0.875326
-0.879402
-0.873861
-0.876855
-0.871197
-0.850092
-0.852813
-0.869881
-0.833211
-0.84556
-0.800281
-0.77849
-0.780191
-0.794153
-0.806579
-0.804836
-0.828891
-0.833896
-0.806835
-0.809846
-0.76048
-0.729993
-0.723772
-0.687827
-0.750121
-0.769568
-0.865806
-0.871586
-0.875468
-0.80309
-0.859796
-0.764741
-0.782011
-0.819698
-0.82667
-0.789706
-0.740173
-0.757662
-0.737989
-0.740784
-0.740499
-0.813449
-0.873252
-0.875719
-0.879492
-0.877219
-0.875338
-0.878422
-0.878175
-0.875537
-0.874436
-0.87344
-0.862669
-0.865089
-0.87379
-0.870364
-0.868972
-0.871273
-0.872954
-0.876664
-0.876604
-0.877965
-0.879487
-0.875889
-0.876739
-0.879247
-0.874754
-0.871922
-0.87631
-0.878518
-0.877808
-0.881881
-0.879909
-0.880328
-0.879058
-0.880058
-0.880006
-0.877049
-0.879884
-0.877871
-0.881269
-0.881095
-0.878157
-0.877007
-0.877683
-0.876678
-0.874656
-0.871859
-0.871348
-0.87702
-0.874964
-0.876666
-0.877399
-0.873781
-0.875701
-0.871763
-0.871389
-0.874084
-0.875109
-0.874773
-0.875238
-0.874945
-0.87138
-0.875143
-0.876831
-0.878152
-0.878999
-0.881624
-0.875649
-0.878934
-0.875646
-0.876418
-0.875606
-0.87886
-0.87615
-0.881242
-0.873263
-0.876098
-0.87634
-0.874794
-0.872457
-0.87596
-0.875531
-0.873284
-0.872679
-0.876811
-0.869317
-0.871202
-0.871424
-0.873474
-0.865621
-0.871989
-0.874157
-0.878419
-0.878736
-0.878219
-0.873606
-0.875236
-0.876906
-0.88001
-0.881694
-0.879338
-0.874685
-0.878286
-0.876991
-0.873625
-0.876337
-0.877672
-0.876355
-0.870745
-0.872152
-0.877974
-0.875723
-0.878239
-0.877282
-0.877147
-0.878551
-0.799595
-0.791705
-0.791281
-0.850678
-0.872961
-0.758118
-0.717054
-0.720271
-0.7246
-0.72266
-0.712302
-0.789664
-0.854451
-0.86507
-0.874921
-0.874696
-0.837933
-0.85802
-0.840456
-0.834625
-0.841804
-0.781243
-0.764692
-0.778645
-0.6511
-0.712561
-0.794835
-0.833358
-0.85678
-0.868935
-0.858173
-0.87593
-0.88817
-0.884076
-0.887089
-0.886034
-0.880399
-0.809932
-0.768676
-0.777699
-0.802507
-0.581412
-0.741256
-0.77524
-0.793705
-0.822056
-0.784695
-0.755775
-0.766459
-0.781619
-0.820192
-0.789612
-0.890258
-0.896143
-0.897428
-0.892732
-0.898221
-0.892099
-0.894342
-0.889254
-0.882207
-0.891346
-0.894585
-0.892862
-0.892251
-0.889225
-0.885703
-0.886411
-0.885741
-0.884259
-0.89308
-0.89449
-0.892494
-0.893484
-0.891238
-0.895189
-0.892883
-0.89295
-0.894922
-0.89406
-0.894546
-0.893604
-0.894155
-0.892834
-0.885581
-0.878516
-0.889299
-0.89102
-0.897647
-0.894112
-0.892153
-0.882763
-0.892844
-0.893145
-0.892747
-0.890464
-0.892159
-0.896285
-0.893097
-0.891873
-0.892874
-0.894343
-0.896261
-0.894459
-0.892653
-0.898332
-0.896276
-0.897243
-0.894876
-0.895517
-0.898817
-0.893825
-0.897242
-0.891368
-0.894003
-0.891986
-0.890643
-0.893763
-0.892699
-0.894415
-0.891196
-0.893012
-0.894708
-0.892374
-0.892583
-0.894181
-0.894816
-0.894854
-0.888372
-0.89244
-0.894586
-0.892826
-0.891763
-0.895074
-0.893596
-0.896813
-0.892469
-0.892791
-0.892306
-0.889679
-0.891294
-0.887826
-0.888366
-0.889374
-0.891412
-0.889708
-0.891058
-0.88822
-0.886071
-0.875858
-0.882184
-0.879267
-0.884872
-0.883966
-0.893457
-0.894919
-0.893504
-0.893211
-0.893373
-0.894096
-0.894707
-0.891967
-0.890692
-0.893321
-0.89227
-0.892472
-0.894535
-0.854998
-0.809382
-0.815008
-0.83893
-0.841356
-0.868211
-0.876866
-0.886537
-0.890322
-0.878198
-0.87159
-0.73581
-0.765185
-0.801437
-0.824937
-0.783858
-0.756045
-0.758669
-0.768313
-0.790286
-0.817341
-0.780244
-0.744408
-0.722644
-0.734189
-0.727623
-0.766798
-0.784016
-0.830765
-0.83929
-0.845974
-0.854796
-0.860595
-0.8591
-0.860667
-0.859378
-0.849788
-0.84646
-0.86143
-0.860357
-0.818182
-0.707692
-0.742856
-0.777575
-0.796446
-0.830495
-0.722565
-0.713948
-0.760755
-0.752687
-0.713807
-0.74441
-0.835013
-0.863947
-0.875895
-0.882455
-0.881508
-0.884927
-0.883689
-0.882889
-0.876513
-0.864868
-0.865332
-0.866913
-0.80998
-0.824458
-0.785986
-0.788107
-0.773881
-0.789055
-0.791035
-0.79045
-0.792349
-0.792046
-0.805368
-0.796485
-0.744862
-0.762558
-0.755979
-0.756439
-0.760503
-0.878338
-0.876988
-0.876438
-0.882447
-0.878617
-0.871511
-0.87859
-0.875375
-0.875812
-0.887015
-0.885919
-0.884756
-0.869527
-0.83534
-0.828626
-0.82163
-0.833921
-0.858679
-0.863378
-0.84806
-0.867228
-0.85991
-0.868808
-0.865967
-0.867479
-0.857274
-0.861322
-0.869949
-0.869353
-0.868131
-0.867182
-0.867922
-0.871425
-0.873274
-0.876001
-0.877083
-0.869157
-0.871352
-0.874651
-0.864833
-0.875332
-0.873116
-0.833064
