        0.00
        0.00
        0.00
      983.55
     3667.51
     6795.44
    10929.36
    16635.97
    21875.76
    27358.64
    32592.62
    37833.58
    46530.31
    56919.71
    68257.05
    77699.28
    84606.20
    95915.28
   105443.83
   115252.62
   121012.64
   126060.06
   131171.35
   135933.88
   135789.12
   135522.42
   132032.97
   132097.22
   128625.96
   126269.08
   117398.16
   110188.17
   100726.59
    92082.11
    79148.87
    64141.70
    49111.70
    34761.39
    20286.44
     7105.09
      958.39
        0.00
