GlobalSignal	CompCorrVec1	CompCorrVec2	CompCorrVec3	CompCorrVec4	CompCorrVec5	CompCorrVec6	CompCorrVec7	CompCorrVec8	CompCorrVec9	CompCorrVec10	CompCorrVec11	CompCorrVec12
-0.00154795551947705	-0	-0	-0	-0	-0	-0	-0	-0	-0	-0	-0	-0
0	-0	-0	-0	-0	-0	-0	-0	-0	-0	-0	-0	-0
0	-0	-0	-0	-0	-0	-0	-0	-0	-0	-0	-0	-0
0	-0	-0	-0	-0	-0	-0	-0	-0	-0	-0	-0	-0
0	-0	-0	-0	-0	-0	-0	-0	-0	-0	-0	-0	-0
0	-0	-0	-0	-0	-0	-0	-0	-0	-0	-0	-0	-0
0	-0	-0	-0	-0	-0	-0	-0	-0	-0	-0	-0	-0
0	-0	-0	-0	-0	-0	-0	-0	-0	-0	-0	-0	-0
0	-0	-0	-0	-0	-0	-0	-0	-0	-0	-0	-0	-0
0	-0	-0	-0	-0	-0	-0	-0	-0	-0	-0	-0	-0
0	-0	-0	-0	-0	-0	-0	-0	-0	-0	-0	-0	-0
0	-0	-0	-0	-0	-0	-0	-0	-0	-0	-0	-0	-0
0	-0	-0	-0	-0	-0	-0	-0	-0	-0	-0	-0	-0
0	-0	-0	-0	-0	-0	-0	-0	-0	-0	-0	-0	-0
0	-0	-0	-0	-0	-0	-0	-0	-0	-0	-0	-0	-0
0	-0	-0	-0	-0	-0	-0	-0	-0	-0	-0	-0	-0
0	-0	-0	-0	-0	-0	-0	-0	-0	-0	-0	-0	-0
0	-0	-0	-0	-0	-0	-0	-0	-0	-0	-0	-0	-0
0	-0	-0	-0	-0	-0	-0	-0	-0	-0	-0	-0	-0
0	-0	-0	-0	-0	-0	-0	-0	-0	-0	-0	-0	-0
0	-0	-0	-0	-0	-0	-0	-0	-0	-0	-0	-0	-0
0	-0	-0	-0	-0	-0	-0	-0	-0	-0	-0	-0	-0
0	-0	-0	-0	-0	-0	-0	-0	-0	-0	-0	-0	-0
0	-0	-0	-0	-0	-0	-0	-0	-0	-0	-0	-0	-0
0	-0	-0	-0	-0	-0	-0	-0	-0	-0	-0	-0	-0
0.000320990162511026	4.02343786778547e-23	-0	-0	-0	-0	-0	-0	-0.272715088654021	-5.42073258376834e-22	-1.00065358644295e-11	-0	-0
0	5.71635247817372e-18	-1.7093554724995e-19	-1.54416202670324e-22	-3.46944695195361e-18	-1.62075235979618e-18	-0	8.60333106775358e-21	-0	1.45857442022108e-17	-8.58256945084976e-07	-1.27080259877951e-13	-5.41102916987362e-07
0	5.85179102161359e-18	4.96321370630655e-20	-1.39732131210374e-23	1.21430643318376e-17	4.89643912036105e-19	-0	-6.91270475825304e-21	-0	1.57603720951202e-17	-5.73402324526835e-07	-1.7055732958909e-13	4.59498498585526e-07
0.000107703281784705	0.00106242336496128	1.84399064510715e-19	1.55539641573554e-22	-1.0842021724855e-18	1.24687072658374e-18	-0	-2.44085166010486e-21	-0	-0.243267839249914	0.0236773980084503	2.72878719086004e-13	-2.41861719666529e-08
0	-5.21563121102068e-18	5.37046725973799e-20	4.06657417988197e-23	4.33680868994202e-19	5.81235188608819e-20	-0	5.632516340634e-22	-0	-1.65338201051595e-17	-2.35409594864647e-07	1.04254244995592e-13	-2.18104802650931e-07
0	3.9534483304034e-16	-5.8630752317311e-21	-1.15163468524936e-23	1.35525271560688e-18	5.06304108598934e-20	-0	2.14040102178905e-22	-0	1.25323421046754e-15	1.51044498668115e-05	-1.90542055265705e-14	4.54582066527025e-08
0	-3.89709464683967e-26	4.15314442579729e-19	-5.13918267291246e-24	-0	1.41015323547622e-18	-0	5.24224743853201e-21	-0	-8.96849389827156e-23	1.18261363560425e-11	9.23517816888732e-14	5.99737854203769e-07
0	-0	4.18537302489219e-20	3.90338776245531e-22	1.38777878078145e-17	6.94287381803455e-19	-0	2.02116412798504e-21	-0	-0	1.35746539394519e-11	1.16239477924663e-12	2.19436980490267e-06
0	-0	2.98423463921496e-19	5.19756999193134e-22	-2.08166817117217e-17	1.93623033137965e-18	-0	1.58945856629361e-20	-0	-0	-4.7798734001614e-11	1.35339356906986e-12	-3.56906747522743e-06
0	-0	3.52273155778851e-19	-7.05080999321958e-22	-3.46944695195361e-18	-7.74739737816969e-19	-0	-8.7419549061901e-21	-0	-0	-4.80235208599541e-13	-3.26670319243088e-12	-1.01934086988429e-06
3.61611280457476e-05	0.000356706190401477	-8.36802570373591e-20	9.48640453279076e-23	-6.93889390390723e-18	-3.23145803523855e-18	-0	-3.65360183568417e-21	-0	-0.0816766150367917	0.00795015317004021	1.52869649109377e-13	-1.46858791668018e-06
0	-0	-2.09924601720831e-19	2.29589472010348e-22	1.73472347597681e-18	-8.28204866970231e-19	-0	9.74934457000605e-21	-0	-0	8.37597559052113e-20	1.19670198540003e-12	2.07203282242468e-06
0	-0	1.22232696000246e-18	1.25224158748018e-22	1.04083408558608e-17	8.22932972206686e-18	-0	1.56822845888456e-20	-0	-0	2.42539039138094e-24	3.26154609218999e-13	3.2366936231468e-06
0	-0	4.8111186531442e-19	-2.20359622714419e-22	7.80625564189563e-18	1.63716066935047e-18	-0	6.85523347713907e-21	-0	-0	-1.08286321630005e-29	7.70163035785878e-14	-3.5563119485789e-07
0	-0	6.71606936838273e-19	1.71924320440318e-22	-2.60208521396521e-18	6.87629892570216e-18	-0	2.6656024486492e-20	-0	-0	-3.14299169356024e-36	9.11611668166249e-13	-4.13703100158758e-07
0	-0	-3.07206066399398e-20	-1.51600234295949e-22	-4.77048955893622e-18	-6.0600555268657e-19	-0	1.52733083994235e-20	-0	-0	-0	5.16925980606952e-13	-1.12412557218306e-07
0	-0	5.21572498041184e-20	-5.52021889844104e-23	-1.73472347597681e-18	1.96411551698029e-18	-0	6.34271753948005e-21	-0	-0	-0	1.83398206643538e-12	-4.5842566158975e-07
0	-0	8.04099969125585e-20	-1.01555807236491e-23	-0	5.51316689772321e-19	-0	-1.01137111674871e-20	-0	-0	-0	1.55432423864759e-13	-2.23263936757051e-06
0	-0	-5.16687200958235e-19	1.58741129427754e-22	8.67361737988404e-19	-4.42388313624524e-18	-0	-2.21119853396144e-20	-0	-0	-0	2.21734147570484e-12	1.42116694374299e-06
0	-0	4.90967306447661e-20	-2.39688507184311e-23	2.60208521396521e-18	-4.2568906216866e-19	-0	6.09432747999259e-21	-0	-0	-0	1.05310713851758e-13	1.07635609069091e-06
0	-0	3.51274912961162e-20	3.00993576567001e-22	-4.33680868994202e-18	-8.93098327042768e-19	-0	1.90110144701238e-20	-0	-0	-0	1.62937141178712e-12	-2.49794384576745e-06
0	-0	2.76464896376031e-19	1.69093811781738e-22	-2.08166817117217e-17	2.4434665287982e-18	-0	9.87585150493838e-21	-0	-0	-0	3.83369477745076e-13	-3.48439993659319e-06
0	-0	5.38567487445073e-20	-9.82373912634754e-23	1.73472347597681e-18	1.22572998274761e-18	-0	8.88717195572004e-21	-0	-0	-0	7.70709912684991e-14	1.62917483242123e-06
0	-0	-2.91950675722319e-20	3.78984429868534e-23	3.46944695195361e-18	-1.76168509026118e-18	-0	4.89747468181079e-21	-0	-0	-0	-1.26464384068707e-13	2.70666505086064e-06
0	-0	4.63964243606866e-19	1.07294372736077e-22	3.46944695195361e-18	-1.53216850534287e-18	-0	1.20754669253847e-20	-0	-0	-0	-1.21046458875068e-13	1.1832578981809e-06
-0.00305218245663343	-0	9.06482624048947e-20	-5.56335002620618e-24	-0.150816540270638	9.37204289232657e-19	-0	8.50078571339758e-21	-0	-0	-0	-3.06543802090809e-14	0.28337767384056
0	-0	-3.79592956301324e-20	-6.90911801597628e-23	-1.08049517435555e-18	3.27500610438682e-18	-0	6.38891202239944e-21	-0	-0	-0	9.80654632904104e-15	-0.000209987630053957
0	-0	3.44798694497708e-19	5.15899623352252e-21	-0	-2.30617205792106e-18	-0	-6.3794443586774e-20	-0	-0	-0	2.4233241822963e-11	-8.86451636903125e-10
0	-0	9.72626051598231e-19	2.88122516988705e-21	-0	-7.55659709143184e-18	-0	-1.00568205283891e-19	-0	-0	-0	-5.09630646444326e-11	3.54020806792222e-10
0	-0	-1.58593750270577e-18	6.7859829502319e-22	-0	2.14710475792719e-18	-0	9.04546556751171e-20	-0	-0	-0	4.37685849189644e-11	-5.69954405272047e-11
0	-0	1.42019444307426e-18	-3.53182857105415e-21	-0	-1.09039173381442e-17	-0	5.65109114980915e-20	-0	-0	-0	-3.58925205559848e-11	-2.93145370900832e-11
0	-0	9.25772481500616e-19	-2.16972705846927e-21	-0	-9.07957370600381e-18	-0	7.62036003411414e-20	-0	-0	-0	3.72577858148875e-11	1.0688244133007e-16
0	-0	2.28951549232337e-18	-1.59366684765998e-21	-0	6.68452277557713e-18	-0	-3.29862257493284e-19	-0	-0	-0	3.77339874979831e-11	-5.69373011829306e-20
0	-0	-5.63832706956906e-19	-4.36503209244233e-21	-0	-3.32695386139243e-18	-0	-3.17434695970287e-20	-0	-0	-0	-5.06717762850556e-11	8.83708015383838e-22
0	-0	-1.2537832915708e-18	-2.24737217612415e-21	-0	-1.58173142254988e-17	-0	8.57269307334644e-21	-0	-0	-0	-2.02211726320801e-11	-5.3570309136451e-28
0	-0	2.87762535509535e-18	6.89434361047635e-21	-0	1.68496935753693e-17	-0	-1.40025134092977e-20	-0	-0	-0	6.16406596270417e-11	-0
0	-0	-1.22506502883394e-18	3.26022898680119e-21	-0	1.48034381581519e-17	-0	-4.63320404703202e-19	-0	-0	-0	3.69350748074641e-11	-0
0	-0	-2.15365770093596e-18	2.06562508590976e-21	-0	1.15480376148434e-18	-0	2.66104623443768e-19	-0	-0	-0	-3.54158357380128e-11	-0
0	-0	5.69804158145072e-19	-1.13013551190057e-21	-0	1.08868512916284e-17	-0	-1.3946658038435e-19	-0	-0	-0	9.20275707721062e-11	-0
0	-0	-1.00556715136558e-18	-4.14727679618774e-21	-0	1.23994959606386e-19	-0	-6.51790159776868e-19	-0	-0	-0	-8.37706355609752e-11	-0
0	-0	8.94663953378035e-19	-4.78756952026634e-21	-0	7.29215560824354e-18	-0	1.95933858105129e-19	-0	-0	-0	-6.16578854104199e-14	-0
0	-0	2.53249606086254e-18	-9.41274668418232e-21	-0	1.32857965367198e-17	-0	-5.41621321487471e-20	-0	-0	-0	-3.07728393220529e-11	-0
0	-0	-2.92297769001126e-19	-6.338529937629e-21	-0	1.12968439254365e-18	-0	-1.13011483238526e-19	-0	-0	-0	-5.71122477602187e-11	-0
0	-0	-3.83966314104519e-19	6.72404780186699e-21	-0	2.57307047737562e-18	-0	-3.74975240535854e-19	-0	-0	-0	4.7183692324286e-11	-0
0	-0	-2.24624501475148e-19	-2.31998312426982e-21	-0	1.06875743096974e-17	-0	-7.50223864264157e-20	-0	-0	-0	3.40475010955009e-11	-0
0	-0	-2.40987934117543e-18	-3.48726421555285e-21	-0	-1.0220871545416e-17	-0	2.24285887190691e-19	-0	-0	-0	-8.49551835226096e-12	-0
0	-0	1.60157920338873e-19	2.44082904188499e-21	-0	8.15385791819632e-18	-0	-3.86515650851888e-21	-0	-0	-0	2.84564686170074e-11	-0
0	-0	1.12952442346446e-18	5.58566633323503e-22	-0	1.08029353076135e-17	-0	1.75490502856188e-20	-0	-0	-0	-1.13178790907048e-11	-0
0	-0	1.19310512724074e-18	-7.43689008178017e-21	-0	1.10983253806169e-17	-0	-3.07708292737582e-19	-0	-0	-0	-3.23918699148282e-11	-0
0	-0	-4.10823885743086e-19	7.14154136665899e-21	-0	7.26043322652931e-18	-0	-5.60916756841343e-19	-0	-0	-0	3.25555639975056e-11	-0
0	-0	-1.54601651882086e-18	8.15108945488582e-22	-0	-1.34027459042415e-17	-0	-4.37826698224318e-20	-0	-0	-0	-1.28035051572648e-11	-0
0	-0	-1.47651270326106e-18	4.19296560033423e-21	-0	-1.5127153671678e-19	-0	3.63103751179646e-19	-0	-0	-0	3.01323912045048e-11	-0
0	-0	-1.01105321871708e-18	2.42235964977033e-21	-0	-3.62014918074045e-18	-0	-7.28877537979037e-19	-0	-0	-0	-2.10905304881231e-11	-0
0	-0	-2.61130034543525e-18	-7.94669183305426e-21	-0	-1.03508562980987e-17	-0	1.38309147912235e-19	-0	-0	-0	-1.34733334461327e-11	-0
-0.00406213459215666	-0	-5.6798391559488e-19	5.28250292217302e-24	-0.359190408320391	-5.76606860263551e-18	-0	4.960424014999e-21	-0	-0	-0	3.05431907579024e-14	0.172044789020936
0	-0	2.34601306856323e-18	6.23215968073351e-21	-0	8.04637546429623e-18	-0	1.85491943642566e-19	-0	-0	-0	6.29461742781398e-11	-0
0	-0	-3.79019502812134e-18	-5.59184433843504e-21	-0	-1.69691652774092e-17	-0	-4.44807482208806e-19	-0	-0	-0	3.06578169412128e-12	-0
0	-0	-1.83832130941338e-18	-3.28742254943887e-21	-0	-4.14232624641547e-18	-0	2.73371094932317e-19	-0	-0	-0	-8.52842548488847e-11	-0
0.000722155611462423	-4.74165688364816e-18	6.52721997167296e-21	3.36824673867647e-24	8.67361737988404e-19	1.27564067942251e-19	-0	-2.32649394041941e-22	-0.613547561898284	-1.77805361831627e-17	3.07340715062171e-08	3.04159018948489e-15	5.04173273822012e-08
0	-0	-1.4886560088342e-18	1.86968667831127e-21	-0	-3.92017206914003e-18	-0	1.71942104823488e-19	-0	-0	-0	1.55127749986994e-11	-0
0	-0	-2.08668961904438e-18	3.62835020878143e-21	-0	-2.11623216037161e-18	-0	-3.5389785134739e-20	-0	-0	-0	7.26739976207463e-12	-0
0	-0	-1.36454519485952e-19	1.11356605025537e-21	-0	-4.87862002475128e-18	-0	-2.14699691071814e-19	-0	-0	-0	-3.37152898486671e-11	-0
0	-0	-1.41324747248927e-18	2.38383112780126e-21	-0	-2.07594154321609e-18	-0	-7.68222952501793e-19	-0	-0	-0	2.59080747416304e-11	-0
0	-0	1.84954835200611e-18	-4.42368436775117e-21	-0	-3.32767542711263e-18	-0	-2.82232577437021e-19	-0	-0	-0	-3.90740977431134e-12	-0
0	-0	1.16966275280647e-18	4.45023169553529e-22	-0	1.41408058754661e-17	-0	3.89504874790501e-20	-0	-0	-0	-5.99106633437472e-11	-0
0	-0	-4.1270319101164e-18	3.42034013411848e-21	-0	-1.06088808920791e-17	-0	5.62313658100792e-19	-0	-0	-0	5.4245998734565e-11	-0
0.00128064534457714	-0	-0.014785771283366	-3.20222294634591e-21	-0	-0.236363698649679	-0	-2.53323041543296e-19	-0	-0	-0	-7.43621051555384e-12	-0
0	-0	-7.21147079078009e-19	-1.69696506562037e-21	-0	-2.00515623973781e-17	-0	-7.77695942208766e-19	-0	-0	-0	1.0509747705548e-12	-0
0	-0	-4.10999590659793e-17	-4.27057840624643e-22	-0	6.63972687597431e-18	-0	-5.50630869321822e-20	-0	-0	-0	2.01644521397356e-11	-0
0	-0	1.47232150590885e-23	8.8957071025484e-20	-0	-6.1425522759211e-24	-0	-5.69110187603834e-19	-0	-0	-0	5.48151202460428e-10	-0
0	-0	-0	1.90608882911819e-19	-0	-0	-0	-8.14925104597442e-18	-0	-0	-0	-1.92041000778119e-10	-0
0	-0	-0	1.65234290441143e-19	-0	-0	-0	-5.5578596229683e-19	-0	-0	-0	-2.84177189210311e-09	-0
0	-0	-0	-4.87133280177378e-19	-0	-0	-0	-3.25165360539085e-18	-0	-0	-0	7.96277405547034e-10	-0
0	-0	-0	1.06077310881555e-18	-0	-0	-0	-2.7890942068512e-18	-0	-0	-0	2.98861819903678e-09	-0
0	-0	-0	1.25061105939647e-18	-0	-0	-0	6.29299157695642e-18	-0	-0	-0	-1.47974053844574e-09	-0
0	-0	-0	-4.87920756120529e-19	-0	-0	-0	-5.15996589599559e-18	-0	-0	-0	-2.37482697239072e-09	-0
0	-0	-0	-8.27852283210421e-19	-0	-0	-0	9.62626474774911e-19	-0	-0	-0	-7.884705933218e-10	-0
0	-0	-0	2.9708191699842e-19	-0	-0	-0	1.08644548630675e-17	-0	-0	-0	-1.40658516503564e-09	-0
0	-0	-0	-1.81976426039216e-19	-0	-0	-0	-1.80558307597055e-18	-0	-0	-0	-9.07192908984545e-10	-0
0	-0	-0	5.63991593973356e-19	-0	-0	-0	-1.4865692922109e-18	-0	-0	-0	1.97929219817613e-09	-0
0.00207910005022188	-0	-0.0240043802509509	-9.61390666939756e-22	-0	-0.383731358423473	-0	-8.73404576706439e-19	-0	-0	-0	-7.43583866865338e-12	-0
0	-0	-0	-1.45332324903117e-18	-0	-0	-0	-1.07490995635633e-17	-0	-0	-0	-2.17735410337314e-09	-0
0	-0	-0	5.17280704782486e-19	-0	-0	-0	6.19387548723787e-18	-0	-0	-0	1.07755879048701e-09	-0
0	-0	-0	8.56899557600833e-19	-0	-0	-0	-6.99760387506379e-18	-0	-0	-0	2.98482613921519e-09	-0
0	-0	-0	9.04207671193966e-19	-0	-0	-0	1.14058809699304e-17	-0	-0	-0	2.24946004645873e-09	-0
0	-0	-0	8.21542549497866e-19	-0	-0	-0	5.48419422633677e-18	-0	-0	-0	7.50339385722993e-11	-0
0	-0	-0	-1.3699682587042e-19	-0	-0	-0	9.23157055538575e-18	-0	-0	-0	5.33966283012872e-10	-0
0	-0	-0	2.8499019080412e-19	-0	-0	-0	-1.93097042194379e-18	-0	-0	-0	8.13339413993729e-11	-0
0	-0	-0	7.06852303206164e-19	-0	-0	-0	3.67351863877443e-18	-0	-0	-0	1.82566081153505e-09	-0
0	-0	-0	6.65655399978573e-19	-0	-0	-0	1.02254082090335e-17	-0	-0	-0	-2.34056864015717e-09	-0
0.00205397306354827	-0	-0	1.09429377595865e-19	-0	-0	-0	-1.12999489119644e-18	-0	-0	-0	8.77399648999635e-10	-0
0	-0	-0	-4.22325333545074e-19	-0	-0	-0	4.7842538443291e-18	-0	-0	-0	-3.30505847896801e-10	-0
0	-0	-0	-4.90680230644006e-19	-0	-0	-0	-3.37015880866765e-18	-0	-0	-0	1.16571569122959e-09	-0
0	-0	-0	-1.64625485510304e-18	-0	-0	-0	-9.28053633892644e-18	-0	-0	-0	2.07237015125361e-10	-0
0	-0	-0	4.11697717034993e-19	-0	-0	-0	3.43678324392512e-18	-0	-0	-0	-2.2700187581265e-09	-0
0	-0	-0	1.37480726528763e-19	-0	-0	-0	-2.47587730482432e-18	-0	-0	-0	-2.97133330815386e-09	-0
0	-0	-0	4.92387531428315e-19	-0	-0	-0	-3.84126794601865e-18	-0	-0	-0	1.44533779705795e-09	-0
0	-0	-0	-5.6952046918766e-19	-0	-0	-0	-1.05145376116229e-17	-0	-0	-0	1.80409308945966e-09	-0
0	-0	-0	4.23192218827029e-19	-0	-0	-0	-5.49528506398988e-18	-0	-0	-0	3.45938390532904e-09	-0
0.00172177650730152	-0	-1.68690255455545e-19	-4.83638630305243e-23	0.195872663711524	1.29343100536442e-18	-0	-7.16738187507204e-21	-0	-0	-0	-3.96448426877104e-14	-0.279531205392496
0.00117967240474422	-0	-0	4.46819805843994e-19	-0	-0	-0	-9.96642788541051e-18	-0	-0	-0	2.10152676530594e-09	-0
0	-0	-0	-1.48409436781814e-19	-0	-0	-0	1.24206793803002e-18	-0	-0	-0	2.05314753589125e-09	-0
0	-0	-0	4.68789722913402e-19	-0	-0	-0	6.52744764977845e-20	-0	-0	-0	-7.51434161021886e-10	-0
0	-0	-0	2.35698498102085e-19	-0	-0	-0	1.2264719438887e-17	-0	-0	-0	1.5147538657242e-09	-0
0	-0	-0	4.12740378197116e-19	-0	-0	-0	7.74201348680231e-19	-0	-0	-0	2.42887032856977e-09	-0
0	-0	-0	2.12570528175102e-19	-0	-0	-0	8.57114624560097e-18	-0	-0	-0	-9.21335629544096e-10	-0
0	-0	-0	9.57610451540389e-20	-0	-0	-0	-7.25781504343827e-18	-0	-0	-0	1.93460303034409e-09	-0
0	-0	-0	3.72959194587909e-20	-0	-0	-0	-5.08150946925616e-18	-0	-0	-0	1.82670915104421e-09	-0
-0.00198991064304812	-0	-0	4.25002090007295e-19	-0	-0	-0	1.30290872644452e-18	-0	-0	-0	3.64951428010081e-10	-0
0	-0	-0	5.31288181275459e-19	-0	-0	-0	-8.57777030794629e-18	-0	-0	-0	5.60407488545599e-10	-0
0	-0	-0	5.81619640007473e-20	-0	-0	-0	2.40411442360167e-18	-0	-0	-0	-5.65675107282027e-10	-0
-0.00158174109580359	-0	-0	-1.80077219352794e-19	-0	-0	-0	8.25931238955828e-18	-0	-0	-0	-1.90918341974914e-10	-0
0	-0	-0	-1.48892510259545e-21	-0	-0	-0	-1.10187075036964e-19	-0	-0	-0	-1.10274856040511e-10	-0
0	-0	-0	8.08128988684706e-19	-0	-0	-0	-3.88046968960876e-18	-0	-0	-0	3.30487208450828e-09	-0
0	-0	-0	-2.82023507537198e-19	-0	-0	-0	1.90317715336201e-20	-0	-0	-0	-1.36865332296681e-10	-0
0	-0	-0	-6.26134364672014e-19	-0	-0	-0	8.05634211957246e-19	-0	-0	-0	-2.77014226334981e-09	-0
0	-0	-0	-4.84066094466032e-19	-0	-0	-0	9.2377942623146e-18	-0	-0	-0	-1.66780331905688e-09	-0
0	-0	-0	6.5812143895944e-19	-0	-0	-0	4.05593785858841e-18	-0	-0	-0	3.41438536978275e-09	-0
0	-0	-0	4.26821887354912e-19	-0	-0	-0	4.65664303686932e-18	-0	-0	-0	2.68684736409351e-10	-0
0	-0	-0	5.1351703299537e-19	-0	-0	-0	1.74430156572568e-17	-0	-0	-0	1.8704420435809e-09	-0
0	-0	-0	-5.15995266110579e-20	-0	-0	-0	2.69934841911165e-18	-0	-0	-0	5.77152047352242e-11	-0
0	-0	-0	1.76024034351284e-20	-0	-0	-0	8.15163332613857e-18	-0	-0	-0	-1.452386607681e-10	-0
0	-0	-0	-7.17033242185467e-19	-0	-0	-0	-6.85387297182658e-18	-0	-0	-0	2.93580379564329e-10	-0
0	-0	-0	1.08779213634398e-18	-0	-0	-0	2.95008340638872e-18	-0	-0	-0	2.49828336154238e-10	-0
0	-0	-0	1.46131381374843e-19	-0	-0	-0	-2.63639004832901e-20	-0	-0	-0	2.50564049236468e-09	-0
-0.00155579796873653	-0	0.0179625631922959	2.62615627318808e-21	-0	0.287147541510593	-0	-1.7327730357912e-19	-0	-0	-0	-7.88520749942645e-12	-0
0	-0	-0	2.39498565836153e-19	-0	-0	-0	-3.23029249325228e-18	-0	-0	-0	-6.98486178478144e-10	-0
0	-0	-0	2.41536738865484e-19	-0	-0	-0	-9.61647092929648e-19	-0	-0	-0	1.43092392865627e-09	-0
0	-0	-0	1.60017758626138e-18	-0	-0	-0	3.03746014885392e-18	-0	-0	-0	3.71874220517571e-09	-0
0	-0	-0	8.10637000301967e-21	-0	-0	-0	6.58409297812608e-19	-0	-0	-0	3.33412448771178e-10	-0
0	-0	-0	-3.82671949340507e-19	-0	-0	-0	-1.25722982778588e-17	-0	-0	-0	-2.93302632815719e-10	-0
0	-0	-0	-9.77141012983379e-19	-0	-0	-0	-1.47004222357209e-17	-0	-0	-0	-4.78607947035399e-09	-0
0	-0	-0	-1.42916957514462e-19	-0	-0	-0	-1.00693953280611e-17	-0	-0	-0	-6.15389761633184e-09	-0
0.000483403294924362	-8.51253657527946e-19	4.39379113239141e-20	2.2273897866586e-23	4.33680868994202e-18	4.4684690616974e-19	-0	-7.76375243953506e-22	-0.410702220278838	-1.23075263013285e-17	-6.57024819445749e-08	2.80813740462949e-14	8.86288596972855e-08
0	-0	-0	5.15692518006384e-19	-0	-0	-0	1.25718218218259e-18	-0	-0	-0	6.1974166940718e-10	-0
0	-0	-0	-4.57180243016221e-19	-0	-0	-0	1.16155480941554e-17	-0	-0	-0	7.07663596277836e-10	-0
0	-0	-0	-2.65879009931695e-19	-0	-0	-0	6.73890148412661e-18	-0	-0	-0	-2.03618006095999e-09	-0
0	-0	-0	-2.38059271570311e-19	-0	-0	-0	-2.08129494727978e-17	-0	-0	-0	3.31764783056662e-09	-0
0	-0	-0	-1.01115881567462e-18	-0	-0	-0	-2.66775673715702e-18	-0	-0	-0	-6.05007808799262e-09	-0
0	-0	-0	2.10811942192814e-19	-0	-0	-0	3.91472158441336e-18	-0	-0	-0	4.52895863505364e-09	-0
0	-0	-0	4.61632956253594e-20	-0	-0	-0	3.28410555518253e-18	-0	-0	-0	9.48687363949771e-10	-0
0	-0	-0	5.23691354529772e-19	-0	-0	-0	4.96446010385745e-18	-0	-0	-0	3.19690524499079e-10	-0
0	-0	-0	-6.46183568359075e-19	-0	-0	-0	1.73390291280915e-18	-0	-0	-0	3.78542170780401e-09	-0
0	-0	-0	-5.35741721693445e-19	-0	-0	-0	-1.20521406389058e-17	-0	-0	-0	-2.69526287005944e-09	-0
0	-0	-0	-1.24073121416014e-18	-0	-0	-0	-5.81313417744706e-18	-0	-0	-0	3.25536847848113e-09	-0
0	-0	-0	-8.60889876875789e-19	-0	-0	-0	7.9976850879751e-18	-0	-0	-0	1.86262765793104e-09	-0
-0.000683043824796563	-0.0513168530758893	-1.57444842335148e-19	-1.70579748048136e-22	-4.98732999343332e-18	-9.83724511437235e-19	-0	2.15792357886905e-21	-0	-0.00603848343186053	0.0130578714299205	-2.95207800487129e-13	8.79713927037524e-08
0	-0	-0	-2.64300749322943e-20	-0	-0	-0	-1.61908230285291e-17	-0	-0	-0	6.14129531505803e-10	-0
0.00277036088836618	-0	-0	5.40129087662426e-19	-0	-0	-0	-1.30821591725467e-17	-0	-0	-0	5.21203853936143e-09	-0
0	-0	-0	8.61194279341208e-20	-0	-0	-0	2.33399928615922e-18	-0	-0	-0	1.30222851289037e-09	-0
-0.00143696710492638	-0	-0	-1.10524564726885e-19	-0	-0	-0	-7.50874855406236e-18	-0	-0	-0	-1.32553397398459e-10	-0
0	-0	-0	7.44813275877447e-19	-0	-0	-0	-9.50069211331866e-18	-0	-0	-0	7.15577168474549e-10	-0
0	-0	-0	5.45820090276791e-19	-0	-0	-0	-9.19200154360367e-18	-0	-0	-0	-2.23895548049801e-09	-0
0	-0	-0	-7.87343594252474e-19	-0	-0	-0	-6.13069212332862e-18	-0	-0	-0	-5.97848781534199e-09	-0
-0.000738796783019812	-0.055505554095974	1.0701448672789e-20	5.7092223982673e-23	-2.38524477946811e-18	-6.27438491384794e-19	-0	-1.58456462974763e-21	-0	-0.00653137027538181	-0.201496484765052	9.9984420473649e-14	-4.18143398912493e-07
0	-0	-0	1.31801635315219e-18	-0	-0	-0	4.19487773171772e-18	-0	-0	-0	1.56415929240844e-09	-0
0	-0	-0	6.82205629674534e-19	-0	-0	-0	3.17473242586832e-18	-0	-0	-0	-1.91481136377302e-09	-0
0	-0	-0	4.56868395925288e-19	-0	-0	-0	2.88922938308442e-18	-0	-0	-0	2.28950111234539e-09	-0
0	-0	-0	5.31394060393866e-19	-0	-0	-0	-1.0835377810175e-17	-0	-0	-0	-2.86544498365882e-09	-0
0.0031770487025962	0.238690601638384	5.52325502034755e-20	3.70136565955575e-23	-5.42101086242752e-20	2.75311458762086e-19	-0	-1.33840650388564e-21	-0	0.0280868595192594	-0.276355981735116	7.07191536814711e-14	-9.28773755198959e-08
0	-0	-0	3.5550237494059e-19	-0	-0	-0	2.72327445289362e-17	-0	-0	-0	-3.49867579567781e-09	-0
0	-0	-0	7.30400480884323e-19	-0	-0	-0	4.09669801045258e-18	-0	-0	-0	5.42845705009897e-09	-0
0	-0	-0	-1.02696292845806e-18	-0	-0	-0	5.82827489137923e-18	-0	-0	-0	3.17090997228998e-09	-0
0	-0	-0	-8.06699620586215e-19	-0	-0	-0	-8.02278505648241e-18	-0	-0	-0	1.78517179414021e-09	-0
0	-0	-0	7.10567998517752e-19	-0	-0	-0	2.1932859377966e-19	-0	-0	-0	-5.98246695185391e-09	-0
0	-0	-0	-1.54145603457624e-18	-0	-0	-0	1.89278842661283e-17	-0	-0	-0	-3.02722412198256e-09	-0
0.00341081798987397	-0	2.03831231723536e-19	-2.06349453037694e-22	0.262038486857842	5.26240367926422e-19	-0	-4.87688402378932e-22	-0	-0	-0	-1.35453166194387e-14	-0.244167451987941
0	-0	-0	9.75944082637014e-19	-0	-0	-0	3.97700497581615e-18	-0	-0	-0	2.65422350593017e-09	-0
0	-0	-0	3.34890357564749e-18	-0	-0	-0	-1.22713633535671e-17	-0	-0	-0	5.748280537917e-09	-0
0	-0	-0	1.39191997780013e-18	-0	-0	-0	-2.72846782365147e-17	-0	-0	-0	-1.47888762625499e-09	-0
0	-0	-0	3.02372895068554e-18	-0	-0	-0	-7.31222367540956e-18	-0	-0	-0	8.67213723973375e-09	-0
0	-0	-0	1.27679768473473e-18	-0	-0	-0	2.77476082119688e-19	-0	-0	-0	-5.00129282139095e-09	-0
0	-0	-0	-3.9995836978164e-19	-0	-0	-0	3.39160462410094e-17	-0	-0	-0	1.05200105108343e-09	-0
0	-0	-0	-1.01128454712773e-18	-0	-0	-0	-3.36597658349058e-17	-0	-0	-0	1.18007621336203e-09	-0
0	-0	-0	1.05276930920849e-18	-0	-0	-0	1.4073664176867e-17	-0	-0	-0	-2.65216102437475e-10	-0
0.00271660859799345	-0	-0	1.96626787304265e-18	-0	-0	-0	2.10130874763663e-17	-0	-0	-0	-2.92199111459388e-09	-0
0	-0	-0	-2.09120192404021e-18	-0	-0	-0	-1.1390952014235e-17	-0	-0	-0	1.80425918228478e-09	-0
0	-0	-0	-2.38254486194874e-19	-0	-0	-0	-8.3064285972493e-18	-0	-0	-0	6.10527491352612e-09	-0
0	-0	-0	1.06395279109021e-18	-0	-0	-0	8.4514829894666e-18	-0	-0	-0	2.32866304865921e-09	-0
0	-0	-0	-5.67558396774684e-19	-0	-0	-0	-1.25135088973634e-17	-0	-0	-0	-1.63997582539595e-09	-0
0	-0	-0	-2.86306855544151e-18	-0	-0	-0	1.39665145090393e-18	-0	-0	-0	2.48562019702546e-09	-0
0	-0	-0	-1.95466087468731e-19	-0	-0	-0	-1.48031051282408e-17	-0	-0	-0	-1.68218448080608e-09	-0
0	-0	-0	-4.92245256362956e-19	-0	-0	-0	1.62868553889241e-18	-0	-0	-0	3.43302683577682e-09	-0
-0.0023296352962889	-0	-0	3.78150580112292e-19	-0	-0	-0	-1.12132603837688e-17	-0	-0	-0	2.96108582213388e-09	-0
0	-0	-0	-7.081989532434e-19	-0	-0	-0	-6.49176638687536e-18	-0	-0	-0	-2.56065268416593e-09	-0
0	-0	-0	2.84752624532195e-18	-0	-0	-0	-2.1597857847327e-17	-0	-0	-0	-6.62198943872367e-10	-0
0	-0	-0	-3.13900484085093e-18	-0	-0	-0	-2.19532411082593e-18	-0	-0	-0	-4.74292622965715e-09	-0
0	-0	-0	8.82839941610496e-19	-0	-0	-0	-2.60981438960891e-17	-0	-0	-0	-4.68926912635898e-09	-0
0	-0	-0	3.33778957693722e-19	-0	-0	-0	-6.87012541650202e-18	-0	-0	-0	2.92914201301501e-09	-0
0	-0	-0	-1.96061657509769e-19	-0	-0	-0	1.08832351716949e-17	-0	-0	-0	-9.31984272669459e-09	-0
0	-0	-0	-1.57873044733911e-18	-0	-0	-0	1.09702942768049e-17	-0	-0	-0	-1.23755311385928e-08	-0
0	-0	-0	-4.98055372985529e-19	-0	-0	-0	-8.24120706031072e-18	-0	-0	-0	-1.19575416807019e-08	-0
0	-0	-0	-2.39855907860776e-18	-0	-0	-0	2.5363607512142e-18	-0	-0	-0	4.8904326151618e-09	-0
0	-0	-0	-6.89973269216713e-19	-0	-0	-0	2.20438273115013e-17	-0	-0	-0	-1.74202177219915e-09	-0
-0.00176016621354885	3.17682270426565e-18	-2.69787421541187e-20	-1.72523501318601e-23	-1.95156391047391e-18	-2.82316434802193e-19	-0	6.0757708461727e-22	-0.329576447810522	3.23671615597209e-17	4.27841166577679e-08	-2.08751171036816e-14	-6.88498828713385e-08
0	-0	-0	1.60979604242415e-18	-0	-0	-0	2.60221822460771e-17	-0	-0	-0	1.71727160308229e-09	-0
0	-0	-0	1.38792965852518e-18	-0	-0	-0	4.34845870168921e-18	-0	-0	-0	-1.51709329174706e-09	-0
0	-0	-0	5.20185763093772e-19	-0	-0	-0	-2.27886856687221e-17	-0	-0	-0	-1.28887824224521e-08	-0
-0.00151797030291857	-0	-0	5.1839326270637e-19	-0	-0	-0	0.583775076220983	-0	-0	-0	-7.69917515021689e-12	-0
0.00026887166682245	-0	-0	-7.4795863015668e-19	-0	-0	-0	2.03710598023301e-17	-0	-0	-0	6.33396858765812e-10	-0
0	-0	-0	-4.65910472637228e-18	-0	-0	-0	3.3951592940391e-24	-0	-0	-0	1.57345330930063e-07	-0
0	-0	-0	5.50571415715295e-18	-0	-0	-0	-0	-0	-0	-0	2.6539186901681e-08	-0
0	-0	-0	-1.75039358550101e-18	-0	-0	-0	-0	-0	-0	-0	2.84708903861708e-07	-0
0	-0	-0	-2.6486720260642e-17	-0	-0	-0	-0	-0	-0	-0	1.17072582412737e-06	-0
0	-0	-0	-1.1321442373001e-17	-0	-0	-0	-0	-0	-0	-0	5.72830888721525e-07	-0
0	-0	-0	4.44692297308508e-18	-0	-0	-0	-0	-0	-0	-0	-4.12525314367744e-07	-0
0	-0	-0	3.27600580262441e-18	-0	-0	-0	-0	-0	-0	-0	-9.07867670649906e-07	-0
0	-0	-0	7.35293419643697e-18	-0	-0	-0	-0	-0	-0	-0	-1.30383651108626e-06	-0
0	-0	-0	2.73549290315776e-18	-0	-0	-0	-0	-0	-0	-0	-9.84431190572311e-08	-0
0	-0	-0	9.34658505647758e-18	-0	-0	-0	-0	-0	-0	-0	-8.56427399915296e-07	-0
0	-0	-0	-5.44726888379241e-18	-0	-0	-0	-0	-0	-0	-0	-1.15707703982058e-07	-0
0	-0	-0	4.32706781104859e-18	-0	-0	-0	-0	-0	-0	-0	5.94485005206838e-07	-0
0	-0	-0	1.70855015790665e-17	-0	-0	-0	-0	-0	-0	-0	-1.91657277929662e-06	-0
0	-0	-0	1.58496805090225e-17	-0	-0	-0	-0	-0	-0	-0	-8.0157134641355e-07	-0
-0.00379193611986973	-0	-0	6.84159099409139e-18	-0	-0	-0	-0	-0	-0	-0	-7.79386083097345e-07	-0
0	-0	-0	1.11427184211303e-17	-0	-0	-0	-0	-0	-0	-0	-1.61818128936761e-07	-0
0	-0	-0	-1.26442960783754e-17	-0	-0	-0	-0	-0	-0	-0	7.44009329997319e-07	-0
0	-0	-0	-2.29203409757869e-17	-0	-0	-0	-0	-0	-0	-0	1.55496978980511e-06	-0
0	-0	-0	-2.67133015740325e-18	-0	-0	-0	-0	-0	-0	-0	-5.66838235390746e-07	-0
0	-0	-0	2.97308564486259e-19	-0	-0	-0	-0	-0	-0	-0	8.32096021878517e-07	-0
-0.00374193015041902	-0	-0	-2.24784544751162e-17	-0	-0	-0	-0	-0	-0	-0	2.32918951982106e-07	-0
0	-0	-0	1.89882552159549e-17	-0	-0	-0	-0	-0	-0	-0	-1.35299985179336e-06	-0
0	-0	-0	-4.34782011825632e-18	-0	-0	-0	-0	-0	-0	-0	-3.70236483290516e-07	-0
0	-0	-0	-2.89397276758904e-17	-0	-0	-0	-0	-0	-0	-0	-9.05142546289453e-07	-0
0	-0	-0	4.66651626466075e-18	-0	-0	-0	-0	-0	-0	-0	-5.06054253701973e-07	-0
0.00237332746411827	-0	1.77541033424043e-19	1.79376619992182e-23	0.269994375161282	-6.74250010353203e-19	-0	3.8093767471341e-21	-0	-0	-0	5.51660791427612e-14	0.528441947602159
0	-0	-0	-6.13061271398981e-18	-0	-0	-0	-0	-0	-0	-0	-5.55446299448507e-07	-0
0	-0	-0	-4.68832736305255e-19	-0	-0	-0	-0	-0	-0	-0	-4.45454246407487e-07	-0
-0.0010949632388829	-0	-0	1.31744328242382e-17	-0	-0	-0	-0	-0	-0	-0	7.25956492161128e-07	-0
-0.00300658578986021	-0	0.034712725127973	-1.68739028847136e-21	-0	0.554913771098516	-0	5.14215562788864e-19	-0	-0	-0	-4.3316423001162e-12	-0
0	-0	-0	5.14421637713258e-18	-0	-0	-0	-0	-0	-0	-0	-1.07679697793358e-06	-0
0	-0	-0	1.56180169979484e-17	-0	-0	-0	-0	-0	-0	-0	1.32072213470259e-07	-0
0	-0	-0	-1.25784392667264e-19	-0	-0	-0	-0	-0	-0	-0	-3.89543979777583e-07	-0
0	-0	-0	-1.92170599908319e-17	-0	-0	-0	-0	-0	-0	-0	1.44822140161066e-06	-0
0	-0	-0	-1.70105391632345e-18	-0	-0	-0	-0	-0	-0	-0	6.3342497744168e-07	-0
0	-0	-0	1.39512679159888e-17	-0	-0	-0	-0	-0	-0	-0	-1.14164749594713e-06	-0
0	-0	-0	1.37176985807834e-18	-0	-0	-0	-0	-0	-0	-0	-1.12454839124599e-07	-0
0	-0	-0	-1.02656687438077e-17	-0	-0	-0	-0	-0	-0	-0	-3.18646963158098e-07	-0
0	-0	-0	1.24793364118976e-17	-0	-0	-0	-0	-0	-0	-0	-8.57294769383078e-07	-0
0	-0	-0	2.38012287711518e-18	-0	-0	-0	-0	-0	-0	-0	1.0280783134841e-06	-0
0	-0	-0	-6.09101392370567e-18	-0	-0	-0	-0	-0	-0	-0	-3.63061216190691e-07	-0
0	-0	-0	5.3753769623942e-18	-0	-0	-0	-0	-0	-0	-0	-1.44888568580594e-06	-0
0	-0	-0	1.25547223442032e-17	-0	-0	-0	-0	-0	-0	-0	1.63816715263926e-09	-0
0	-0	-0	-6.25914996373565e-18	-0	-0	-0	-0	-0	-0	-0	1.13285398344693e-06	-0
0	-0	-0	1.16058336850416e-17	-0	-0	-0	-0	-0	-0	-0	1.97248879237272e-07	-0
0	-0	-0	-9.24227427251219e-18	-0	-0	-0	-0	-0	-0	-0	3.78805922567206e-07	-0
0	-0	-0	7.96409493766055e-18	-0	-0	-0	-0	-0	-0	-0	-6.99510834337906e-07	-0
0	-0	-0	6.96610483733777e-18	-0	-0	-0	-0	-0	-0	-0	4.82925284314535e-08	-0
0	-0	-0	1.4771725204523e-18	-0	-0	-0	-0	-0	-0	-0	-1.99489533206296e-07	-0
0	-0	-0	4.79759461324836e-18	-0	-0	-0	-0	-0	-0	-0	9.76758095510721e-07	-0
0	-0	-0	-2.1586422902539e-17	-0	-0	-0	-0	-0	-0	-0	-1.79983598641999e-06	-0
0.000557046381848373	-0	-0	-9.60815941850155e-18	-0	-0	-0	-0	-0	-0	-0	-1.11409668500572e-06	-0
0	-0	-0	-2.98070894138788e-18	-0	-0	-0	-0	-0	-0	-0	-1.5592368643255e-07	-0
0	-0	-0	4.44685944561403e-17	-0	-0	-0	-0	-0	-0	-0	-3.88830064111503e-06	-0
0	-0	-0	-1.80013559532852e-17	-0	-0	-0	-0	-0	-0	-0	-3.6282393368187e-07	-0
0	-0	-0	-2.37211576878567e-18	-0	-0	-0	-0	-0	-0	-0	1.52761928861899e-06	-0
0	-0	-0	2.8976573609096e-17	-0	-0	-0	-0	-0	-0	-0	1.66905959434335e-06	-0
-0.00540826971543058	-0	-0	8.15565673263803e-18	-0	-0	-0	-0	-0	-0	-0	7.31595290196009e-07	-0
0	-0	-0	3.09542631920368e-17	-0	-0	-0	-0	-0	-0	-0	7.27118856602444e-07	-0
0	-0	-0	-5.68296241881081e-18	-0	-0	-0	-0	-0	-0	-0	-2.04784950038835e-06	-0
0	-0	-0	2.08588755743826e-17	-0	-0	-0	-0	-0	-0	-0	2.19676349671622e-06	-0
0	-0	-0	-3.39803988247145e-17	-0	-0	-0	-0	-0	-0	-0	-7.14711992365411e-07	-0
0	-0	-0	-8.11738556723704e-18	-0	-0	-0	-0	-0	-0	-0	-3.02162044710009e-08	-0
0	-0	-0	1.53247626524394e-17	-0	-0	-0	-0	-0	-0	-0	-1.49657209374691e-06	-0
0	-0	-0	9.58958693900305e-18	-0	-0	-0	-0	-0	-0	-0	1.32632404197872e-06	-0
0	-0	-0	-1.98541265247291e-18	-0	-0	-0	-0	-0	-0	-0	1.25504436249207e-06	-0
-0.00564038398107972	-0	-0	0.306472137894627	-0	-0	-0	-0	-0	-0	-0	-0.121070905562513	-0
0	-0	-0	1.38493608978641e-17	-0	-0	-0	-0	-0	-0	-0	-4.86241310269672e-05	-0
0	-0	-0	-0	-0	-0	-0	-0	-0	-0	-0	3.81665300369073e-10	-0
0	-0	-0	-0	-0	-0	-0	-0	-0	-0	-0	9.00654105808207e-11	-0
0	-0	-0	-0	-0	-0	-0	-0	-0	-0	-0	-2.70645723512426e-10	-0
0	-0	-0	-0	-0	-0	-0	-0	-0	-0	-0	4.25038879111243e-11	-0
0	-0	-0	-0	-0	-0	-0	-0	-0	-0	-0	1.11905254504675e-14	-0
0	-0	-0	-0	-0	-0	-0	-0	-0	-0	-0	3.08131519736836e-19	-0
0	-0	-0	-0	-0	-0	-0	-0	-0	-0	-0	-0	-0
-0.000200298403236376	0.0467399798782597	6.94397912927479e-20	1.18206048238388e-22	-1.0842021724855e-17	-5.4456598479315e-19	-0	-2.3902599529038e-21	-0	0.00549992014717276	0.203727179648186	2.06712051315949e-13	-5.95893735681105e-07
0	-0	-0	-0	-0	-0	-0	-0	-0	-0	-0	-0	-0
0	-0	-0	-0	-0	-0	-0	-0	-0	-0	-0	-0	-0
0	-0	-0	-0	-0	-0	-0	-0	-0	-0	-0	-0	-0
0	-0	-0	-0	-0	-0	-0	-0	-0	-0	-0	-0	-0
0	-0	-0	-0	-0	-0	-0	-0	-0	-0	-0	-0	-0
0	-0	-0	-0	-0	-0	-0	-0	-0	-0	-0	-0	-0
0	-0	-0	-0	-0	-0	-0	-0	-0	-0	-0	-0	-0
0	-0	-0	-0	-0	-0	-0	-0	-0	-0	-0	-0	-0
0	-0	-0	-0	-0	-0	-0	-0	-0	-0	-0	-0	-0
0	-0	-0	-0	-0	-0	-0	-0	-0	-0	-0	-0	-0
0	-0	-0	-0	-0	-0	-0	-0	-0	-0	-0	-0	-0
0	-0	-0	-0	-0	-0	-0	-0	-0	-0	-0	-0	-0
0	-0	-0	-0	-0	-0	-0	-0	-0	-0	-0	-0	-0
0.00289803579019569	-0	-0	-0	-0	-0	-0	-0	-0	-0	-0	-0	-0
0.00381625188429206	-0	-0	-0	-0	-0	-0	-0	-0	-0	-0	-0	-0
0	-0	-0	-0	-0	-0	-0	-0	-0	-0	-0	-0	-0
0	-0	-0	-0	-0	-0	-0	-0	-0	-0	-0	-0	-0
0	-0	-0	-0	-0	-0	-0	-0	-0	-0	-0	-0	-0
-0.0146624164387002	-0	-0	-0	-0	-0	-0	-0	-0	-0	-0	-0	-0
0	-0	-0	-0	-0	-0	-0	-0	-0	-0	-0	-0	-0
0	-0	-0	-0	-0	-0	-0	-0	-0	-0	-0	-0	-0
0	-0	-0	-0	-0	-0	-0	-0	-0	-0	-0	-0	-0
0	-0	-0	-0	-0	-0	-0	-0	-0	-0	-0	-0	-0
0	-0	-0	-0	-0	-0	-0	-0	-0	-0	-0	-0	-0
0	-0	-0	-0	-0	-0	-0	-0	-0	-0	-0	-0	-0
0	-0	-0	-0	-0	-0	-0	-0	-0	-0	-0	-0	-0
0	-0	-0	-0	-0	-0	-0	-0	-0	-0	-0	-0	-0
0	-0	-0	-0	-0	-0	-0	-0	-0	-0	-0	-0	-0
0	-0	-0	-0	-0	-0	-0	-0	-0	-0	-0	-0	-0
0	-0	-0	-0	-0	-0	-0	-0	-0	-0	-0	-0	-0
0	-0	-0	-0	-0	-0	-0	-0	-0	-0	-0	-0	-0
0	-0	-0	-0	-0	-0	-0	-0	-0	-0	-0	-0	-0
0	-0	-0	-0	-0	-0	-0	-0	-0	-0	-0	-0	-0
0	-0	-0	-0	-0	-0	-0	-0	-0	-0	-0	-0	-0
0	-0	-0	-0	-0	-0	-0	-0	-0	-0	-0	-0	-0
0	-0	-0	-0	-0	-0	-0	-0	-0	-0	-0	-0	-0
0	-0	-0	-0	-0	-0	-0	-0	-0	-0	-0	-0	-0
0	-0	-0	-0	-0	-0	-0	-0	-0	-0	-0	-0	-0
0	-0	-0	-0	-0	-0	-0	-0	-0	-0	-0	-0	-0
0	-0	-0	-0	-0	-0	-0	-0	-0	-0	-0	-0	-0
0.0160369847302526	-0	-0	-0.87137489435995	-0	-0	-0	-0	-0	-0	-0	-0.434377482434829	-0
0	-0	-0	-0	-0	-0	-0	-0	-0	-0	-0	-0	-0
0	-0	-0	-0	-0	-0	-0	-0	-0	-0	-0	-0	-0
0	-0	-0	-0	-0	-0	-0	-0	-0	-0	-0	-0	-0
0	-0	-0	-0	-0	-0	-0	-0	-0	-0	-0	-0	-0
0	-0	-0	-0	-0	-0	-0	-0	-0	-0	-0	-0	-0
0.00174544549757434	-0	-0.0201521506512401	1.74557727468563e-21	-0	-0.322150043605071	-0	3.3446494891547e-19	-0	-0	-0	-3.57190180055345e-12	-0
0	-0	-0	-0	-0	-0	-0	-0	-0	-0	-0	-0	-0
0	-0	-0	-0	-0	-0	-0	-0	-0	-0	-0	-0	-0
0	-0	-0	-0	-0	-0	-0	-0	-0	-0	-0	-0	-0
0	-0	-0	-0	-0	-0	-0	-0	-0	-0	-0	-0	-0
0	-0	-0	-0	-0	-0	-0	-0	-0	-0	-0	-0	-0
0	-0	-0	-0	-0	-0	-0	-0	-0	-0	-0	-0	-0
0	-0	-0	-0	-0	-0	-0	-0	-0	-0	-0	-0	-0
-0.00211881449752834	-0	-0	-0	-0	-0	-0	-0	-0	-0	-0	-0	-0
-0.0030823742715936	-0	-0	-0	-0	-0	-0	-0	-0	-0	-0	-0	-0
-0.00660973346496478	-0	-0	-0	-0	-0	-0	-0	-0	-0	-0	-0	-0
0	-0	-0	-0	-0	-0	-0	-0	-0	-0	-0	-0	-0
0	-0	-0	-0	-0	-0	-0	-0	-0	-0	-0	-0	-0
0	-0	-0	-0	-0	-0	-0	-0	-0	-0	-0	-0	-0
-0.000128710589708416	-0	0.00148603619983117	3.43022591179077e-21	-0	0.0237556097538805	-0	-6.94888085610819e-19	-0	-0	-0	2.36487620112132e-12	-0
0	-0	-0	-0	-0	-0	-0	-0	-0	-0	-0	-0	-0
0	-0	-0	-0	-0	-0	-0	-0	-0	-0	-0	-0	-0
0	-0	-0	-0	-0	-0	-0	-0	-0	-0	-0	-0	-0
0.00126148561467946	-0	-0	-0.0685432400615048	-0	-0	-0	-0	-0	-0	-0	0.109400839677107	-0
0	-0	-0	-0	-0	-0	-0	-0	-0	-0	-0	-0	-0
0.00353569391020692	0.265635495592755	-1.83443672244831e-20	-1.41117497177687e-23	-4.33680868994202e-19	-2.78669577482035e-19	-0	7.39668296477899e-22	-0	0.0312574805913679	-0.283215102173513	-2.09315764162033e-14	-8.0028660483455e-08
0	-0	-0	-0	-0	-0	-0	-0	-0	-0	-0	-0	-0
0	-0	-0	-0	-0	-0	-0	-0	-0	-0	-0	-0	-0
0	-0	-0	-0	-0	-0	-0	-0	-0	-0	-0	-0	-0
0	-0	-0	-0	-0	-0	-0	-0	-0	-0	-0	-0	-0
0	-0	-0	-0	-0	-0	-0	-0	-0	-0	-0	-0	-0
0	-0	-0	-0	-0	-0	-0	-0	-0	-0	-0	-0	-0
0	-0	-0	-0	-0	-0	-0	-0	-0	-0	-0	-0	-0
0	-0	-0	-0	-0	-0	-0	-0	-0	-0	-0	-0	-0
0	-0	-0	-0	-0	-0	-0	-0	-0	-0	-0	-0	-0
0	-0	-0	-0	-0	-0	-0	-0	-0	-0	-0	-0	-0
0	-0	-0	-0	-0	-0	-0	-0	-0	-0	-0	-0	-0
0	-0	-0	-0	-0	-0	-0	-0	-0	-0	-0	-0	-0
0	-0	-0	-0	-0	-0	-0	-0	-0	-0	-0	-0	-0
0	-0	-0	-0	-0	-0	-0	-0	-0	-0	-0	-0	-0
0	-0	-0	-0	-0	-0	-0	-0	-0	-0	-0	-0	-0
0	-0	-0	-0	-0	-0	-0	-0	-0	-0	-0	-0	-0
0	-0	-0	-0	-0	-0	-0	-0	-0	-0	-0	-0	-0
0	-0	-0	-0	-0	-0	-0	-0	-0	-0	-0	-0	-0
0	-0	-0	-0	-0	-0	-0	-0	-0	-0	-0	-0	-0
0	-0	-0	-0	-0	-0	-0	-0	-0	-0	-0	-0	-0
0	-0	-0	-0	-0	-0	-0	-0	-0	-0	-0	-0	-0
0	-0	-0	-0	-0	-0	-0	-0	-0	-0	-0	-0	-0
0	-0	-0	-0	-0	-0	-0	-0	-0	-0	-0	-0	-0
0	-0	-0	-0	-0	-0	-0	-0	-0	-0	-0	-0	-0
0	-0	-0	-0	-0	-0	-0	-0	-0	-0	-0	-0	-0
0	-0	-0	-0	-0	-0	-0	-0	-0	-0	-0	-0	-0
0	-0	-0	-0	-0	-0	-0	-0	-0	-0	-0	-0	-0
0	-0	-0	-0	-0	-0	-0	-0	-0	-0	-0	-0	-0
0	-0	-0	-0	-0	-0	-0	-0	-0	-0	-0	-0	-0
0.00529634598762758	-0	-3.80532594385315e-19	2.75679749559604e-24	0.602522680577135	8.54808442197243e-19	-0	1.01229987740231e-20	-0	-0	-0	4.58229067997406e-14	0.321961630036359
0	-0	-0	-0	-0	-0	-0	-0	-0	-0	-0	-0	-0
0	-0	-0	-0	-0	-0	-0	-0	-0	-0	-0	-0	-0
0	-0	-0	-0	-0	-0	-0	-0	-0	-0	-0	-0	-0
0	-0	-0	-0	-0	-0	-0	-0	-0	-0	-0	-0	-0
0	-0	-0	-0	-0	-0	-0	-0	-0	-0	-0	-0	-0
0	-0	-0	-0	-0	-0	-0	-0	-0	-0	-0	-0	-0
0	-0	-0	-0	-0	-0	-0	-0	-0	-0	-0	-0	-0
0	-0	-0	-0	-0	-0	-0	-0	-0	-0	-0	-0	-0
0	-0	-0	-0	-0	-0	-0	-0	-0	-0	-0	-0	-0
0	-0	-0	-0	-0	-0	-0	-0	-0	-0	-0	-0	-0
0	-0	-0	-0	-0	-0	-0	-0	-0	-0	-0	-0	-0
0	-0	-0	-0	-0	-0	-0	-0	-0	-0	-0	-0	-0
0	-0	-0	-0	-0	-0	-0	-0	-0	-0	-0	-0	-0
0	-0	-0	-0	-0	-0	-0	-0	-0	-0	-0	-0	-0
0	-0	-0	-0	-0	-0	-0	-0	-0	-0	-0	-0	-0
0	-0	-0	-0	-0	-0	-0	-0	-0	-0	-0	-0	-0
0	-0	-0	-0	-0	-0	-0	-0	-0	-0	-0	-0	-0
-0.00172891303517418	-0	-0	-0	-0	-0	-0	-0	-0	-0	-0	-0	-0
0	-0	-0	-0	-0	-0	-0	-0	-0	-0	-0	-0	-0
0	-0	-0	-0	-0	-0	-0	-0	-0	-0	-0	-0	-0
0	-0	-0	-0	-0	-0	-0	-0	-0	-0	-0	-0	-0
0	-0	-0	-0	-0	-0	-0	-0	-0	-0	-0	-0	-0
-0.00021698923386216	-0	1.01058279458167e-19	8.93090509164095e-23	-0.0246851197312293	-1.57940839654078e-18	-0	-1.01848713183866e-20	-0	-0	-0	1.57358285133755e-13	-0.397366629226363
0	-0	-0	-0	-0	-0	-0	-0	-0	-0	-0	-0	-0
0	-0	-0	-0	-0	-0	-0	-0	-0	-0	-0	-0	-0
0	-0	-0	-0	-0	-0	-0	-0	-0	-0	-0	-0	-0
0	-0	-0	-0	-0	-0	-0	-0	-0	-0	-0	-0	-0
-0.00260177508679634	-0	-0	-0	-0	-0	-0	-0	-0	-0	-0	-0	-0
0.000259026396254327	0.00255512822786988	7.61994270207681e-20	-3.11887076714055e-23	-4.33680868994202e-18	1.18138901944315e-18	-0	-1.53498185671168e-21	-0	-0.585059161441732	0.0569463701511583	-1.5812540263112e-14	-2.61473231991677e-07
0	-0	-0	-0	-0	-0	-0	-0	-0	-0	-0	-0	-0
0.000259026396254327	0.00255512822786988	-6.93352294850401e-20	-5.6663689495408e-24	6.93889390390723e-18	-9.05823007606462e-19	-0	5.65599284117338e-22	-0	-0.585059161441732	0.0569463701384095	-6.23691229013976e-14	4.71985005382953e-07
0	-0	-0	-0	-0	-0	-0	-0	-0	-0	-0	-0	-0
0	-0	-0	-0	-0	-0	-0	-0	-0	-0	-0	-0	-0
-0.00130726016033283	-0	-0.0183607441837973	1.64536563594454e-21	-0	-0.293512818646375	-0	1.78534475811594e-19	-0	-0	-0	1.30442572945304e-11	-0
0	-0	-0	-0	-0	-0	-0	-0	-0	-0	-0	-0	-0
0	-0	-0	-0	-0	-0	-0	-0	-0	-0	-0	-0	-0
0	-0	-0	-0	-0	-0	-0	-0	-0	-0	-0	-0	-0
0	-0	-0	-0	-0	-0	-0	-0	-0	-0	-0	-0	-0
0	-0	-0	-0	-0	-0	-0	-0	-0	-0	-0	-0	-0
0	-0	-0	-0	-0	-0	-0	-0	-0	-0	-0	-0	-0
0	-0	-0	-0	-0	-0	-0	-0	-0	-0	-0	-0	-0
-0.0018119528338136	-0	-0	-0	-0	-0	-0	-0	-0	-0	-0	-0	-0
0	-0	-0	-0	-0	-0	-0	-0	-0	-0	-0	-0	-0
0	-0	-0	-0	-0	-0	-0	-0	-0	-0	-0	-0	-0
0	-0	-0	-0	-0	-0	-0	-0	-0	-0	-0	-0	-0
0	-0	-0	-0	-0	-0	-0	-0	-0	-0	-0	-0	-0
0	-0	-0	-0	-0	-0	-0	-0	-0	-0	-0	-0	-0
0	-0	-0	-0	-0	-0	-0	-0	-0	-0	-0	-0	-0
0	-0	-0	-0	-0	-0	-0	-0	-0	-0	-0	-0	-0
0	-0	-0	-0	-0	-0	-0	-0	-0	-0	-0	-0	-0
0	-0	-0	-0	-0	-0	-0	-0	-0	-0	-0	-0	-0
0	-0	-0	-0	-0	-0	-0	-0	-0	-0	-0	-0	-0
0.000175777007849391	0.00173392673897791	-9.83013756824111e-20	-6.86172167506879e-23	2.16840434497101e-18	-4.43784204703478e-19	-0	3.84546411694386e-21	-0	-0.397024976219516	0.0386443403464092	-9.30108803854973e-14	2.65229224688099e-08
0	-0	-0	-0	-0	-0	-0	-0	-0	-0	-0	-0	-0
0	-0	-0	-0	-0	-0	-0	-0	-0	-0	-0	-0	-0
0	-0	-0	-0	-0	-0	-0	-0	-0	-0	-0	-0	-0
0	-0	-0	-0	-0	-0	-0	-0	-0	-0	-0	-0	-0
0	-0	-0	-0	-0	-0	-0	-0	-0	-0	-0	-0	-0
0.00321138591636826	-0	-0	-0	-0	-0	-0	-0	-0	-0	-0	-0	-0
0	-0	-0	-0	-0	-0	-0	-0	-0	-0	-0	-0	-0
0	-0	-0	-0	-0	-0	-0	-0	-0	-0	-0	-0	-0
0	-0	-0	-0	-0	-0	-0	-0	-0	-0	-0	-0	-0
0	-0	-0	-0	-0	-0	-0	-0	-0	-0	-0	-0	-0
0	-0	-0	-0	-0	-0	-0	-0	-0	-0	-0	-0	-0
-0.00599526610965437	-0	-0	-0	-0	-0	-0	-0	-0	-0	-0	-0	-0
0	-0	-0	-0	-0	-0	-0	-0	-0	-0	-0	-0	-0
0	-0	-0	-0	-0	-0	-0	-0	-0	-0	-0	-0	-0
0	-0	-0	-0	-0	-0	-0	-0	-0	-0	-0	-0	-0
0	-0	-0	-0	-0	-0	-0	-0	-0	-0	-0	-0	-0
0	-0	-0	-0	-0	-0	-0	-0	-0	-0	-0	-0	-0
0.00870764950135365	-0	-0	-0	-0	-0	-0	-0	-0	-0	-0	-0	-0
0	-0	-0	-0	-0	-0	-0	-0	-0	-0	-0	-0	-0
0.00309960824322012	-0	-8.8608485143881e-20	2.70967132377137e-22	0.352617497385388	-4.46245032387926e-18	-0	-5.46742322746676e-21	-0	-0	-0	2.34835382669542e-15	-0.195786307138355
0	-0	-0	-0	-0	-0	-0	-0	-0	-0	-0	-0	-0
0	-0	-0	-0	-0	-0	-0	-0	-0	-0	-0	-0	-0
0	-0	-0	-0	-0	-0	-0	-0	-0	-0	-0	-0	-0
0.00417324730010105	0.31353466757787	-3.30018744307444e-20	-2.7079916180231e-23	3.79470760369927e-19	-2.33713132252771e-19	-0	2.73263639000868e-22	-0	0.0368938035369195	0.358152146387119	-4.78222403282036e-14	-1.76330611964344e-08
0.000290211675932128	-0	2.22158212697066e-20	1.25179431813806e-22	0.0330150479832025	-3.80160069681274e-18	-0	4.77274902135255e-21	-0	-0	-0	-1.15740764858481e-18	0.385024991223571
0.00034531925246752	6.07793121222614e-18	4.63018513578059e-20	2.65321816547435e-23	2.60208521396521e-18	3.9545372791704e-19	-0	-8.41532680856963e-22	-0.293385223440875	1.78627107590156e-17	-1.34588261436226e-07	3.65870392713672e-14	6.54160848794541e-08
0	-0	-0	-0	-0	-0	-0	-0	-0	-0	-0	-0	-0
0	-0	-0	-0	-0	-0	-0	-0	-0	-0	-0	-0	-0
0	-0	-0	-0	-0	-0	-0	-0	-0	-0	-0	-0	-0
0	-0	-0	-0	-0	-0	-0	-0	-0	-0	-0	-0	-0
0	-0	-0	-0	-0	-0	-0	-0	-0	-0	-0	-0	-0
0.00518647908759643	-0	-0	-0	-0	-0	-0	-0	-0	-0	-0	-0	-0
0	-0	-0	-0	-0	-0	-0	-0	-0	-0	-0	-0	-0
0	-0	-0	-0	-0	-0	-0	-0	-0	-0	-0	-0	-0
0	-0	-0	-0	-0	-0	-0	-0	-0	-0	-0	-0	-0
0	-0	-0	-0	-0	-0	-0	-0	-0	-0	-0	-0	-0
0	-0	-0	-0	-0	-0	-0	-0	-0	-0	-0	-0	-0
0	-0	-0	-0	-0	-0	-0	-0	-0	-0	-0	-0	-0
0	-0	-0	-0	-0	-0	-0	-0	-0	-0	-0	-0	-0
0	-0	-0	-0	-0	-0	-0	-0	-0	-0	-0	-0	-0
0	-0	-0	-0	-0	-0	-0	-0	-0	-0	-0	-0	-0
0	-0	-0	-0	-0	-0	-0	-0	-0	-0	-0	-0	-0
0	-0	-0	-0	-0	-0	-0	-0	-0	-0	-0	-0	-0
-0.00116676007547686	-0	-0	-0	-0	-0	-0	-0	-0	-0	-0	-0	-0
0	-0	-0	-0	-0	-0	-0	-0	-0	-0	-0	-0	-0
0	-0	-0	-0	-0	-0	-0	-0	-0	-0	-0	-0	-0
0	-0	-0	-0	-0	-0	-0	-0	-0	-0	-0	-0	-0
0	-0	-0	-0	-0	-0	-0	-0	-0	-0	-0	-0	-0
0	-0	-0	-0	-0	-0	-0	-0	-0	-0	-0	-0	-0
0	-0	-0	-0	-0	-0	-0	-0	-0	-0	-0	-0	-0
0	-0	-0	-0	-0	-0	-0	-0	-0	-0	-0	-0	-0
0	-0	-0	-0	-0	-0	-0	-0	-0	-0	-0	-0	-0
0	-0	-0	-0	-0	-0	-0	-0	-0	-0	-0	-0	-0
0	-0	-0	-0	-0	-0	-0	-0	-0	-0	-0	-0	-0
-0.00168007598060906	-0.126223543970786	-4.57178210994498e-22	-2.33618340293103e-24	-2.71066424989137e-18	6.61689923600186e-20	-0	2.51434543511134e-23	-0	-0.0148527965622197	0.441831063070898	8.78460552889189e-17	-1.55677229709644e-10
0	-0	-0	-0	-0	-0	-0	-0	-0	-0	-0	-0	-0
0	-0	-0	-0	-0	-0	-0	-0	-0	-0	-0	-0	-0
0	-0	-0	-0	-0	-0	-0	-0	-0	-0	-0	-0	-0
0	-0	-0	-0	-0	-0	-0	-0	-0	-0	-0	-0	-0
0	-0	-0	-0	-0	-0	-0	-0	-0	-0	-0	-0	-0
0.000637497278547044	-0	-0	-0	-0	-0	-0	-0	-0	-0	-0	-0	-0
0	-0	-0	-0	-0	-0	-0	-0	-0	-0	-0	-0	-0
0	-0	-0	-0	-0	-0	-0	-0	-0	-0	-0	-0	-0
0	-0	-0	-0	-0	-0	-0	-0	-0	-0	-0	-0	-0
0	-0	-0	-0	-0	-0	-0	-0	-0	-0	-0	-0	-0
0	-0	-0	-0	-0	-0	-0	-0	-0	-0	-0	-0	-0
0	-0	-0	-0	-0	-0	-0	-0	-0	-0	-0	-0	-0
0	-0	-0	-0	-0	-0	-0	-0	-0	-0	-0	-0	-0
0	-0	-0	-0	-0	-0	-0	-0	-0	-0	-0	-0	-0
0	-0	-0	-0	-0	-0	-0	-0	-0	-0	-0	-0	-0
0	-0	-0	-0	-0	-0	-0	-0	-0	-0	-0	-0	-0
0	-0	-0	-0	-0	-0	-0	-0	-0	-0	-0	-0	-0
0	-0	-0	-0	-0	-0	-0	-0	-0	-0	-0	-0	-0
0	-0	-0	-0	-0	-0	-0	-0	-0	-0	-0	-0	-0
0	-0	-0	-0	-0	-0	-0	-0	-0	-0	-0	-0	-0
0	-0	-0	-0	-0	-0	-0	-0	-0	-0	-0	-0	-0
0	-0	-0	-0	-0	-0	-0	-0	-0	-0	-0	-0	-0
0	-0	-0	-0	-0	-0	-0	-0	-0	-0	-0	-0	-0
0	-0	-0	-0	-0	-0	-0	-0	-0	-0	-0	-0	-0
0	-0	-0	-0	-0	-0	-0	-0	-0	-0	-0	-0	-0
0	-0	-0	-0	-0	-0	-0	-0	-0	-0	-0	-0	-0
0	-0	-0	-0	-0	-0	-0	-0	-0	-0	-0	-0	-0
0	-0	-0	-0	-0	-0	-0	-0	-0	-0	-0	-0	-0
0	-0	-0	-0	-0	-0	-0	-0	-0	-0	-0	-0	-0
0	-0	-0	-0	-0	-0	-0	-0	-0	-0	-0	-0	-0
0	-0	-0	-0	-0	-0	-0	-0	-0	-0	-0	-0	-0
0	-0	-0	-0	-0	-0	-0	-0	-0	-0	-0	-0	-0
0	-0	-0	-0	-0	-0	-0	-0	-0	-0	-0	-0	-0
0	-0	-0	-0	-0	-0	-0	-0	-0	-0	-0	-0	-0
0	-0	-0	-0	-0	-0	-0	-0	-0	-0	-0	-0	-0
0	-0	-0	-0	-0	-0	-0	-0	-0	-0	-0	-0	-0
0	-0	-0	-0	-0	-0	-0	-0	-0	-0	-0	-0	-0
0	-0	-0	-0	-0	-0	-0	-0	-0	-0	-0	-0	-0
0	-0	-0	-0	-0	-0	-0	-0	-0	-0	-0	-0	-0
0	-0	-0	-0	-0	-0	-0	-0	-0	-0	-0	-0	-0
0	-0	-0	-0	-0	-0	-0	-0	-0	-0	-0	-0	-0
0	-0	-0	-0	-0	-0	-0	-0	-0	-0	-0	-0	-0
0	-0	-0	-0	-0	-0	-0	-0	-0	-0	-0	-0	-0
0	-0	-0	-0	-0	-0	-0	-0	-0	-0	-0	-0	-0
0	-0	-0	-0	-0	-0	-0	-0	-0	-0	-0	-0	-0
0	-0	-0	-0	-0	-0	-0	-0	-0	-0	-0	-0	-0
0	-0	-0	-0	-0	-0	-0	-0	-0	-0	-0	-0	-0
0	-0	-0	-0	-0	-0	-0	-0	-0	-0	-0	-0	-0
0	-0	-0	-0	-0	-0	-0	-0	-0	-0	-0	-0	-0
0	-0	-0	-0	-0	-0	-0	-0	-0	-0	-0	-0	-0
0	-0	-0	-0	-0	-0	-0	-0	-0	-0	-0	-0	-0
0	-0	-0	-0	-0	-0	-0	-0	-0	-0	-0	-0	-0
0	-0	-0	-0	-0	-0	-0	-0	-0	-0	-0	-0	-0
0	-0	-0	-0	-0	-0	-0	-0	-0	-0	-0	-0	-0
0	-0	-0	-0	-0	-0	-0	-0	-0	-0	-0	-0	-0
0	-0	-0	-0	-0	-0	-0	-0	-0	-0	-0	-0	-0
-0.000663968905528251	-0	-0	-0	-0	-0	-0	-0	-0	-0	-0	-0	-0
-0.00301617879818979	-0	-0	-0	-0	-0	-0	-0	-0	-0	-0	-0	-0
0	-0	-0	-0	-0	-0	-0	-0	-0	-0	-0	-0	-0
0	-0	-0	-0	-0	-0	-0	-0	-0	-0	-0	-0	-0
0	-0	-0	-0	-0	-0	-0	-0	-0	-0	-0	-0	-0
0	-0	-0	-0	-0	-0	-0	-0	-0	-0	-0	-0	-0
0	-0	-0	-0	-0	-0	-0	-0	-0	-0	-0	-0	-0
0	-0	-0	-0	-0	-0	-0	-0	-0	-0	-0	-0	-0
0	-0	-0	-0	-0	-0	-0	-0	-0	-0	-0	-0	-0
0	-0	-0	-0	-0	-0	-0	-0	-0	-0	-0	-0	-0
0	-0	-0	-0	-0	-0	-0	-0	-0	-0	-0	-0	-0
0	-0	-0	-0	-0	-0	-0	-0	-0	-0	-0	-0	-0
0	-0	-0	-0	-0	-0	-0	-0	-0	-0	-0	-0	-0
0	-0	-0	-0	-0	-0	-0	-0	-0	-0	-0	-0	-0
0	-0	-0	-0	-0	-0	-0	-0	-0	-0	-0	-0	-0
0	-0	-0	-0	-0	-0	-0	-0	-0	-0	-0	-0	-0
0	-0	-0	-0	-0	-0	-0	-0	-0	-0	-0	-0	-0
0	-0	-0	-0	-0	-0	-0	-0	-0	-0	-0	-0	-0
0	-0	-0	-0	-0	-0	-0	-0	-0	-0	-0	-0	-0
-0.00242725398220716	-0.182358776202816	2.7140202640823e-20	1.12602737674167e-22	-2.98155597433514e-18	-3.25975526369795e-19	-0	-1.64961947686808e-21	-0	-0.021458261423915	0.0463980673800248	1.85241570238333e-13	-3.10226697816824e-07
0	-0	-0	-0	-0	-0	-0	-0	-0	-0	-0	-0	-0
0	-0	-0	-0	-0	-0	-0	-0	-0	-0	-0	-0	-0
0	-0	-0	-0	-0	-0	-0	-0	-0	-0	-0	-0	-0
0	-0	-0	-0	-0	-0	-0	-0	-0	-0	-0	-0	-0
0	-0	-0	-0	-0	-0	-0	-0	-0	-0	-0	-0	-0
0.00693725862810689	-0	-0	-0.376938252788641	-0	-0	-0	-0	-0	-0	-0	0.885827010438015	-0
0.00332694878602473	-0	-0.173047560120166	2.82413032057528e-21	-0	0.0173960200153616	-0	1.80833197809182e-19	-0	-0	-0	-7.21865165796786e-12	-0
0	-0	-0	-0	-0	-0	-0	-0	-0	-0	-0	-0	-0
0	-0	-0	-0	-0	-0	-0	-0	-0	-0	-0	-0	-0
0	-0	-0	-0	-0	-0	-0	-0	-0	-0	-0	-0	-0
0	-0	-0	-0	-0	-0	-0	-0	-0	-0	-0	-0	-0
0	-0	-0	-0	-0	-0	-0	-0	-0	-0	-0	-0	-0
0	-0	-0	-0	-0	-0	-0	-0	-0	-0	-0	-0	-0
0	-0	-0	-0	-0	-0	-0	-0	-0	-0	-0	-0	-0
0	-0	-0	-0	-0	-0	-0	-0	-0	-0	-0	-0	-0
0	-0	-0	-0	-0	-0	-0	-0	-0	-0	-0	-0	-0
0	-0	-0	-0	-0	-0	-0	-0	-0	-0	-0	-0	-0
0	-0	-0	-0	-0	-0	-0	-0	-0	-0	-0	-0	-0
0	-0	-0	-0	-0	-0	-0	-0	-0	-0	-0	-0	-0
0	-0	-0	-0	-0	-0	-0	-0	-0	-0	-0	-0	-0
0	-0	-0	-0	-0	-0	-0	-0	-0	-0	-0	-0	-0
-0.000917914933785923	-0	-0	-0	-0	-0	-0	-0	-0	-0	-0	-0	-0
0	-0	-0	-0	-0	-0	-0	-0	-0	-0	-0	-0	-0
0	-0	-0	-0	-0	-0	-0	-0	-0	-0	-0	-0	-0
0	-0	-0	-0	-0	-0	-0	-0	-0	-0	-0	-0	-0
0	-0	-0	-0	-0	-0	-0	-0	-0	-0	-0	-0	-0
0	-0	-0	-0	-0	-0	-0	-0	-0	-0	-0	-0	-0
0	-0	-0	-0	-0	-0	-0	-0	-0	-0	-0	-0	-0
0	-0	-0	-0	-0	-0	-0	-0	-0	-0	-0	-0	-0
0.00310475865932393	-0	-0	-0	-0	-0	-0	-0	-0	-0	-0	-0	-0
0.00339975752126179	-0	-0	-0	-0	-0	-0	-0	-0	-0	-0	-0	-0
0	-0	-0	-0	-0	-0	-0	-0	-0	-0	-0	-0	-0
0	-0	-0	-0	-0	-0	-0	-0	-0	-0	-0	-0	-0
0	-0	-0	-0	-0	-0	-0	-0	-0	-0	-0	-0	-0
0	-0	-0	-0	-0	-0	-0	-0	-0	-0	-0	-0	-0
0	-0	-0	-0	-0	-0	-0	-0	-0	-0	-0	-0	-0
0	-0	-0	-0	-0	-0	-0	-0	-0	-0	-0	-0	-0
0.0122186303057776	-0	-0	-0	-0	-0	-0	-0	-0	-0	-0	-0	-0
0	-0	-0	-0	-0	-0	-0	-0	-0	-0	-0	-0	-0
0	-0	-0	-0	-0	-0	-0	-0	-0	-0	-0	-0	-0
-0.00265577985799171	-0	-0	-0	-0	-0	-0	-0	-0	-0	-0	-0	-0
0	-0	-0	-0	-0	-0	-0	-0	-0	-0	-0	-0	-0
-0.00211119582980922	-0	-0	-4.48061752910257e-19	-0	-0	-0	0.811915426866114	-0	-0	-0	5.53578192502536e-12	-0
0	-0	-0	-0	-0	-0	-0	-0	-0	-0	-0	-0	-0
0	-0	-0	-0	-0	-0	-0	-0	-0	-0	-0	-0	-0
0	-0	-0	-0	-0	-0	-0	-0	-0	-0	-0	-0	-0
-0.000699462242968418	-0	-0	-0	-0	-0	-0	-0	-0	-0	-0	-0	-0
0	-0	-0	-0	-0	-0	-0	-0	-0	-0	-0	-0	-0
0	-0	-0	-0	-0	-0	-0	-0	-0	-0	-0	-0	-0
-0.00394230959573302	-0	-0	-0	-0	-0	-0	-0	-0	-0	-0	-0	-0
-0.00111595977142023	-0	-0	-0	-0	-0	-0	-0	-0	-0	-0	-0	-0
0	-0	-0	-0	-0	-0	-0	-0	-0	-0	-0	-0	-0
0	-0	-0	-0	-0	-0	-0	-0	-0	-0	-0	-0	-0
0	-0	-0	-0	-0	-0	-0	-0	-0	-0	-0	-0	-0
0	-0	-0	-0	-0	-0	-0	-0	-0	-0	-0	-0	-0
0	-0	-0	-0	-0	-0	-0	-0	-0	-0	-0	-0	-0
-0.00134068909241914	-0	-0	-0	-0	-0	-0	-0	-0	-0	-0	-0	-0
0	-0	-0	-0	-0	-0	-0	-0	-0	-0	-0	-0	-0
0.0023983571484862	-0	-0.0276903831365265	2.80688877468238e-22	-0	-0.442655391439636	-0	9.3560620647556e-19	-0	-0	-0	-2.38524425878247e-12	-0
0	-0	-0	-0	-0	-0	-0	-0	-0	-0	-0	-0	-0
0	-0	-0	-0	-0	-0	-0	-0	-0	-0	-0	-0	-0
0	-0	-0	-0	-0	-0	-0	-0	-0	-0	-0	-0	-0
0	-0	-0	-0	-0	-0	-0	-0	-0	-0	-0	-0	-0
0	-0	-0	-0	-0	-0	-0	-0	-0	-0	-0	-0	-0
-0.00768816036765158	-0	-0	-0	-0	-0	-0	-0	-0	-0	-0	-0	-0
0	-0	-0	-0	-0	-0	-0	-0	-0	-0	-0	-0	-0
0	-0	-0	-0	-0	-0	-0	-0	-0	-0	-0	-0	-0
0	-0	-0	-0	-0	-0	-0	-0	-0	-0	-0	-0	-0
0	-0	-0	-0	-0	-0	-0	-0	-0	-0	-0	-0	-0
0	-0	-0	-0	-0	-0	-0	-0	-0	-0	-0	-0	-0
0	-0	-0	-0	-0	-0	-0	-0	-0	-0	-0	-0	-0
0	-0	-0	-0	-0	-0	-0	-0	-0	-0	-0	-0	-0
0	-0	-0	-0	-0	-0	-0	-0	-0	-0	-0	-0	-0
0	-0	-0	-0	-0	-0	-0	-0	-0	-0	-0	-0	-0
0	-0	-0	-0	-0	-0	-0	-0	-0	-0	-0	-0	-0
0	-0	-0	-0	-0	-0	-0	-0	-0	-0	-0	-0	-0
0	-0	-0	-0	-0	-0	-0	-0	-0	-0	-0	-0	-0
0.00631054044377014	0.474108783398973	4.16378109798073e-20	4.58592517445529e-23	8.53809210832335e-19	1.00661888243551e-19	-0	-1.00168987240757e-21	-0	0.0557886515225794	0.317304932540362	7.19133154312801e-14	-1.06603239935926e-07
0	-0	-0	-0	-0	-0	-0	-0	-0	-0	-0	-0	-0
0	-0	-0	-0	-0	-0	-0	-0	-0	-0	-0	-0	-0
0.00153114588434708	-0	-0	-0	-0	-0	-0	-0	-0	-0	-0	-0	-0
0.0022578491136457	-0	-0	-0	-0	-0	-0	-0	-0	-0	-0	-0	-0
0.00479843200366242	0.351153158578313	-1.29285203341259e-20	6.31955840083828e-24	-3.71339244076285e-18	-1.45296412728881e-19	-0	1.4128506385573e-22	-0	-0.282477722485725	-0.273106815972305	1.17418900555939e-14	-2.42840677607045e-08
0.00372149311221111	-0	-1.45279955853574e-19	4.27486375111908e-23	0.423364336649688	-2.20299746136791e-18	-0	-3.80463277746381e-21	-0	-0	-0	-5.14571618516609e-14	-0.157972332440185
0	-0	-0	-0	-0	-0	-0	-0	-0	-0	-0	-0	-0
-0.0109499907979334	-0	0.291104400586816	3.77659648418742e-22	-0	0.104164618686753	-0	-2.79674598940883e-19	-0	-0	-0	1.22390906871209e-11	-0
0	-0	-0	-0	-0	-0	-0	-0	-0	-0	-0	-0	-0
0	-0	-0	-0	-0	-0	-0	-0	-0	-0	-0	-0	-0
0	-0	-0	-0	-0	-0	-0	-0	-0	-0	-0	-0	-0
0	-0	-0	-0	-0	-0	-0	-0	-0	-0	-0	-0	-0
0	-0	-0	-0	-0	-0	-0	-0	-0	-0	-0	-0	-0
0	-0	-0	-0	-0	-0	-0	-0	-0	-0	-0	-0	-0
0	-0	-0	-0	-0	-0	-0	-0	-0	-0	-0	-0	-0
0	-0	-0	-0	-0	-0	-0	-0	-0	-0	-0	-0	-0
0	-0	-0	-0	-0	-0	-0	-0	-0	-0	-0	-0	-0
-0.00463980854468354	-0	-0	-0	-0	-0	-0	-0	-0	-0	-0	-0	-0
0	-0	-0	-0	-0	-0	-0	-0	-0	-0	-0	-0	-0
0	-0	-0	-0	-0	-0	-0	-0	-0	-0	-0	-0	-0
0	-0	-0	-0	-0	-0	-0	-0	-0	-0	-0	-0	-0
0	-0	-0	-0	-0	-0	-0	-0	-0	-0	-0	-0	-0
0	-0	-0	-0	-0	-0	-0	-0	-0	-0	-0	-0	-0
0	-0	-0	-0	-0	-0	-0	-0	-0	-0	-0	-0	-0
0	-0	-0	-0	-0	-0	-0	-0	-0	-0	-0	-0	-0
0	-0	-0	-0	-0	-0	-0	-0	-0	-0	-0	-0	-0
0	-0	-0	-0	-0	-0	-0	-0	-0	-0	-0	-0	-0
0	-0	-0	-0	-0	-0	-0	-0	-0	-0	-0	-0	-0
0	-0	-0	-0	-0	-0	-0	-0	-0	-0	-0	-0	-0
0	-0	-0	-0	-0	-0	-0	-0	-0	-0	-0	-0	-0
0	-0	-0	-0	-0	-0	-0	-0	-0	-0	-0	-0	-0
0	-0	-0	-0	-0	-0	-0	-0	-0	-0	-0	-0	-0
0	-0	-0	-0	-0	-0	-0	-0	-0	-0	-0	-0	-0
0	-0	-0	-0	-0	-0	-0	-0	-0	-0	-0	-0	-0
0	-0	-0	-0	-0	-0	-0	-0	-0	-0	-0	-0	-0
0	-0	-0	-0	-0	-0	-0	-0	-0	-0	-0	-0	-0
0	-0	-0	-0	-0	-0	-0	-0	-0	-0	-0	-0	-0
0	-0	-0	-0	-0	-0	-0	-0	-0	-0	-0	-0	-0
0	-0	-0	-0	-0	-0	-0	-0	-0	-0	-0	-0	-0
0	-0	-0	-0	-0	-0	-0	-0	-0	-0	-0	-0	-0
0	-0	-0	-0	-0	-0	-0	-0	-0	-0	-0	-0	-0
0	-0	-0	-0	-0	-0	-0	-0	-0	-0	-0	-0	-0
0	-0	-0	-0	-0	-0	-0	-0	-0	-0	-0	-0	-0
0	-0	-0	-0	-0	-0	-0	-0	-0	-0	-0	-0	-0
0	-0	-0	-0	-0	-0	-0	-0	-0	-0	-0	-0	-0
0	-0	-0	-0	-0	-0	-0	-0	-0	-0	-0	-0	-0
0	-0	-0	-0	-0	-0	-0	-0	-0	-0	-0	-0	-0
0	-0	-0	-0	-0	-0	-0	-0	-0	-0	-0	-0	-0
0	-0	-0	-0	-0	-0	-0	-0	-0	-0	-0	-0	-0
0	-0	-0	-0	-0	-0	-0	-0	-0	-0	-0	-0	-0
0	-0	-0	-0	-0	-0	-0	-0	-0	-0	-0	-0	-0
0	-0	-0	-0	-0	-0	-0	-0	-0	-0	-0	-0	-0
0	-0	-0	-0	-0	-0	-0	-0	-0	-0	-0	-0	-0
0	-0	-0	-0	-0	-0	-0	-0	-0	-0	-0	-0	-0
0	-0	-0	-0	-0	-0	-0	-0	-0	-0	-0	-0	-0
0	-0	-0	-0	-0	-0	-0	-0	-0	-0	-0	-0	-0
0	-0	-0	-0	-0	-0	-0	-0	-0	-0	-0	-0	-0
0	-0	-0	-0	-0	-0	-0	-0	-0	-0	-0	-0	-0
0	-0	-0	-0	-0	-0	-0	-0	-0	-0	-0	-0	-0
0	-0	-0	-0	-0	-0	-0	-0	-0	-0	-0	-0	-0
0	-0	-0	-0	-0	-0	-0	-0	-0	-0	-0	-0	-0
0	-0	-0	-0	-0	-0	-0	-0	-0	-0	-0	-0	-0
0	-0	-0	-0	-0	-0	-0	-0	-0	-0	-0	-0	-0
0	-0	-0	-0	-0	-0	-0	-0	-0	-0	-0	-0	-0
0	-0	-0	-0	-0	-0	-0	-0	-0	-0	-0	-0	-0
0	-0	-0	-0	-0	-0	-0	-0	-0	-0	-0	-0	-0
0	-0	-0	-0	-0	-0	-0	-0	-0	-0	-0	-0	-0
0	-0	-0	-0	-0	-0	-0	-0	-0	-0	-0	-0	-0
0	-0	-0	-0	-0	-0	-0	-0	-0	-0	-0	-0	-0
0	-0	-0	-0	-0	-0	-0	-0	-0	-0	-0	-0	-0
0	-0	-0	-0	-0	-0	-0	-0	-0	-0	-0	-0	-0
0	-0	-0	-0	-0	-0	-0	-0	-0	-0	-0	-0	-0
0	-0	-0	-0	-0	-0	-0	-0	-0	-0	-0	-0	-0
0	-0	-0	-0	-0	-0	-0	-0	-0	-0	-0	-0	-0
0	-0	-0	-0	-0	-0	-0	-0	-0	-0	-0	-0	-0
0	-0	-0	-0	-0	-0	-0	-0	-0	-0	-0	-0	-0
0	-0	-0	-0	-0	-0	-0	-0	-0	-0	-0	-0	-0
0	-0	-0	-0	-0	-0	-0	-0	-0	-0	-0	-0	-0
0.00419947552154748	0.315505185043188	6.33199466765868e-20	6.64878729082174e-23	-6.17995238316738e-18	2.81703278272053e-19	-0	-1.08248215379928e-21	-0	0.0371256754522869	-0.295899623848585	1.06037648486067e-13	-9.07826922822413e-08
0	-0	-0	-0	-0	-0	-0	-0	-0	-0	-0	-0	-0
0	-0	-0	-0	-0	-0	-0	-0	-0	-0	-0	-0	-0
0	-0	-0	-0	-0	-0	-0	-0	-0	-0	-0	-0	-0
0	-0	-0	-0	-0	-0	-0	-0	-0	-0	-0	-0	-0
0	-0	-0	-0	-0	-0	-0	-0	-0	-0	-0	-0	-0
0	-0	-0	-0	-0	-0	-0	-0	-0	-0	-0	-0	-0
-0.0118230791367173	-0	-0	-0	-0	-0	-0	-0	-0	-0	-0	-0	-0
0	-0	-0	-0	-0	-0	-0	-0	-0	-0	-0	-0	-0
0	-0	-0	-0	-0	-0	-0	-0	-0	-0	-0	-0	-0
0	-0	-0	-0	-0	-0	-0	-0	-0	-0	-0	-0	-0
0	-0	-0	-0	-0	-0	-0	-0	-0	-0	-0	-0	-0
0	-0	-0	-0	-0	-0	-0	-0	-0	-0	-0	-0	-0
0	-0	-0	-0	-0	-0	-0	-0	-0	-0	-0	-0	-0
0.00050736652367791	-3.63812665911097e-22	-5.16772361007964e-20	-3.38986531401187e-23	-5.63785129692462e-18	-5.89690612397286e-19	-0	1.17690675942677e-21	-0.431061517282951	-1.18464434730999e-17	7.77514070048253e-08	-4.00253605852912e-14	-1.48086312611082e-07
0	-0	-0	-0	-0	-0	-0	-0	-0	-0	-0	-0	-0
0	-0	-0	-0	-0	-0	-0	-0	-0	-0	-0	-0	-0
0	-0	-0	-0	-0	-0	-0	-0	-0	-0	-0	-0	-0
0	-0	-0	-0	-0	-0	-0	-0	-0	-0	-0	-0	-0
0	-0	-0	-0	-0	-0	-0	-0	-0	-0	-0	-0	-0
0	-0	-0	-0	-0	-0	-0	-0	-0	-0	-0	-0	-0
0	-0	-0	-0	-0	-0	-0	-0	-0	-0	-0	-0	-0
0	-0	-0	-0	-0	-0	-0	-0	-0	-0	-0	-0	-0
0	-0	-0	-0	-0	-0	-0	-0	-0	-0	-0	-0	-0
0	-0	-0	-0	-0	-0	-0	-0	-0	-0	-0	-0	-0
0	-0	-0	-0	-0	-0	-0	-0	-0	-0	-0	-0	-0
0	-0	-0	-0	-0	-0	-0	-0	-0	-0	-0	-0	-0
0	-0	-0	-0	-0	-0	-0	-0	-0	-0	-0	-0	-0
0	-0	-0	-0	-0	-0	-0	-0	-0	-0	-0	-0	-0
0	-0	-0	-0	-0	-0	-0	-0	-0	-0	-0	-0	-0
0	-0	-0	-0	-0	-0	-0	-0	-0	-0	-0	-0	-0
0	-0	-0	-0	-0	-0	-0	-0	-0	-0	-0	-0	-0
0	-0	-0	-0	-0	-0	-0	-0	-0	-0	-0	-0	-0
0	-0	-0	-0	-0	-0	-0	-0	-0	-0	-0	-0	-0
0	-0	-0	-0	-0	-0	-0	-0	-0	-0	-0	-0	-0
0	-0	-0	-0	-0	-0	-0	-0	-0	-0	-0	-0	-0
0	-0	-0	-0	-0	-0	-0	-0	-0	-0	-0	-0	-0
0	-0	-0	-0	-0	-0	-0	-0	-0	-0	-0	-0	-0
0	-0	-0	-0	-0	-0	-0	-0	-0	-0	-0	-0	-0
0	-0	-0	-0	-0	-0	-0	-0	-0	-0	-0	-0	-0
0	-0	-0	-0	-0	-0	-0	-0	-0	-0	-0	-0	-0
0	-0	-0	-0	-0	-0	-0	-0	-0	-0	-0	-0	-0
0	-0	-0	-0	-0	-0	-0	-0	-0	-0	-0	-0	-0
0	-0	-0	-0	-0	-0	-0	-0	-0	-0	-0	-0	-0
0	-0	-0	-0	-0	-0	-0	-0	-0	-0	-0	-0	-0
0	-0	-0	-0	-0	-0	-0	-0	-0	-0	-0	-0	-0
0	-0	-0	-0	-0	-0	-0	-0	-0	-0	-0	-0	-0
0	-0	-0	-0	-0	-0	-0	-0	-0	-0	-0	-0	-0
0	-0	-0	-0	-0	-0	-0	-0	-0	-0	-0	-0	-0
0	-0	-0	-0	-0	-0	-0	-0	-0	-0	-0	-0	-0
0	-0	-0	-0	-0	-0	-0	-0	-0	-0	-0	-0	-0
0	-0	-0	-0	-0	-0	-0	-0	-0	-0	-0	-0	-0
0	-0	-0	-0	-0	-0	-0	-0	-0	-0	-0	-0	-0
0	-0	-0	-0	-0	-0	-0	-0	-0	-0	-0	-0	-0
0	-0	-0	-0	-0	-0	-0	-0	-0	-0	-0	-0	-0
0	-0	-0	-0	-0	-0	-0	-0	-0	-0	-0	-0	-0
0	-0	-0	-0	-0	-0	-0	-0	-0	-0	-0	-0	-0
0	-0	-0	-0	-0	-0	-0	-0	-0	-0	-0	-0	-0
0	-0	-0	-0	-0	-0	-0	-0	-0	-0	-0	-0	-0
0	-0	-0	-0	-0	-0	-0	-0	-0	-0	-0	-0	-0
0	-0	-0	-0	-0	-0	-0	-0	-0	-0	-0	-0	-0
0.00507269921650911	0.381110187870167	-4.52632728392084e-21	3.34467557482846e-23	4.93311988480905e-18	-1.59650428657045e-19	-0	-7.04820889793401e-22	-0	0.0448454536326533	0.118646513558081	6.0842480434985e-14	-1.10228171433464e-07
0	-0	-0	-0	-0	-0	-0	-0	-0	-0	-0	-0	-0
0	-0	-0	-0	-0	-0	-0	-0	-0	-0	-0	-0	-0
0	-0	-0	-0	-0	-0	-0	-0	-0	-0	-0	-0	-0
0	-0	-0	-0	-0	-0	-0	-0	-0	-0	-0	-0	-0
0	-0	-0	-0	-0	-0	-0	-0	-0	-0	-0	-0	-0
0	-0	-0	-0	-0	-0	-0	-0	-0	-0	-0	-0	-0
0	-0	-0	-0	-0	-0	-0	-0	-0	-0	-0	-0	-0
0	-0	-0	-0	-0	-0	-0	-0	-0	-0	-0	-0	-0
0	-0	-0	-0	-0	-0	-0	-0	-0	-0	-0	-0	-0
0	-0	-0	-0	-0	-0	-0	-0	-0	-0	-0	-0	-0
0	-0	-0	-0	-0	-0	-0	-0	-0	-0	-0	-0	-0
0	-0	-0	-0	-0	-0	-0	-0	-0	-0	-0	-0	-0
0	-0	-0	-0	-0	-0	-0	-0	-0	-0	-0	-0	-0
0	-0	-0	-0	-0	-0	-0	-0	-0	-0	-0	-0	-0
0	-0	-0	-0	-0	-0	-0	-0	-0	-0	-0	-0	-0
0	-0	-0	-0	-0	-0	-0	-0	-0	-0	-0	-0	-0
0	-0	-0	-0	-0	-0	-0	-0	-0	-0	-0	-0	-0
0	-0	-0	-0	-0	-0	-0	-0	-0	-0	-0	-0	-0
0	-0	-0	-0	-0	-0	-0	-0	-0	-0	-0	-0	-0
0	-0	-0	-0	-0	-0	-0	-0	-0	-0	-0	-0	-0
0	-0	-0	-0	-0	-0	-0	-0	-0	-0	-0	-0	-0
0	-0	-0	-0	-0	-0	-0	-0	-0	-0	-0	-0	-0
0	-0	-0	-0	-0	-0	-0	-0	-0	-0	-0	-0	-0
0	-0	-0	-0	-0	-0	-0	-0	-0	-0	-0	-0	-0
0	-0	-0	-0	-0	-0	-0	-0	-0	-0	-0	-0	-0
0	-0	-0	-0	-0	-0	-0	-0	-0	-0	-0	-0	-0
0	-0	-0	-0	-0	-0	-0	-0	-0	-0	-0	-0	-0
0	-0	-0	-0	-0	-0	-0	-0	-0	-0	-0	-0	-0
0	-0	-0	-0	-0	-0	-0	-0	-0	-0	-0	-0	-0
0	-0	-0	-0	-0	-0	-0	-0	-0	-0	-0	-0	-0
0	-0	-0	-0	-0	-0	-0	-0	-0	-0	-0	-0	-0
0.00539684439757886	-0	-0	-0	-0	-0	-0	-0	-0	-0	-0	-0	-0
0	-0	-0	-0	-0	-0	-0	-0	-0	-0	-0	-0	-0
0	-0	-0	-0	-0	-0	-0	-0	-0	-0	-0	-0	-0
0	-0	-0	-0	-0	-0	-0	-0	-0	-0	-0	-0	-0
0	-0	-0	-0	-0	-0	-0	-0	-0	-0	-0	-0	-0
0	-0	-0	-0	-0	-0	-0	-0	-0	-0	-0	-0	-0
0	-0	-0	-0	-0	-0	-0	-0	-0	-0	-0	-0	-0
0	-0	-0	-0	-0	-0	-0	-0	-0	-0	-0	-0	-0
0	-0	-0	-0	-0	-0	-0	-0	-0	-0	-0	-0	-0
0	-0	-0	-0	-0	-0	-0	-0	-0	-0	-0	-0	-0
0	-0	-0	-0	-0	-0	-0	-0	-0	-0	-0	-0	-0
0	-0	-0	-0	-0	-0	-0	-0	-0	-0	-0	-0	-0
0	-0	-0	-0	-0	-0	-0	-0	-0	-0	-0	-0	-0
0	-0	-0	-0	-0	-0	-0	-0	-0	-0	-0	-0	-0
0	-0	-0	-0	-0	-0	-0	-0	-0	-0	-0	-0	-0
0	-0	-0	-0	-0	-0	-0	-0	-0	-0	-0	-0	-0
0	-0	-0	-0	-0	-0	-0	-0	-0	-0	-0	-0	-0
0	-0	-0	-0	-0	-0	-0	-0	-0	-0	-0	-0	-0
0	-0	-0	-0	-0	-0	-0	-0	-0	-0	-0	-0	-0
0	-0	-0	-0	-0	-0	-0	-0	-0	-0	-0	-0	-0
0	-0	-0	-0	-0	-0	-0	-0	-0	-0	-0	-0	-0
0	-0	-0	-0	-0	-0	-0	-0	-0	-0	-0	-0	-0
0	-0	-0	-0	-0	-0	-0	-0	-0	-0	-0	-0	-0
0	-0	-0	-0	-0	-0	-0	-0	-0	-0	-0	-0	-0
0	-0	-0	-0	-0	-0	-0	-0	-0	-0	-0	-0	-0
0	-0	-0	-0	-0	-0	-0	-0	-0	-0	-0	-0	-0
0	-0	-0	-0	-0	-0	-0	-0	-0	-0	-0	-0	-0
0	-0	-0	-0	-0	-0	-0	-0	-0	-0	-0	-0	-0
0	-0	-0	-0	-0	-0	-0	-0	-0	-0	-0	-0	-0
0	-0	-0	-0	-0	-0	-0	-0	-0	-0	-0	-0	-0
0	-0	-0	-0	-0	-0	-0	-0	-0	-0	-0	-0	-0
0	-0	-0	-0	-0	-0	-0	-0	-0	-0	-0	-0	-0
0.0127755926865673	-0	-0	-0	-0	-0	-0	-0	-0	-0	-0	-0	-0
0	-0	-0	-0	-0	-0	-0	-0	-0	-0	-0	-0	-0
0	-0	-0	-0	-0	-0	-0	-0	-0	-0	-0	-0	-0
-0.01147831266319	-0	-0	-0	-0	-0	-0	-0	-0	-0	-0	-0	-0
0	-0	-0	-0	-0	-0	-0	-0	-0	-0	-0	-0	-0
0	-0	-0	-0	-0	-0	-0	-0	-0	-0	-0	-0	-0
0	-0	-0	-0	-0	-0	-0	-0	-0	-0	-0	-0	-0
0	-0	-0	-0	-0	-0	-0	-0	-0	-0	-0	-0	-0
0	-0	-0	-0	-0	-0	-0	-0	-0	-0	-0	-0	-0
0	-0	-0	-0	-0	-0	-0	-0	-0	-0	-0	-0	-0
0	-0	-0	-0	-0	-0	-0	-0	-0	-0	-0	-0	-0
0	-0	-0	-0	-0	-0	-0	-0	-0	-0	-0	-0	-0
0	-0	-0	-0	-0	-0	-0	-0	-0	-0	-0	-0	-0
0	-0	-0	-0	-0	-0	-0	-0	-0	-0	-0	-0	-0
0	-0	-0	-0	-0	-0	-0	-0	-0	-0	-0	-0	-0
0	-0	-0	-0	-0	-0	-0	-0	-0	-0	-0	-0	-0
0	-0	-0	-0	-0	-0	-0	-0	-0	-0	-0	-0	-0
0	-0	-0	-0	-0	-0	-0	-0	-0	-0	-0	-0	-0
0	-0	-0	-0	-0	-0	-0	-0	-0	-0	-0	-0	-0
0	-0	-0	-0	-0	-0	-0	-0	-0	-0	-0	-0	-0
0	-0	-0	-0	-0	-0	-0	-0	-0	-0	-0	-0	-0
0	-0	-0	-0	-0	-0	-0	-0	-0	-0	-0	-0	-0
0	-0	-0	-0	-0	-0	-0	-0	-0	-0	-0	-0	-0
0	-0	-0	-0	-0	-0	-0	-0	-0	-0	-0	-0	-0
0	-0	-0	-0	-0	-0	-0	-0	-0	-0	-0	-0	-0
0	-0	-0	-0	-0	-0	-0	-0	-0	-0	-0	-0	-0
0	-0	-0	-0	-0	-0	-0	-0	-0	-0	-0	-0	-0
0	-0	-0	-0	-0	-0	-0	-0	-0	-0	-0	-0	-0
0	-0	-0	-0	-0	-0	-0	-0	-0	-0	-0	-0	-0
0	-0	-0	-0	-0	-0	-0	-0	-0	-0	-0	-0	-0
0	-0	-0	-0	-0	-0	-0	-0	-0	-0	-0	-0	-0
0	-0	-0	-0	-0	-0	-0	-0	-0	-0	-0	-0	-0
0	-0	-0	-0	-0	-0	-0	-0	-0	-0	-0	-0	-0
-0.00964679812737353	-0	-0	-0	-0	-0	-0	-0	-0	-0	-0	-0	-0
0	-0	-0	-0	-0	-0	-0	-0	-0	-0	-0	-0	-0
0	-0	-0	-0	-0	-0	-0	-0	-0	-0	-0	-0	-0
0	-0	-0	-0	-0	-0	-0	-0	-0	-0	-0	-0	-0
0	-0	-0	-0	-0	-0	-0	-0	-0	-0	-0	-0	-0
0	-0	-0	-0	-0	-0	-0	-0	-0	-0	-0	-0	-0
0.00158349255754506	0.118967263845049	-1.11074144748301e-19	-1.00218858396097e-22	1.62630325872826e-18	-4.75224482891168e-19	-0	1.60269313297704e-21	-0	0.01399894593302	-0.0302725834609943	-1.76529074071446e-13	1.58912528551495e-07
0	-0	-0	-0	-0	-0	-0	-0	-0	-0	-0	-0	-0
0	-0	-0	-0	-0	-0	-0	-0	-0	-0	-0	-0	-0
0	-0	-0	-0	-0	-0	-0	-0	-0	-0	-0	-0	-0
0	-0	-0	-0	-0	-0	-0	-0	-0	-0	-0	-0	-0
0	-0	-0	-0	-0	-0	-0	-0	-0	-0	-0	-0	-0
0	-0	-0	-0	-0	-0	-0	-0	-0	-0	-0	-0	-0
0	-0	-0	-0	-0	-0	-0	-0	-0	-0	-0	-0	-0
0	-0	-0	-0	-0	-0	-0	-0	-0	-0	-0	-0	-0
0	-0	-0	-0	-0	-0	-0	-0	-0	-0	-0	-0	-0
0	-0	-0	-0	-0	-0	-0	-0	-0	-0	-0	-0	-0
0	-0	-0	-0	-0	-0	-0	-0	-0	-0	-0	-0	-0
0	-0	-0	-0	-0	-0	-0	-0	-0	-0	-0	-0	-0
0	-0	-0	-0	-0	-0	-0	-0	-0	-0	-0	-0	-0
0	-0	-0	-0	-0	-0	-0	-0	-0	-0	-0	-0	-0
0	-0	-0	-0	-0	-0	-0	-0	-0	-0	-0	-0	-0
0	-0	-0	-0	-0	-0	-0	-0	-0	-0	-0	-0	-0
0	-0	-0	-0	-0	-0	-0	-0	-0	-0	-0	-0	-0
0	-0	-0	-0	-0	-0	-0	-0	-0	-0	-0	-0	-0
0	-0	-0	-0	-0	-0	-0	-0	-0	-0	-0	-0	-0
0	-0	-0	-0	-0	-0	-0	-0	-0	-0	-0	-0	-0
0	-0	-0	-0	-0	-0	-0	-0	-0	-0	-0	-0	-0
0	-0	-0	-0	-0	-0	-0	-0	-0	-0	-0	-0	-0
0	-0	-0	-0	-0	-0	-0	-0	-0	-0	-0	-0	-0
0	-0	-0	-0	-0	-0	-0	-0	-0	-0	-0	-0	-0
0	-0	-0	-0	-0	-0	-0	-0	-0	-0	-0	-0	-0
0	-0	-0	-0	-0	-0	-0	-0	-0	-0	-0	-0	-0
0	-0	-0	-0	-0	-0	-0	-0	-0	-0	-0	-0	-0
0	-0	-0	-0	-0	-0	-0	-0	-0	-0	-0	-0	-0
-0.00534380807536567	-0	-0	-0	-0	-0	-0	-0	-0	-0	-0	-0	-0
0	-0	-0	-0	-0	-0	-0	-0	-0	-0	-0	-0	-0
0.00736006783710473	-0	-0	-0	-0	-0	-0	-0	-0	-0	-0	-0	-0
0.0205807117411965	-0	-0	-0	-0	-0	-0	-0	-0	-0	-0	-0	-0
0.00469356589487332	-0	-0	-0	-0	-0	-0	-0	-0	-0	-0	-0	-0
0	-0	-0	-0	-0	-0	-0	-0	-0	-0	-0	-0	-0
0	-0	-0	-0	-0	-0	-0	-0	-0	-0	-0	-0	-0
0	-0	-0	-0	-0	-0	-0	-0	-0	-0	-0	-0	-0
0	-0	-0	-0	-0	-0	-0	-0	-0	-0	-0	-0	-0
0	-0	-0	-0	-0	-0	-0	-0	-0	-0	-0	-0	-0
0	-0	-0	-0	-0	-0	-0	-0	-0	-0	-0	-0	-0
0	-0	-0	-0	-0	-0	-0	-0	-0	-0	-0	-0	-0
0	-0	-0	-0	-0	-0	-0	-0	-0	-0	-0	-0	-0
0	-0	-0	-0	-0	-0	-0	-0	-0	-0	-0	-0	-0
0	-0	-0	-0	-0	-0	-0	-0	-0	-0	-0	-0	-0
0	-0	-0	-0	-0	-0	-0	-0	-0	-0	-0	-0	-0
0	-0	-0	-0	-0	-0	-0	-0	-0	-0	-0	-0	-0
0	-0	-0	-0	-0	-0	-0	-0	-0	-0	-0	-0	-0
0	-0	-0	-0	-0	-0	-0	-0	-0	-0	-0	-0	-0
0	-0	-0	-0	-0	-0	-0	-0	-0	-0	-0	-0	-0
0	-0	-0	-0	-0	-0	-0	-0	-0	-0	-0	-0	-0
0	-0	-0	-0	-0	-0	-0	-0	-0	-0	-0	-0	-0
0	-0	-0	-0	-0	-0	-0	-0	-0	-0	-0	-0	-0
0	-0	-0	-0	-0	-0	-0	-0	-0	-0	-0	-0	-0
0	-0	-0	-0	-0	-0	-0	-0	-0	-0	-0	-0	-0
0	-0	-0	-0	-0	-0	-0	-0	-0	-0	-0	-0	-0
0	-0	-0	-0	-0	-0	-0	-0	-0	-0	-0	-0	-0
0	-0	-0	-0	-0	-0	-0	-0	-0	-0	-0	-0	-0
0	-0	-0	-0	-0	-0	-0	-0	-0	-0	-0	-0	-0
0	-0	-0	-0	-0	-0	-0	-0	-0	-0	-0	-0	-0
0	-0	-0	-0	-0	-0	-0	-0	-0	-0	-0	-0	-0
0	-0	-0	-0	-0	-0	-0	-0	-0	-0	-0	-0	-0
0	-0	-0	-0	-0	-0	-0	-0	-0	-0	-0	-0	-0
0	-0	-0	-0	-0	-0	-0	-0	-0	-0	-0	-0	-0
0	-0	-0	-0	-0	-0	-0	-0	-0	-0	-0	-0	-0
0	-0	-0	-0	-0	-0	-0	-0	-0	-0	-0	-0	-0
0	-0	-0	-0	-0	-0	-0	-0	-0	-0	-0	-0	-0
0	-0	-0	-0	-0	-0	-0	-0	-0	-0	-0	-0	-0
0	-0	-0	-0	-0	-0	-0	-0	-0	-0	-0	-0	-0
0	-0	-0	-0	-0	-0	-0	-0	-0	-0	-0	-0	-0
0	-0	-0	-0	-0	-0	-0	-0	-0	-0	-0	-0	-0
0	-0	-0	-0	-0	-0	-0	-0	-0	-0	-0	-0	-0
0	-0	-0	-0	-0	-0	-0	-0	-0	-0	-0	-0	-0
0	-0	-0	-0	-0	-0	-0	-0	-0	-0	-0	-0	-0
0	-0	-0	-0	-0	-0	-0	-0	-0	-0	-0	-0	-0
0	-0	-0	-0	-0	-0	-0	-0	-0	-0	-0	-0	-0
0	-0	-0	-0	-0	-0	-0	-0	-0	-0	-0	-0	-0
0	-0	-0	-0	-0	-0	-0	-0	-0	-0	-0	-0	-0
0	-0	-0	-0	-0	-0	-0	-0	-0	-0	-0	-0	-0
0	-0	-0	-0	-0	-0	-0	-0	-0	-0	-0	-0	-0
0	-0	-0	-0	-0	-0	-0	-0	-0	-0	-0	-0	-0
0	-0	-0	-0	-0	-0	-0	-0	-0	-0	-0	-0	-0
0	-0	-0	-0	-0	-0	-0	-0	-0	-0	-0	-0	-0
0	-0	-0	-0	-0	-0	-0	-0	-0	-0	-0	-0	-0
0	-0	-0	-0	-0	-0	-0	-0	-0	-0	-0	-0	-0
0	-0	-0	-0	-0	-0	-0	-0	-0	-0	-0	-0	-0
0	-0	-0	-0	-0	-0	-0	-0	-0	-0	-0	-0	-0
0	-0	-0	-0	-0	-0	-0	-0	-0	-0	-0	-0	-0
0	-0	-0	-0	-0	-0	-0	-0	-0	-0	-0	-0	-0
0	-0	-0	-0	-0	-0	-0	-0	-0	-0	-0	-0	-0
0	-0	-0	-0	-0	-0	-0	-0	-0	-0	-0	-0	-0
0	-0	-0	-0	-0	-0	-0	-0	-0	-0	-0	-0	-0
0	-0	-0	-0	-0	-0	-0	-0	-0	-0	-0	-0	-0
0	-0	-0	-0	-0	-0	-0	-0	-0	-0	-0	-0	-0
0	-0	-0	-0	-0	-0	-0	-0	-0	-0	-0	-0	-0
0	-0	-0	-0	-0	-0	-0	-0	-0	-0	-0	-0	-0
0	-0	-0	-0	-0	-0	-0	-0	-0	-0	-0	-0	-0
0	-0	-0	-0	-0	-0	-0	-0	-0	-0	-0	-0	-0
0	-0	-0	-0	-0	-0	-0	-0	-0	-0	-0	-0	-0
0	-0	-0	-0	-0	-0	-0	-0	-0	-0	-0	-0	-0
0	-0	-0	-0	-0	-0	-0	-0	-0	-0	-0	-0	-0
0	-0	-0	-0	-0	-0	-0	-0	-0	-0	-0	-0	-0
0	-0	-0	-0	-0	-0	-0	-0	-0	-0	-0	-0	-0
0	-0	-0	-0	-0	-0	-0	-0	-0	-0	-0	-0	-0
0	-0	-0	-0	-0	-0	-0	-0	-0	-0	-0	-0	-0
0	-0	-0	-0	-0	-0	-0	-0	-0	-0	-0	-0	-0
0	-0	-0	-0	-0	-0	-0	-0	-0	-0	-0	-0	-0
0	-0	-0	-0	-0	-0	-0	-0	-0	-0	-0	-0	-0
0	-0	-0	-0	-0	-0	-0	-0	-0	-0	-0	-0	-0
0	-0	-0	-0	-0	-0	-0	-0	-0	-0	-0	-0	-0
0	-0	-0	-0	-0	-0	-0	-0	-0	-0	-0	-0	-0
0	-0	-0	-0	-0	-0	-0	-0	-0	-0	-0	-0	-0
0	-0	-0	-0	-0	-0	-0	-0	-0	-0	-0	-0	-0
0	-0	-0	-0	-0	-0	-0	-0	-0	-0	-0	-0	-0
0	-0	-0	-0	-0	-0	-0	-0	-0	-0	-0	-0	-0
0	-0	-0	-0	-0	-0	-0	-0	-0	-0	-0	-0	-0
0	-0	-0	-0	-0	-0	-0	-0	-0	-0	-0	-0	-0
0	-0	-0	-0	-0	-0	-0	-0	-0	-0	-0	-0	-0
0	-0	-0	-0	-0	-0	-0	-0	-0	-0	-0	-0	-0
0	-0	-0	-0	-0	-0	-0	-0	-0	-0	-0	-0	-0
0	-0	-0	-0	-0	-0	-0	-0	-0	-0	-0	-0	-0
0	-0	-0	-0	-0	-0	-0	-0	-0	-0	-0	-0	-0
0	-0	-0	-0	-0	-0	-0	-0	-0	-0	-0	-0	-0
0	-0	-0	-0	-0	-0	-0	-0	-0	-0	-0	-0	-0
0	-0	-0	-0	-0	-0	-0	-0	-0	-0	-0	-0	-0
0	-0	-0	-0	-0	-0	-0	-0	-0	-0	-0	-0	-0
0	-0	-0	-0	-0	-0	-0	-0	-0	-0	-0	-0	-0
0	-0	-0	-0	-0	-0	-0	-0	-0	-0	-0	-0	-0
0.00326133650308554	0.245023115771117	-9.16753303066815e-20	-1.19955729104394e-22	3.08997619158369e-18	-1.25693742648223e-19	-0	2.09744730568605e-21	-0	0.0288320100770539	-0.0623511546266045	-2.05013349731967e-13	3.44824577617432e-07
0	-0	-0	-0	-0	-0	-0	-0	-0	-0	-0	-0	-0
0	-0	-0	-0	-0	-0	-0	-0	-0	-0	-0	-0	-0
0	-0	-0	-0	-0	-0	-0	-0	-0	-0	-0	-0	-0
0	-0	-0	-0	-0	-0	-0	-0	-0	-0	-0	-0	-0
0	-0	-0	-0	-0	-0	-0	-0	-0	-0	-0	-0	-0
0	-0	-0	-0	-0	-0	-0	-0	-0	-0	-0	-0	-0
0	-0	-0	-0	-0	-0	-0	-0	-0	-0	-0	-0	-0
0	-0	-0	-0	-0	-0	-0	-0	-0	-0	-0	-0	-0
0.00297602664837408	0.223587882241817	1.24367648133618e-21	-1.62244328179209e-23	-3.74049749507499e-18	2.31630898984946e-19	-0	7.44030078816821e-22	-0	0.0263097138968619	0.381037562719033	-2.4177569908901e-14	1.24388289494232e-07
0	-0	-0	-0	-0	-0	-0	-0	-0	-0	-0	-0	-0
0	-0	-0	-0	-0	-0	-0	-0	-0	-0	-0	-0	-0
0	-0	-0	-0	-0	-0	-0	-0	-0	-0	-0	-0	-0
0	-0	-0	-0	-0	-0	-0	-0	-0	-0	-0	-0	-0
0	-0	-0	-0	-0	-0	-0	-0	-0	-0	-0	-0	-0
0	-0	-0	-0	-0	-0	-0	-0	-0	-0	-0	-0	-0
0	-0	-0	-0	-0	-0	-0	-0	-0	-0	-0	-0	-0
0	-0	-0	-0	-0	-0	-0	-0	-0	-0	-0	-0	-0
0	-0	-0	-0	-0	-0	-0	-0	-0	-0	-0	-0	-0
0	-0	-0	-0	-0	-0	-0	-0	-0	-0	-0	-0	-0
0	-0	-0	-0	-0	-0	-0	-0	-0	-0	-0	-0	-0
0	-0	-0	-0	-0	-0	-0	-0	-0	-0	-0	-0	-0
0	-0	-0	-0	-0	-0	-0	-0	-0	-0	-0	-0	-0
0	-0	-0	-0	-0	-0	-0	-0	-0	-0	-0	-0	-0
0	-0	-0	-0	-0	-0	-0	-0	-0	-0	-0	-0	-0
0	-0	-0	-0	-0	-0	-0	-0	-0	-0	-0	-0	-0
0	-0	-0	-0	-0	-0	-0	-0	-0	-0	-0	-0	-0
0	-0	-0	-0	-0	-0	-0	-0	-0	-0	-0	-0	-0
0	-0	-0	-0	-0	-0	-0	-0	-0	-0	-0	-0	-0
0	-0	-0	-0	-0	-0	-0	-0	-0	-0	-0	-0	-0
0	-0	-0	-0	-0	-0	-0	-0	-0	-0	-0	-0	-0
0	-0	-0	-0	-0	-0	-0	-0	-0	-0	-0	-0	-0
0.000363579670723104	-0	-0	-0	-0	-0	-0	-0	-0	-0	-0	-0	-0
0	-0	-0	-0	-0	-0	-0	-0	-0	-0	-0	-0	-0
0	-0	-0	-0	-0	-0	-0	-0	-0	-0	-0	-0	-0
0	-0	-0	-0	-0	-0	-0	-0	-0	-0	-0	-0	-0
0	-0	-0	-0	-0	-0	-0	-0	-0	-0	-0	-0	-0
0	-0	-0	-0	-0	-0	-0	-0	-0	-0	-0	-0	-0
0	-0	-0	-0	-0	-0	-0	-0	-0	-0	-0	-0	-0
0	-0	-0	-0	-0	-0	-0	-0	-0	-0	-0	-0	-0
0	-0	-0	-0	-0	-0	-0	-0	-0	-0	-0	-0	-0
0	-0	-0	-0	-0	-0	-0	-0	-0	-0	-0	-0	-0
0	-0	-0	-0	-0	-0	-0	-0	-0	-0	-0	-0	-0
0	-0	-0	-0	-0	-0	-0	-0	-0	-0	-0	-0	-0
0	-0	-0	-0	-0	-0	-0	-0	-0	-0	-0	-0	-0
0	-0	-0	-0	-0	-0	-0	-0	-0	-0	-0	-0	-0
0	-0	-0	-0	-0	-0	-0	-0	-0	-0	-0	-0	-0
0	-0	-0	-0	-0	-0	-0	-0	-0	-0	-0	-0	-0
0	-0	-0	-0	-0	-0	-0	-0	-0	-0	-0	-0	-0
0	-0	-0	-0	-0	-0	-0	-0	-0	-0	-0	-0	-0
0	-0	-0	-0	-0	-0	-0	-0	-0	-0	-0	-0	-0
0	-0	-0	-0	-0	-0	-0	-0	-0	-0	-0	-0	-0
0	-0	-0	-0	-0	-0	-0	-0	-0	-0	-0	-0	-0
0	-0	-0	-0	-0	-0	-0	-0	-0	-0	-0	-0	-0
0	-0	-0	-0	-0	-0	-0	-0	-0	-0	-0	-0	-0
0	-0	-0	-0	-0	-0	-0	-0	-0	-0	-0	-0	-0
0	-0	-0	-0	-0	-0	-0	-0	-0	-0	-0	-0	-0
0	-0	-0	-0	-0	-0	-0	-0	-0	-0	-0	-0	-0
0	-0	-0	-0	-0	-0	-0	-0	-0	-0	-0	-0	-0
0	-0	-0	-0	-0	-0	-0	-0	-0	-0	-0	-0	-0
0	-0	-0	-0	-0	-0	-0	-0	-0	-0	-0	-0	-0
0	-0	-0	-0	-0	-0	-0	-0	-0	-0	-0	-0	-0
0	-0	-0	-0	-0	-0	-0	-0	-0	-0	-0	-0	-0
0	-0	-0	-0	-0	-0	-0	-0	-0	-0	-0	-0	-0
0	-0	-0	-0	-0	-0	-0	-0	-0	-0	-0	-0	-0
0	-0	-0	-0	-0	-0	-0	-0	-0	-0	-0	-0	-0
0	-0	-0	-0	-0	-0	-0	-0	-0	-0	-0	-0	-0
0	-0	-0	-0	-0	-0	-0	-0	-0	-0	-0	-0	-0
0	-0	-0	-0	-0	-0	-0	-0	-0	-0	-0	-0	-0
0	-0	-0	-0	-0	-0	-0	-0	-0	-0	-0	-0	-0
0	-0	-0	-0	-0	-0	-0	-0	-0	-0	-0	-0	-0
0	-0	-0	-0	-0	-0	-0	-0	-0	-0	-0	-0	-0
0	-0	-0	-0	-0	-0	-0	-0	-0	-0	-0	-0	-0
0	-0	-0	-0	-0	-0	-0	-0	-0	-0	-0	-0	-0
0	-0	-0	-0	-0	-0	-0	-0	-0	-0	-0	-0	-0
0	-0	-0	-0	-0	-0	-0	-0	-0	-0	-0	-0	-0
0	-0	-0	-0	-0	-0	-0	-0	-0	-0	-0	-0	-0
0	-0	-0	-0	-0	-0	-0	-0	-0	-0	-0	-0	-0
0	-0	-0	-0	-0	-0	-0	-0	-0	-0	-0	-0	-0
0	-0	-0	-0	-0	-0	-0	-0	-0	-0	-0	-0	-0
0	-0	-0	-0	-0	-0	-0	-0	-0	-0	-0	-0	-0
0	-0	-0	-0	-0	-0	-0	-0	-0	-0	-0	-0	-0
0	-0	-0	-0	-0	-0	-0	-0	-0	-0	-0	-0	-0
0	-0	-0	-0	-0	-0	-0	-0	-0	-0	-0	-0	-0
0	-0	-0	-0	-0	-0	-0	-0	-0	-0	-0	-0	-0
0	-0	-0	-0	-0	-0	-0	-0	-0	-0	-0	-0	-0
0	-0	-0	-0	-0	-0	-0	-0	-0	-0	-0	-0	-0
0	-0	-0	-0	-0	-0	-0	-0	-0	-0	-0	-0	-0
0	-0	-0	-0	-0	-0	-0	-0	-0	-0	-0	-0	-0
0	-0	-0	-0	-0	-0	-0	-0	-0	-0	-0	-0	-0
0	-0	-0	-0	-0	-0	-0	-0	-0	-0	-0	-0	-0
0	-0	-0	-0	-0	-0	-0	-0	-0	-0	-0	-0	-0
0	-0	-0	-0	-0	-0	-0	-0	-0	-0	-0	-0	-0
0	-0	-0	-0	-0	-0	-0	-0	-0	-0	-0	-0	-0
-0.00232570995903987	-0	-0	-0	-0	-0	-0	-0	-0	-0	-0	-0	-0
0	-0	-0	-0	-0	-0	-0	-0	-0	-0	-0	-0	-0
0	-0	-0	-0	-0	-0	-0	-0	-0	-0	-0	-0	-0
0	-0	-0	-0	-0	-0	-0	-0	-0	-0	-0	-0	-0
0	-0	-0	-0	-0	-0	-0	-0	-0	-0	-0	-0	-0
0	-0	-0	-0	-0	-0	-0	-0	-0	-0	-0	-0	-0
0	-0	-0	-0	-0	-0	-0	-0	-0	-0	-0	-0	-0
0	-0	-0	-0	-0	-0	-0	-0	-0	-0	-0	-0	-0
0	-0	-0	-0	-0	-0	-0	-0	-0	-0	-0	-0	-0
0	-0	-0	-0	-0	-0	-0	-0	-0	-0	-0	-0	-0
0	-0	-0	-0	-0	-0	-0	-0	-0	-0	-0	-0	-0
0	-0	-0	-0	-0	-0	-0	-0	-0	-0	-0	-0	-0
0	-0	-0	-0	-0	-0	-0	-0	-0	-0	-0	-0	-0
0	-0	-0	-0	-0	-0	-0	-0	-0	-0	-0	-0	-0
0	-0	-0	-0	-0	-0	-0	-0	-0	-0	-0	-0	-0
0	-0	-0	-0	-0	-0	-0	-0	-0	-0	-0	-0	-0
0	-0	-0	-0	-0	-0	-0	-0	-0	-0	-0	-0	-0
0	-0	-0	-0	-0	-0	-0	-0	-0	-0	-0	-0	-0
0	-0	-0	-0	-0	-0	-0	-0	-0	-0	-0	-0	-0
0	-0	-0	-0	-0	-0	-0	-0	-0	-0	-0	-0	-0
0	-0	-0	-0	-0	-0	-0	-0	-0	-0	-0	-0	-0
0	-0	-0	-0	-0	-0	-0	-0	-0	-0	-0	-0	-0
0	-0	-0	-0	-0	-0	-0	-0	-0	-0	-0	-0	-0
0	-0	-0	-0	-0	-0	-0	-0	-0	-0	-0	-0	-0
0.00153279304504395	-0	-0	-0	-0	-0	-0.659039557300298	-0	-0	-0	-0	-0	-0
0	-0	-0	-0	-0	-0	-0	-0	-0	-0	-0	-0	-0
0	-0	-0	-0	-0	-0	-0	-0	-0	-0	-0	-0	-0
0	-0	-0	-0	-0	-0	-0	-0	-0	-0	-0	-0	-0
-7.64197687948904e-05	-0	-0	-0	-0	-0	0.0328574367938444	-0	-0	-0	-0	-0	-0
0	-0	-0	-0	-0	-0	-0	-0	-0	-0	-0	-0	-0
0	-0	-0	-0	-0	-0	-0	-0	-0	-0	-0	-0	-0
0	-0	-0	-0	-0	-0	-0	-0	-0	-0	-0	-0	-0
0	-0	-0	-0	-0	-0	-0	-0	-0	-0	-0	-0	-0
0	-0	-0	-0	-0	-0	-0	-0	-0	-0	-0	-0	-0
0	-0	-0	-0	-0	-0	-0	-0	-0	-0	-0	-0	-0
0	-0	-0	-0	-0	-0	-0	-0	-0	-0	-0	-0	-0
0	-0	-0	-0	-0	-0	-0	-0	-0	-0	-0	-0	-0
0	-0	-0	-0	-0	-0	-0	-0	-0	-0	-0	-0	-0
0	-0	-0	-0	-0	-0	-0	-0	-0	-0	-0	-0	-0
0	-0	-0	-0	-0	-0	-0	-0	-0	-0	-0	-0	-0
0	-0	-0	-0	-0	-0	-0	-0	-0	-0	-0	-0	-0
0	-0	-0	-0	-0	-0	-0	-0	-0	-0	-0	-0	-0
0	-0	-0	-0	-0	-0	-0	-0	-0	-0	-0	-0	-0
0	-0	-0	-0	-0	-0	-0	-0	-0	-0	-0	-0	-0
0	-0	-0	-0	-0	-0	-0	-0	-0	-0	-0	-0	-0
0	-0	-0	-0	-0	-0	-0	-0	-0	-0	-0	-0	-0
0	-0	-0	-0	-0	-0	-0	-0	-0	-0	-0	-0	-0
0	-0	-0	-0	-0	-0	-0	-0	-0	-0	-0	-0	-0
0.00174758203567997	-0	-0	-0	-0	-0	-0.751390212047486	-0	-0	-0	-0	-0	-0
0	-0	-0	-0	-0	-0	-0	-0	-0	-0	-0	-0	-0
0	-0	-0	-0	-0	-0	-0	-0	-0	-0	-0	-0	-0
0	-0	-0	-0	-0	-0	-0	-0	-0	-0	-0	-0	-0
-0.0180503822789735	-0	0.938870663033432	-7.7283226136888e-23	-0	-0.0943822197470968	-0	1.58608883927323e-19	-0	-0	-0	-5.01720461835414e-12	-0
0	-0	-0	-0	-0	-0	-0	-0	-0	-0	-0	-0	-0
0	-0	-0	-0	-0	-0	-0	-0	-0	-0	-0	-0	-0
0	-0	-0	-0	-0	-0	-0	-0	-0	-0	-0	-0	-0
0	-0	-0	-0	-0	-0	-0	-0	-0	-0	-0	-0	-0
0	-0	-0	-0	-0	-0	-0	-0	-0	-0	-0	-0	-0
0	-0	-0	-0	-0	-0	-0	-0	-0	-0	-0	-0	-0
0	-0	-0	-0	-0	-0	-0	-0	-0	-0	-0	-0	-0
0	-0	-0	-0	-0	-0	-0	-0	-0	-0	-0	-0	-0
0	-0	-0	-0	-0	-0	-0	-0	-0	-0	-0	-0	-0
0	-0	-0	-0	-0	-0	-0	-0	-0	-0	-0	-0	-0
0	-0	-0	-0	-0	-0	-0	-0	-0	-0	-0	-0	-0
0	-0	-0	-0	-0	-0	-0	-0	-0	-0	-0	-0	-0
0	-0	-0	-0	-0	-0	-0	-0	-0	-0	-0	-0	-0
0	-0	-0	-0	-0	-0	-0	-0	-0	-0	-0	-0	-0
0	-0	-0	-0	-0	-0	-0	-0	-0	-0	-0	-0	-0
0	-0	-0	-0	-0	-0	-0	-0	-0	-0	-0	-0	-0
0	-0	-0	-0	-0	-0	-0	-0	-0	-0	-0	-0	-0
0	-0	-0	-0	-0	-0	-0	-0	-0	-0	-0	-0	-0
0	-0	-0	-0	-0	-0	-0	-0	-0	-0	-0	-0	-0
0	-0	-0	-0	-0	-0	-0	-0	-0	-0	-0	-0	-0
0	-0	-0	-0	-0	-0	-0	-0	-0	-0	-0	-0	-0
0	-0	-0	-0	-0	-0	-0	-0	-0	-0	-0	-0	-0
0	-0	-0	-0	-0	-0	-0	-0	-0	-0	-0	-0	-0
0	-0	-0	-0	-0	-0	-0	-0	-0	-0	-0	-0	-0
0	-0	-0	-0	-0	-0	-0	-0	-0	-0	-0	-0	-0
0	-0	-0	-0	-0	-0	-0	-0	-0	-0	-0	-0	-0
0	-0	-0	-0	-0	-0	-0	-0	-0	-0	-0	-0	-0
0	-0	-0	-0	-0	-0	-0	-0	-0	-0	-0	-0	-0
0	-0	-0	-0	-0	-0	-0	-0	-0	-0	-0	-0	-0
0	-0	-0	-0	-0	-0	-0	-0	-0	-0	-0	-0	-0
0	-0	-0	-0	-0	-0	-0	-0	-0	-0	-0	-0	-0
0	-0	-0	-0	-0	-0	-0	-0	-0	-0	-0	-0	-0
0	-0	-0	-0	-0	-0	-0	-0	-0	-0	-0	-0	-0
0	-0	-0	-0	-0	-0	-0	-0	-0	-0	-0	-0	-0
0	-0	-0	-0	-0	-0	-0	-0	-0	-0	-0	-0	-0
0	-0	-0	-0	-0	-0	-0	-0	-0	-0	-0	-0	-0
0	-0	-0	-0	-0	-0	-0	-0	-0	-0	-0	-0	-0
0	-0	-0	-0	-0	-0	-0	-0	-0	-0	-0	-0	-0
0	-0	-0	-0	-0	-0	-0	-0	-0	-0	-0	-0	-0
0	-0	-0	-0	-0	-0	-0	-0	-0	-0	-0	-0	-0
0	-0	-0	-0	-0	-0	-0	-0	-0	-0	-0	-0	-0
0	-0	-0	-0	-0	-0	-0	-0	-0	-0	-0	-0	-0
0	-0	-0	-0	-0	-0	-0	-0	-0	-0	-0	-0	-0
0	-0	-0	-0	-0	-0	-0	-0	-0	-0	-0	-0	-0
0	-0	-0	-0	-0	-0	-0	-0	-0	-0	-0	-0	-0
0	-0	-0	-0	-0	-0	-0	-0	-0	-0	-0	-0	-0
0	-0	-0	-0	-0	-0	-0	-0	-0	-0	-0	-0	-0
0	-0	-0	-0	-0	-0	-0	-0	-0	-0	-0	-0	-0
0	-0	-0	-0	-0	-0	-0	-0	-0	-0	-0	-0	-0
0	-0	-0	-0	-0	-0	-0	-0	-0	-0	-0	-0	-0
0	-0	-0	-0	-0	-0	-0	-0	-0	-0	-0	-0	-0
0	-0	-0	-0	-0	-0	-0	-0	-0	-0	-0	-0	-0
0	-0	-0	-0	-0	-0	-0	-0	-0	-0	-0	-0	-0
0	-0	-0	-0	-0	-0	-0	-0	-0	-0	-0	-0	-0
0	-0	-0	-0	-0	-0	-0	-0	-0	-0	-0	-0	-0
0	-0	-0	-0	-0	-0	-0	-0	-0	-0	-0	-0	-0
0	-0	-0	-0	-0	-0	-0	-0	-0	-0	-0	-0	-0
0	-0	-0	-0	-0	-0	-0	-0	-0	-0	-0	-0	-0
0	-0	-0	-0	-0	-0	-0	-0	-0	-0	-0	-0	-0
0	-0	-0	-0	-0	-0	-0	-0	-0	-0	-0	-0	-0
0	-0	-0	-0	-0	-0	-0	-0	-0	-0	-0	-0	-0
0	-0	-0	-0	-0	-0	-0	-0	-0	-0	-0	-0	-0
0	-0	-0	-0	-0	-0	-0	-0	-0	-0	-0	-0	-0
0	-0	-0	-0	-0	-0	-0	-0	-0	-0	-0	-0	-0
0	-0	-0	-0	-0	-0	-0	-0	-0	-0	-0	-0	-0
0	-0	-0	-0	-0	-0	-0	-0	-0	-0	-0	-0	-0
0	-0	-0	-0	-0	-0	-0	-0	-0	-0	-0	-0	-0
0	-0	-0	-0	-0	-0	-0	-0	-0	-0	-0	-0	-0
0	-0	-0	-0	-0	-0	-0	-0	-0	-0	-0	-0	-0
0	-0	-0	-0	-0	-0	-0	-0	-0	-0	-0	-0	-0
0	-0	-0	-0	-0	-0	-0	-0	-0	-0	-0	-0	-0
0	-0	-0	-0	-0	-0	-0	-0	-0	-0	-0	-0	-0
0	-0	-0	-0	-0	-0	-0	-0	-0	-0	-0	-0	-0
0	-0	-0	-0	-0	-0	-0	-0	-0	-0	-0	-0	-0
0	-0	-0	-0	-0	-0	-0	-0	-0	-0	-0	-0	-0
0	-0	-0	-0	-0	-0	-0	-0	-0	-0	-0	-0	-0
0	-0	-0	-0	-0	-0	-0	-0	-0	-0	-0	-0	-0
0	-0	-0	-0	-0	-0	-0	-0	-0	-0	-0	-0	-0
0	-0	-0	-0	-0	-0	-0	-0	-0	-0	-0	-0	-0
0	-0	-0	-0	-0	-0	-0	-0	-0	-0	-0	-0	-0
0	-0	-0	-0	-0	-0	-0	-0	-0	-0	-0	-0	-0
0	-0	-0	-0	-0	-0	-0	-0	-0	-0	-0	-0	-0
0	-0	-0	-0	-0	-0	-0	-0	-0	-0	-0	-0	-0
0	-0	-0	-0	-0	-0	-0	-0	-0	-0	-0	-0	-0
0	-0	-0	-0	-0	-0	-0	-0	-0	-0	-0	-0	-0
0	-0	-0	-0	-0	-0	-0	-0	-0	-0	-0	-0	-0
0	-0	-0	-0	-0	-0	-0	-0	-0	-0	-0	-0	-0
0	-0	-0	-0	-0	-0	-0	-0	-0	-0	-0	-0	-0
0	-0	-0	-0	-0	-0	-0	-0	-0	-0	-0	-0	-0
0	-0	-0	-0	-0	-0	-0	-0	-0	-0	-0	-0	-0
0	-0	-0	-0	-0	-0	-0	-0	-0	-0	-0	-0	-0
0	-0	-0	-0	-0	-0	-0	-0	-0	-0	-0	-0	-0
0	-0	-0	-0	-0	-0	-0	-0	-0	-0	-0	-0	-0
0	-0	-0	-0	-0	-0	-0	-0	-0	-0	-0	-0	-0
0	-0	-0	-0	-0	-0	-0	-0	-0	-0	-0	-0	-0
0	-0	-0	-0	-0	-0	-0	-0	-0	-0	-0	-0	-0
0	-0	-0	-0	-0	-0	-0	-0	-0	-0	-0	-0	-0
