GlobalSignal	CompCorrVec1	CompCorrVec2	CompCorrVec3	CompCorrVec4	CompCorrVec5	CompCorrVec6	CompCorrVec7	CompCorrVec8	CompCorrVec9	CompCorrVec10	CompCorrVec11	CompCorrVec12
0.00154795551947705	-0	-0	-0	-0	-0	-0	-0	-0	-0	-0	-0	-0
0	-0	-0	-0	-0	-0	-0	-0	-0	-0	-0	-0	-0
0	-0	-0	-0	-0	-0	-0	-0	-0	-0	-0	-0	-0
0	-0	-0	-0	-0	-0	-0	-0	-0	-0	-0	-0	-0
0	-0	-0	-0	-0	-0	-0	-0	-0	-0	-0	-0	-0
0	-0	-0	-0	-0	-0	-0	-0	-0	-0	-0	-0	-0
0	-0	-0	-0	-0	-0	-0	-0	-0	-0	-0	-0	-0
0	-0	-0	-0	-0	-0	-0	-0	-0	-0	-0	-0	-0
0	-0	-0	-0	-0	-0	-0	-0	-0	-0	-0	-0	-0
0	-0	-0	-0	-0	-0	-0	-0	-0	-0	-0	-0	-0
0	-0	-0	-0	-0	-0	-0	-0	-0	-0	-0	-0	-0
0	-0	-0	-0	-0	-0	-0	-0	-0	-0	-0	-0	-0
0	-0	-0	-0	-0	-0	-0	-0	-0	-0	-0	-0	-0
0	-0	-0	-0	-0	-0	-0	-0	-0	-0	-0	-0	-0
0	-0	-0	-0	-0	-0	-0	-0	-0	-0	-0	-0	-0
0	-0	-0	-0	-0	-0	-0	-0	-0	-0	-0	-0	-0
0	-0	-0	-0	-0	-0	-0	-0	-0	-0	-0	-0	-0
0	-0	-0	-0	-0	-0	-0	-0	-0	-0	-0	-0	-0
0	-0	-0	-0	-0	-0	-0	-0	-0	-0	-0	-0	-0
0	-0	-0	-0	-0	-0	-0	-0	-0	-0	-0	-0	-0
0	-0	-0	-0	-0	-0	-0	-0	-0	-0	-0	-0	-0
0	-0	-0	-0	-0	-0	-0	-0	-0	-0	-0	-0	-0
0	-0	-0	-0	-0	-0	-0	-0	-0	-0	-0	-0	-0
0	-0	-0	-0	-0	-0	-0	-0	-0	-0	-0	-0	-0
0	-0	-0	-0	-0	-0	-0	-0	-0	-0	-0	-0	-0
0.000320990162511026	4.02343786778547e-23	-0	-0	-0	-0	-0	-0	-0.272715088654021	-5.42073258376834e-22	-1.00065358644295e-11	-0	-0
0	5.71635247817372e-18	-1.7093554724995e-19	1.54416202670324e-22	-3.46944695195361e-18	-1.62075235979618e-18	-0	8.60333106775358e-21	-0	1.45857442022108e-17	-8.58256945084976e-07	1.27078740622534e-13	-5.41102916987362e-07
0	5.85179102161359e-18	4.96321370630655e-20	1.39732131210374e-23	1.21430643318376e-17	4.89643912036105e-19	-0	-6.91270475825304e-21	-0	1.57603720951202e-17	-5.73402324526835e-07	1.70557760380215e-13	4.59498498585526e-07
0.000107703281784705	0.00106242336496128	1.84399064510715e-19	-1.55539641573554e-22	-1.0842021724855e-18	1.24687072658374e-18	-0	-2.44085166010486e-21	-0	-0.243267839249914	0.0236773980084503	-2.72877746196727e-13	-2.41861719666529e-08
0	-5.21563121102068e-18	5.37046725973799e-20	-4.06657417988197e-23	4.33680868994202e-19	5.81235188608819e-20	-0	5.632516340634e-22	-0	-1.65338201051595e-17	-2.35409594864647e-07	-1.04254099464769e-13	-2.18104802650931e-07
0	3.9534483304034e-16	-5.8630752317311e-21	1.15163468524936e-23	1.35525271560688e-18	5.06304108598934e-20	-0	2.14040102178905e-22	-0	1.25323421046754e-15	1.51044498668115e-05	1.90541648831074e-14	4.54582066527025e-08
0	-3.89709464683967e-26	4.15314442579729e-19	5.13918267291246e-24	-0	1.41015323547622e-18	-0	5.24224743853201e-21	-0	-8.96849389827156e-23	1.18261363560425e-11	-9.23534624179923e-14	5.99737854203769e-07
0	-0	4.18537302489219e-20	-3.90338776245531e-22	1.38777878078145e-17	6.94287381803455e-19	-0	2.02116412798504e-21	-0	-0	1.35746539394519e-11	-1.1623886898656e-12	2.19436980490267e-06
0	-0	2.98423463921496e-19	-5.19756999193134e-22	-2.08166817117217e-17	1.93623033137965e-18	-0	1.58945856629361e-20	-0	-0	-4.7798734001614e-11	-1.35339011644686e-12	-3.56906747522743e-06
0	-0	3.52273155778851e-19	7.05080999321958e-22	-3.46944695195361e-18	-7.74739737816969e-19	-0	-8.7419549061901e-21	-0	-0	-4.80235208599541e-13	3.26669029734138e-12	-1.01934086988429e-06
3.61611280457476e-05	0.000356706190401477	-8.36802570373591e-20	-9.48640453279076e-23	-6.93889390390723e-18	-3.23145803523855e-18	-0	-3.65360183568417e-21	-0	-0.0816766150367917	0.00795015317004021	-1.52869967212915e-13	-1.46858791668018e-06
0	-0	-2.09924601720831e-19	-2.29589472010348e-22	1.73472347597681e-18	-8.28204866970231e-19	-0	9.74934457000605e-21	-0	-0	8.37597559052113e-20	-1.196700139931e-12	2.07203282242468e-06
0	-0	1.22232696000246e-18	-1.25224158748018e-22	1.04083408558608e-17	8.22932972206686e-18	-0	1.56822845888456e-20	-0	-0	2.42539039138094e-24	-3.26155396502631e-13	3.2366936231468e-06
0	-0	4.8111186531442e-19	2.20359622714419e-22	7.80625564189563e-18	1.63716066935047e-18	-0	6.85523347713907e-21	-0	-0	-1.08286321630005e-29	-7.70208622968287e-14	-3.5563119485789e-07
0	-0	6.71606936838273e-19	-1.71924320440318e-22	-2.60208521396521e-18	6.87629892570216e-18	-0	2.6656024486492e-20	-0	-0	-3.14299169356024e-36	-9.11614965644173e-13	-4.13703100158758e-07
0	-0	-3.07206066399398e-20	1.51600234295949e-22	-4.77048955893622e-18	-6.0600555268657e-19	-0	1.52733083994235e-20	-0	-0	-0	-5.1692807562563e-13	-1.12412557218306e-07
0	-0	5.21572498041184e-20	5.52021889844104e-23	-1.73472347597681e-18	1.96411551698029e-18	-0	6.34271753948005e-21	-0	-0	-0	-1.83397683869339e-12	-4.5842566158975e-07
0	-0	8.04099969125585e-20	1.01555807236491e-23	-0	5.51316689772321e-19	-0	-1.01137111674871e-20	-0	-0	-0	-1.55429321812202e-13	-2.23263936757051e-06
0	-0	-5.16687200958235e-19	-1.58741129427754e-22	8.67361737988404e-19	-4.42388313624524e-18	-0	-2.21119853396144e-20	-0	-0	-0	-2.21732704556327e-12	1.42116694374299e-06
0	-0	4.90967306447661e-20	2.39688507184311e-23	2.60208521396521e-18	-4.2568906216866e-19	-0	6.09432747999259e-21	-0	-0	-0	-1.05312399793019e-13	1.07635609069091e-06
0	-0	3.51274912961162e-20	-3.00993576567001e-22	-4.33680868994202e-18	-8.93098327042768e-19	-0	1.90110144701238e-20	-0	-0	-0	-1.62936848923874e-12	-2.49794384576745e-06
0	-0	2.76464896376031e-19	-1.69093811781738e-22	-2.08166817117217e-17	2.4434665287982e-18	-0	9.87585150493838e-21	-0	-0	-0	-3.83368289946586e-13	-3.48439993659319e-06
0	-0	5.38567487445073e-20	9.82373912634754e-23	1.73472347597681e-18	1.22572998274761e-18	-0	8.88717195572004e-21	-0	-0	-0	-7.70725551094412e-14	1.62917483242123e-06
0	-0	-2.91950675722319e-20	-3.78984429868534e-23	3.46944695195361e-18	-1.76168509026118e-18	-0	4.89747468181079e-21	-0	-0	-0	1.26461109253926e-13	2.70666505086064e-06
0	-0	4.63964243606866e-19	-1.07294372736077e-22	3.46944695195361e-18	-1.53216850534287e-18	-0	1.20754669253847e-20	-0	-0	-0	1.21042155214942e-13	1.1832578981809e-06
0.00305218245663343	-0	9.06482624048947e-20	5.56335002620618e-24	-0.150816540270638	9.37204289232657e-19	-0	8.50078571339758e-21	-0	-0	-0	3.06542966024312e-14	0.28337767384056
0	-0	-3.79592956301324e-20	6.90911801597628e-23	-1.08049517435555e-18	3.27500610438682e-18	-0	6.38891202239944e-21	-0	-0	-0	-9.80652444859355e-15	-0.000209987630053957
0	-0	3.44798694497708e-19	-5.15899623352252e-21	-0	-2.30617205792106e-18	-0	-6.3794443586774e-20	-0	-0	-0	-2.4233203194293e-11	-8.86451636903125e-10
0	-0	9.72626051598231e-19	-2.88122516988705e-21	-0	-7.55659709143184e-18	-0	-1.00568205283891e-19	-0	-0	-0	5.09629633525964e-11	3.54020806792222e-10
0	-0	-1.58593750270577e-18	-6.7859829502319e-22	-0	2.14710475792719e-18	-0	9.04546556751171e-20	-0	-0	-0	-4.37684823692501e-11	-5.69954405272047e-11
0	-0	1.42019444307426e-18	3.53182857105415e-21	-0	-1.09039173381442e-17	-0	5.65109114980915e-20	-0	-0	-0	3.58924368096854e-11	-2.93145370900832e-11
0	-0	9.25772481500616e-19	2.16972705846927e-21	-0	-9.07957370600381e-18	-0	7.62036003411414e-20	-0	-0	-0	-3.72577140181538e-11	1.0688244133007e-16
0	-0	2.28951549232337e-18	1.59366684765998e-21	-0	6.68452277557713e-18	-0	-3.29862257493284e-19	-0	-0	-0	-3.77339062160452e-11	-5.69373011829306e-20
0	-0	-5.63832706956906e-19	4.36503209244233e-21	-0	-3.32695386139243e-18	-0	-3.17434695970287e-20	-0	-0	-0	5.0671720603161e-11	8.83708015383838e-22
0	-0	-1.2537832915708e-18	2.24737217612415e-21	-0	-1.58173142254988e-17	-0	8.57269307334644e-21	-0	-0	-0	2.02211470710909e-11	-5.3570309136451e-28
0	-0	2.87762535509535e-18	-6.89434361047635e-21	-0	1.68496935753693e-17	-0	-1.40025134092977e-20	-0	-0	-0	-6.16405510465576e-11	-0
0	-0	-1.22506502883394e-18	-3.26022898680119e-21	-0	1.48034381581519e-17	-0	-4.63320404703202e-19	-0	-0	-0	-3.69350445178919e-11	-0
0	-0	-2.15365770093596e-18	-2.06562508590976e-21	-0	1.15480376148434e-18	-0	2.66104623443768e-19	-0	-0	-0	3.54157941533011e-11	-0
0	-0	5.69804158145072e-19	1.13013551190057e-21	-0	1.08868512916284e-17	-0	-1.3946658038435e-19	-0	-0	-0	-9.20274042303627e-11	-0
0	-0	-1.00556715136558e-18	4.14727679618774e-21	-0	1.23994959606386e-19	-0	-6.51790159776868e-19	-0	-0	-0	8.37704948823375e-11	-0
0	-0	8.94663953378035e-19	4.78756952026634e-21	-0	7.29215560824354e-18	-0	1.95933858105129e-19	-0	-0	-0	6.16737764747317e-14	-0
0	-0	2.53249606086254e-18	9.41274668418232e-21	-0	1.32857965367198e-17	-0	-5.41621321487471e-20	-0	-0	-0	3.07728013858998e-11	-0
0	-0	-2.92297769001126e-19	6.338529937629e-21	-0	1.12968439254365e-18	-0	-1.13011483238526e-19	-0	-0	-0	5.71121521270888e-11	-0
0	-0	-3.83966314104519e-19	-6.72404780186699e-21	-0	2.57307047737562e-18	-0	-3.74975240535854e-19	-0	-0	-0	-4.71836030308228e-11	-0
0	-0	-2.24624501475148e-19	2.31998312426982e-21	-0	1.06875743096974e-17	-0	-7.50223864264157e-20	-0	-0	-0	-3.4047423170605e-11	-0
0	-0	-2.40987934117543e-18	3.48726421555285e-21	-0	-1.0220871545416e-17	-0	2.24285887190691e-19	-0	-0	-0	8.49551200789359e-12	-0
0	-0	1.60157920338873e-19	-2.44082904188499e-21	-0	8.15385791819632e-18	-0	-3.86515650851888e-21	-0	-0	-0	-2.84564010604744e-11	-0
0	-0	1.12952442346446e-18	-5.58566633323503e-22	-0	1.08029353076135e-17	-0	1.75490502856188e-20	-0	-0	-0	1.13178576965122e-11	-0
0	-0	1.19310512724074e-18	7.43689008178017e-21	-0	1.10983253806169e-17	-0	-3.07708292737582e-19	-0	-0	-0	3.23917880916552e-11	-0
0	-0	-4.10823885743086e-19	-7.14154136665899e-21	-0	7.26043322652931e-18	-0	-5.60916756841343e-19	-0	-0	-0	-3.25554810233247e-11	-0
0	-0	-1.54601651882086e-18	-8.15108945488582e-22	-0	-1.34027459042415e-17	-0	-4.37826698224318e-20	-0	-0	-0	1.28034845228809e-11	-0
0	-0	-1.47651270326106e-18	-4.19296560033423e-21	-0	-1.5127153671678e-19	-0	3.63103751179646e-19	-0	-0	-0	-3.01323207689273e-11	-0
0	-0	-1.01105321871708e-18	-2.42235964977033e-21	-0	-3.62014918074045e-18	-0	-7.28877537979037e-19	-0	-0	-0	2.10904969941697e-11	-0
0	-0	-2.61130034543525e-18	7.94669183305426e-21	-0	-1.03508562980987e-17	-0	1.38309147912235e-19	-0	-0	-0	1.34733249331547e-11	-0
0.00406213459215666	-0	-5.6798391559488e-19	-5.28250292217302e-24	-0.359190408320391	-5.76606860263551e-18	-0	4.960424014999e-21	-0	-0	-0	-3.05431073608452e-14	0.172044789020936
0	-0	2.34601306856323e-18	-6.23215968073351e-21	-0	8.04637546429623e-18	-0	1.85491943642566e-19	-0	-0	-0	-6.29460171644153e-11	-0
0	-0	-3.79019502812134e-18	5.59184433843504e-21	-0	-1.69691652774092e-17	-0	-4.44807482208806e-19	-0	-0	-0	-3.0657639180921e-12	-0
0	-0	-1.83832130941338e-18	3.28742254943887e-21	-0	-4.14232624641547e-18	-0	2.73371094932317e-19	-0	-0	-0	8.52840837747133e-11	-0
0.000722155611462423	-4.74165688364816e-18	6.52721997167296e-21	-3.36824673867647e-24	8.67361737988404e-19	1.27564067942251e-19	-0	-2.32649394041941e-22	-0.613547561898284	-1.77805361831627e-17	3.07340715062171e-08	-3.04152876178721e-15	5.04173273822012e-08
0	-0	-1.4886560088342e-18	-1.86968667831127e-21	-0	-3.92017206914003e-18	-0	1.71942104823488e-19	-0	-0	-0	-1.55127494160533e-11	-0
0	-0	-2.08668961904438e-18	-3.62835020878143e-21	-0	-2.11623216037161e-18	-0	-3.5389785134739e-20	-0	-0	-0	-7.26738642238534e-12	-0
0	-0	-1.36454519485952e-19	-1.11356605025537e-21	-0	-4.87862002475128e-18	-0	-2.14699691071814e-19	-0	-0	-0	3.37152346391334e-11	-0
0	-0	-1.41324747248927e-18	-2.38383112780126e-21	-0	-2.07594154321609e-18	-0	-7.68222952501793e-19	-0	-0	-0	-2.59080485283221e-11	-0
0	-0	1.84954835200611e-18	4.42368436775117e-21	-0	-3.32767542711263e-18	-0	-2.82232577437021e-19	-0	-0	-0	3.90741846802632e-12	-0
0	-0	1.16966275280647e-18	-4.45023169553529e-22	-0	1.41408058754661e-17	-0	3.89504874790501e-20	-0	-0	-0	5.99105747225658e-11	-0
0	-0	-4.1270319101164e-18	-3.42034013411848e-21	-0	-1.06088808920791e-17	-0	5.62313658100792e-19	-0	-0	-0	-5.42458901170917e-11	-0
0.00128064534457714	-0	-0.014785771283366	3.20222294634591e-21	-0	-0.236363698649679	-0	-2.53323041543296e-19	-0	-0	-0	7.43619455999698e-12	-0
0	-0	-7.21147079078009e-19	1.69696506562037e-21	-0	-2.00515623973781e-17	-0	-7.77695942208766e-19	-0	-0	-0	-1.0509726163669e-12	-0
0	-0	-4.10999590659793e-17	4.27057840624643e-22	-0	6.63972687597431e-18	-0	-5.50630869321822e-20	-0	-0	-0	-2.01644099351096e-11	-0
0	-0	1.47232150590885e-23	-8.8957071025484e-20	-0	-6.1425522759211e-24	-0	-5.69110187603834e-19	-0	-0	-0	-5.48150438835495e-10	-0
0	-0	-0	-1.90608882911819e-19	-0	-0	-0	-8.14925104597442e-18	-0	-0	-0	1.92041111850903e-10	-0
0	-0	-0	-1.65234290441143e-19	-0	-0	-0	-5.5578596229683e-19	-0	-0	-0	2.84176900702472e-09	-0
0	-0	-0	4.87133280177378e-19	-0	-0	-0	-3.25165360539085e-18	-0	-0	-0	-7.96276424964185e-10	-0
0	-0	-0	-1.06077310881555e-18	-0	-0	-0	-2.7890942068512e-18	-0	-0	-0	-2.98861450759145e-09	-0
0	-0	-0	-1.25061105939647e-18	-0	-0	-0	6.29299157695642e-18	-0	-0	-0	1.47973861000197e-09	-0
0	-0	-0	4.87920756120529e-19	-0	-0	-0	-5.15996589599559e-18	-0	-0	-0	2.37482546227284e-09	-0
0	-0	-0	8.27852283210421e-19	-0	-0	-0	9.62626474774911e-19	-0	-0	-0	7.88471038997824e-10	-0
0	-0	-0	-2.9708191699842e-19	-0	-0	-0	1.08644548630675e-17	-0	-0	-0	1.40658208397797e-09	-0
0	-0	-0	1.81976426039216e-19	-0	-0	-0	-1.80558307597055e-18	-0	-0	-0	9.07191709582011e-10	-0
0	-0	-0	-5.63991593973356e-19	-0	-0	-0	-1.4865692922109e-18	-0	-0	-0	-1.97929087152965e-09	-0
0.00207910005022188	-0	-0.0240043802509509	9.61390666939756e-22	-0	-0.383731358423473	-0	-8.73404576706439e-19	-0	-0	-0	7.43582271368195e-12	-0
0	-0	-0	1.45332324903117e-18	-0	-0	-0	-1.07490995635633e-17	-0	-0	-0	2.17735284090204e-09	-0
0	-0	-0	-5.17280704782486e-19	-0	-0	-0	6.19387548723787e-18	-0	-0	-0	-1.07755647641394e-09	-0
0	-0	-0	-8.56899557600833e-19	-0	-0	-0	-6.99760387506379e-18	-0	-0	-0	-2.9848212098833e-09	-0
0	-0	-0	-9.04207671193966e-19	-0	-0	-0	1.14058809699304e-17	-0	-0	-0	-2.24946056040145e-09	-0
0	-0	-0	-8.21542549497866e-19	-0	-0	-0	5.48419422633677e-18	-0	-0	-0	-7.50346003985968e-11	-0
0	-0	-0	1.3699682587042e-19	-0	-0	-0	9.23157055538575e-18	-0	-0	-0	-5.339633290651e-10	-0
0	-0	-0	-2.8499019080412e-19	-0	-0	-0	-1.93097042194379e-18	-0	-0	-0	-8.13339484074232e-11	-0
0	-0	-0	-7.06852303206164e-19	-0	-0	-0	3.67351863877443e-18	-0	-0	-0	-1.82565896619475e-09	-0
0	-0	-0	-6.65655399978573e-19	-0	-0	-0	1.02254082090335e-17	-0	-0	-0	2.34056359701733e-09	-0
0.00205397306354827	-0	-0	-1.09429377595865e-19	-0	-0	-0	-1.12999489119644e-18	-0	-0	-0	-8.77399407629324e-10	-0
0	-0	-0	4.22325333545074e-19	-0	-0	-0	4.7842538443291e-18	-0	-0	-0	3.30505931628839e-10	-0
0	-0	-0	4.90680230644006e-19	-0	-0	-0	-3.37015880866765e-18	-0	-0	-0	-1.16571462435893e-09	-0
0	-0	-0	1.64625485510304e-18	-0	-0	-0	-9.28053633892644e-18	-0	-0	-0	-2.07237311127255e-10	-0
0	-0	-0	-4.11697717034993e-19	-0	-0	-0	3.43678324392512e-18	-0	-0	-0	2.27001058493624e-09	-0
0	-0	-0	-1.37480726528763e-19	-0	-0	-0	-2.47587730482432e-18	-0	-0	-0	2.97132927025561e-09	-0
0	-0	-0	-4.92387531428315e-19	-0	-0	-0	-3.84126794601865e-18	-0	-0	-0	-1.44533239226579e-09	-0
0	-0	-0	5.6952046918766e-19	-0	-0	-0	-1.05145376116229e-17	-0	-0	-0	-1.80408825696566e-09	-0
0	-0	-0	-4.23192218827029e-19	-0	-0	-0	-5.49528506398988e-18	-0	-0	-0	-3.45937981034444e-09	-0
0.00172177650730152	-0	1.68690255455545e-19	-4.83638630305243e-23	-0.195872663711524	-1.29343100536442e-18	-0	7.16738187507204e-21	-0	-0	-0	-3.96447230794282e-14	0.279531205392496
0.00117967240474422	-0	-0	4.46819805843994e-19	-0	-0	-0	9.96642788541051e-18	-0	-0	-0	2.10152354542126e-09	-0
0	-0	-0	-1.48409436781814e-19	-0	-0	-0	-1.24206793803002e-18	-0	-0	-0	2.05314299002933e-09	-0
0	-0	-0	4.68789722913402e-19	-0	-0	-0	-6.52744764977845e-20	-0	-0	-0	-7.51434770130679e-10	-0
0	-0	-0	2.35698498102085e-19	-0	-0	-0	-1.2264719438887e-17	-0	-0	-0	1.51475473352492e-09	-0
0	-0	-0	4.12740378197116e-19	-0	-0	-0	-7.74201348680231e-19	-0	-0	-0	2.42886738080169e-09	-0
0	-0	-0	2.12570528175102e-19	-0	-0	-0	-8.57114624560097e-18	-0	-0	-0	-9.21332587004322e-10	-0
0	-0	-0	9.57610451540389e-20	-0	-0	-0	7.25781504343827e-18	-0	-0	-0	1.93459923398412e-09	-0
0	-0	-0	3.72959194587909e-20	-0	-0	-0	5.08150946925616e-18	-0	-0	-0	1.82670220524048e-09	-0
0.00198991064304812	-0	-0	4.25002090007295e-19	-0	-0	-0	-1.30290872644452e-18	-0	-0	-0	3.64948205494097e-10	-0
0	-0	-0	5.31288181275459e-19	-0	-0	-0	8.57777030794629e-18	-0	-0	-0	5.60408959893402e-10	-0
0	-0	-0	5.81619640007473e-20	-0	-0	-0	-2.40411442360167e-18	-0	-0	-0	-5.65674931187225e-10	-0
0.00158174109580359	-0	-0	-1.80077219352794e-19	-0	-0	-0	-8.25931238955828e-18	-0	-0	-0	-1.90918610272444e-10	-0
0	-0	-0	-1.48892510259545e-21	-0	-0	-0	1.10187075036964e-19	-0	-0	-0	-1.10273939065266e-10	-0
0	-0	-0	8.08128988684706e-19	-0	-0	-0	3.88046968960876e-18	-0	-0	-0	3.30486702763806e-09	-0
0	-0	-0	-2.82023507537198e-19	-0	-0	-0	-1.90317715336201e-20	-0	-0	-0	-1.36865772884222e-10	-0
0	-0	-0	-6.26134364672014e-19	-0	-0	-0	-8.05634211957246e-19	-0	-0	-0	-2.77014259133962e-09	-0
0	-0	-0	-4.84066094466032e-19	-0	-0	-0	-9.2377942623146e-18	-0	-0	-0	-1.66780049084877e-09	-0
0	-0	-0	6.5812143895944e-19	-0	-0	-0	-4.05593785858841e-18	-0	-0	-0	3.41438298901888e-09	-0
0	-0	-0	4.26821887354912e-19	-0	-0	-0	-4.65664303686932e-18	-0	-0	-0	2.68686388699779e-10	-0
0	-0	-0	5.1351703299537e-19	-0	-0	-0	-1.74430156572568e-17	-0	-0	-0	1.87044187839378e-09	-0
0	-0	-0	-5.15995266110579e-20	-0	-0	-0	-2.69934841911165e-18	-0	-0	-0	5.77127364942177e-11	-0
0	-0	-0	1.76024034351284e-20	-0	-0	-0	-8.15163332613857e-18	-0	-0	-0	-1.45238655184597e-10	-0
0	-0	-0	-7.17033242185467e-19	-0	-0	-0	6.85387297182658e-18	-0	-0	-0	2.93580964963019e-10	-0
0	-0	-0	1.08779213634398e-18	-0	-0	-0	-2.95008340638872e-18	-0	-0	-0	2.49828091211668e-10	-0
0	-0	-0	1.46131381374843e-19	-0	-0	-0	2.63639004832901e-20	-0	-0	-0	2.50563895535586e-09	-0
0.00155579796873653	-0	-0.0179625631922959	2.62615627318808e-21	-0	-0.287147541510593	-0	1.7327730357912e-19	-0	-0	-0	-7.88519110813659e-12	-0
0	-0	-0	2.39498565836153e-19	-0	-0	-0	3.23029249325228e-18	-0	-0	-0	-6.98482806376763e-10	-0
0	-0	-0	2.41536738865484e-19	-0	-0	-0	9.61647092929648e-19	-0	-0	-0	1.43092189346102e-09	-0
0	-0	-0	1.60017758626138e-18	-0	-0	-0	-3.03746014885392e-18	-0	-0	-0	3.71873909430935e-09	-0
0	-0	-0	8.10637000301967e-21	-0	-0	-0	-6.58409297812608e-19	-0	-0	-0	3.33413348054708e-10	-0
0	-0	-0	-3.82671949340507e-19	-0	-0	-0	1.25722982778588e-17	-0	-0	-0	-2.93304238836488e-10	-0
0	-0	-0	-9.77141012983379e-19	-0	-0	-0	1.47004222357209e-17	-0	-0	-0	-4.78607069795044e-09	-0
0	-0	-0	-1.42916957514462e-19	-0	-0	-0	1.00693953280611e-17	-0	-0	-0	-6.15389921518616e-09	-0
0.000483403294924362	-8.51253657527946e-19	4.39379113239141e-20	-2.2273897866586e-23	4.33680868994202e-18	4.4684690616974e-19	-0	-7.76375243953506e-22	-0.410702220278838	-1.23075263013285e-17	-6.57024819445749e-08	-2.80811673224254e-14	8.86288596972855e-08
0	-0	-0	-5.15692518006384e-19	-0	-0	-0	1.25718218218259e-18	-0	-0	-0	-6.19741439229539e-10	-0
0	-0	-0	4.57180243016221e-19	-0	-0	-0	1.16155480941554e-17	-0	-0	-0	-7.07665381972175e-10	-0
0	-0	-0	2.65879009931695e-19	-0	-0	-0	6.73890148412661e-18	-0	-0	-0	2.03617896388436e-09	-0
0	-0	-0	2.38059271570311e-19	-0	-0	-0	-2.08129494727978e-17	-0	-0	-0	-3.3176408692445e-09	-0
0	-0	-0	1.01115881567462e-18	-0	-0	-0	-2.66775673715702e-18	-0	-0	-0	6.05006790771241e-09	-0
0	-0	-0	-2.10811942192814e-19	-0	-0	-0	3.91472158441336e-18	-0	-0	-0	-4.52895161298336e-09	-0
0	-0	-0	-4.61632956253594e-20	-0	-0	-0	3.28410555518253e-18	-0	-0	-0	-9.48684078719299e-10	-0
0	-0	-0	-5.23691354529772e-19	-0	-0	-0	4.96446010385745e-18	-0	-0	-0	-3.19686594064692e-10	-0
0	-0	-0	6.46183568359075e-19	-0	-0	-0	1.73390291280915e-18	-0	-0	-0	-3.78541534718339e-09	-0
0	-0	-0	5.35741721693445e-19	-0	-0	-0	-1.20521406389058e-17	-0	-0	-0	2.69526288233752e-09	-0
0	-0	-0	1.24073121416014e-18	-0	-0	-0	-5.81313417744706e-18	-0	-0	-0	-3.25536217399518e-09	-0
0	-0	-0	8.60889876875789e-19	-0	-0	-0	7.9976850879751e-18	-0	-0	-0	-1.86262684695356e-09	-0
0.000683043824796563	0.0513168530758893	1.57444842335148e-19	-1.70579748048136e-22	4.98732999343332e-18	9.83724511437235e-19	-0	-2.15792357886905e-21	-0	0.00603848343186053	-0.0130578714299205	-2.9520683348258e-13	-8.79713927037524e-08
0	-0	-0	-2.64300749322943e-20	-0	-0	-0	1.61908230285291e-17	-0	-0	-0	6.14127708755402e-10	-0
0.00277036088836618	-0	-0	5.40129087662426e-19	-0	-0	-0	1.30821591725467e-17	-0	-0	-0	5.21203669902192e-09	-0
0	-0	-0	8.61194279341208e-20	-0	-0	-0	-2.33399928615922e-18	-0	-0	-0	1.30222726683884e-09	-0
0.00143696710492638	-0	-0	-1.10524564726885e-19	-0	-0	-0	7.50874855406236e-18	-0	-0	-0	-1.32548773265952e-10	-0
0	-0	-0	7.44813275877447e-19	-0	-0	-0	9.50069211331866e-18	-0	-0	-0	7.15574656317673e-10	-0
0	-0	-0	5.45820090276791e-19	-0	-0	-0	9.19200154360367e-18	-0	-0	-0	-2.23895109464921e-09	-0
0	-0	-0	-7.87343594252474e-19	-0	-0	-0	6.13069212332862e-18	-0	-0	-0	-5.97848189851885e-09	-0
0.000738796783019812	0.055505554095974	-1.0701448672789e-20	5.7092223982673e-23	2.38524477946811e-18	6.27438491384794e-19	-0	1.58456462974763e-21	-0	0.00653137027538181	0.201496484765052	9.99842921511951e-14	4.18143398912493e-07
0	-0	-0	1.31801635315219e-18	-0	-0	-0	-4.19487773171772e-18	-0	-0	-0	1.56416541469932e-09	-0
0	-0	-0	6.82205629674534e-19	-0	-0	-0	-3.17473242586832e-18	-0	-0	-0	-1.91480760217805e-09	-0
0	-0	-0	4.56868395925288e-19	-0	-0	-0	-2.88922938308442e-18	-0	-0	-0	2.28949952478829e-09	-0
0	-0	-0	5.31394060393866e-19	-0	-0	-0	1.0835377810175e-17	-0	-0	-0	-2.86544338311734e-09	-0
0.0031770487025962	0.238690601638384	5.52325502034755e-20	-3.70136565955575e-23	-5.42101086242752e-20	2.75311458762086e-19	-0	-1.33840650388564e-21	-0	0.0280868595192594	-0.276355981735116	-7.07189239213721e-14	-9.28773755198959e-08
0	-0	-0	-3.5550237494059e-19	-0	-0	-0	2.72327445289362e-17	-0	-0	-0	3.49868076020485e-09	-0
0	-0	-0	-7.30400480884323e-19	-0	-0	-0	4.09669801045258e-18	-0	-0	-0	-5.42845582155689e-09	-0
0	-0	-0	1.02696292845806e-18	-0	-0	-0	5.82827489137923e-18	-0	-0	-0	-3.1709072617591e-09	-0
0	-0	-0	8.06699620586215e-19	-0	-0	-0	-8.02278505648241e-18	-0	-0	-0	-1.78517292740419e-09	-0
0	-0	-0	-7.10567998517752e-19	-0	-0	-0	2.1932859377966e-19	-0	-0	-0	5.98245467011521e-09	-0
0	-0	-0	1.54145603457624e-18	-0	-0	-0	1.89278842661283e-17	-0	-0	-0	3.02722763505394e-09	-0
0.00341081798987397	-0	-2.03831231723536e-19	-2.06349453037694e-22	-0.262038486857842	-5.26240367926422e-19	-0	4.87688402378932e-22	-0	-0	-0	-1.35450544399162e-14	0.244167451987941
0	-0	-0	9.75944082637014e-19	-0	-0	-0	-3.97700497581615e-18	-0	-0	-0	2.65422677075089e-09	-0
0	-0	-0	3.34890357564749e-18	-0	-0	-0	1.22713633535671e-17	-0	-0	-0	5.74828522947059e-09	-0
0	-0	-0	1.39191997780013e-18	-0	-0	-0	2.72846782365147e-17	-0	-0	-0	-1.47889444340689e-09	-0
0	-0	-0	3.02372895068554e-18	-0	-0	-0	7.31222367540956e-18	-0	-0	-0	8.67213598450045e-09	-0
0	-0	-0	1.27679768473473e-18	-0	-0	-0	-2.77476082119688e-19	-0	-0	-0	-5.00128555186207e-09	-0
0	-0	-0	-3.9995836978164e-19	-0	-0	-0	-3.39160462410094e-17	-0	-0	-0	1.05200061912857e-09	-0
0	-0	-0	-1.01128454712773e-18	-0	-0	-0	3.36597658349058e-17	-0	-0	-0	1.18007092955204e-09	-0
0	-0	-0	1.05276930920849e-18	-0	-0	-0	-1.4073664176867e-17	-0	-0	-0	-2.65213304822851e-10	-0
0.00271660859799345	-0	-0	1.96626787304265e-18	-0	-0	-0	-2.10130874763663e-17	-0	-0	-0	-2.92199067168012e-09	-0
0	-0	-0	-2.09120192404021e-18	-0	-0	-0	1.1390952014235e-17	-0	-0	-0	1.80425323252029e-09	-0
0	-0	-0	-2.38254486194874e-19	-0	-0	-0	8.3064285972493e-18	-0	-0	-0	6.10527199679394e-09	-0
0	-0	-0	1.06395279109021e-18	-0	-0	-0	-8.4514829894666e-18	-0	-0	-0	2.32866425361387e-09	-0
0	-0	-0	-5.67558396774684e-19	-0	-0	-0	1.25135088973634e-17	-0	-0	-0	-1.63997627243271e-09	-0
0	-0	-0	-2.86306855544151e-18	-0	-0	-0	-1.39665145090393e-18	-0	-0	-0	2.48561482037458e-09	-0
0	-0	-0	-1.95466087468731e-19	-0	-0	-0	1.48031051282408e-17	-0	-0	-0	-1.6821835818686e-09	-0
0	-0	-0	-4.92245256362956e-19	-0	-0	-0	-1.62868553889241e-18	-0	-0	-0	3.43302069184143e-09	-0
0.0023296352962889	-0	-0	3.78150580112292e-19	-0	-0	-0	1.12132603837688e-17	-0	-0	-0	2.96107941255715e-09	-0
0	-0	-0	-7.081989532434e-19	-0	-0	-0	6.49176638687536e-18	-0	-0	-0	-2.56064419217468e-09	-0
0	-0	-0	2.84752624532195e-18	-0	-0	-0	2.1597857847327e-17	-0	-0	-0	-6.6219621664818e-10	-0
0	-0	-0	-3.13900484085093e-18	-0	-0	-0	2.19532411082593e-18	-0	-0	-0	-4.7429178527602e-09	-0
0	-0	-0	8.82839941610496e-19	-0	-0	-0	2.60981438960891e-17	-0	-0	-0	-4.68925770970372e-09	-0
0	-0	-0	3.33778957693722e-19	-0	-0	-0	6.87012541650202e-18	-0	-0	-0	2.92913938399823e-09	-0
0	-0	-0	-1.96061657509769e-19	-0	-0	-0	-1.08832351716949e-17	-0	-0	-0	-9.31983653650893e-09	-0
0	-0	-0	-1.57873044733911e-18	-0	-0	-0	-1.09702942768049e-17	-0	-0	-0	-1.23755209219419e-08	-0
0	-0	-0	-4.98055372985529e-19	-0	-0	-0	8.24120706031072e-18	-0	-0	-0	-1.19575252667598e-08	-0
0	-0	-0	-2.39855907860776e-18	-0	-0	-0	-2.5363607512142e-18	-0	-0	-0	4.89042616521747e-09	-0
0	-0	-0	-6.89973269216713e-19	-0	-0	-0	-2.20438273115013e-17	-0	-0	-0	-1.74202327087795e-09	-0
0.0025360000558539	3.17682270426565e-18	-2.69787421541187e-20	1.72523501318601e-23	-1.95156391047391e-18	-2.82316434802193e-19	-0	6.0757708461727e-22	-0.329576447810522	3.23671615597209e-17	4.27841166577679e-08	2.08749604678526e-14	-6.88498828713385e-08
0	-0	-0	-1.60979604242415e-18	-0	-0	-0	2.60221822460771e-17	-0	-0	-0	-1.71728371327925e-09	-0
0	-0	-0	-1.38792965852518e-18	-0	-0	-0	4.34845870168921e-18	-0	-0	-0	1.51708320858215e-09	-0
0	-0	-0	-5.20185763093772e-19	-0	-0	-0	-2.27886856687221e-17	-0	-0	-0	1.2888749016702e-08	-0
0.00151797030291857	-0	-0	-5.1839326270637e-19	-0	-0	-0	0.583775076220983	-0	-0	-0	7.69917748390279e-12	-0
0.00026887166682245	-0	-0	7.4795863015668e-19	-0	-0	-0	2.03710598023301e-17	-0	-0	-0	-6.33396274276555e-10	-0
0	-0	-0	4.65910472637228e-18	-0	-0	-0	3.3951592940391e-24	-0	-0	-0	-1.57345519596856e-07	-0
0	-0	-0	-5.50571415715295e-18	-0	-0	-0	-0	-0	-0	-0	-2.6540029644307e-08	-0
0	-0	-0	1.75039358550101e-18	-0	-0	-0	-0	-0	-0	-0	-2.84709219670043e-07	-0
0	-0	-0	2.6486720260642e-17	-0	-0	-0	-0	-0	-0	-0	-1.17072546295544e-06	-0
0	-0	-0	1.1321442373001e-17	-0	-0	-0	-0	-0	-0	-0	-5.72829368103048e-07	-0
0	-0	-0	-4.44692297308508e-18	-0	-0	-0	-0	-0	-0	-0	4.12524029606105e-07	-0
0	-0	-0	-3.27600580262441e-18	-0	-0	-0	-0	-0	-0	-0	9.0786806471579e-07	-0
0	-0	-0	-7.35293419643697e-18	-0	-0	-0	-0	-0	-0	-0	1.30383504213942e-06	-0
0	-0	-0	-2.73549290315776e-18	-0	-0	-0	-0	-0	-0	-0	9.84404379818046e-08	-0
0	-0	-0	-9.34658505647758e-18	-0	-0	-0	-0	-0	-0	-0	8.56425432453297e-07	-0
0	-0	-0	5.44726888379241e-18	-0	-0	-0	-0	-0	-0	-0	1.15706353842016e-07	-0
0	-0	-0	-4.32706781104859e-18	-0	-0	-0	-0	-0	-0	-0	-5.94483650934324e-07	-0
0	-0	-0	-1.70855015790665e-17	-0	-0	-0	-0	-0	-0	-0	1.91656815761916e-06	-0
0	-0	-0	-1.58496805090225e-17	-0	-0	-0	-0	-0	-0	-0	8.01572817043638e-07	-0
0.00379193611986973	-0	-0	-6.84159099409139e-18	-0	-0	-0	-0	-0	-0	-0	7.79385995832053e-07	-0
0	-0	-0	-1.11427184211303e-17	-0	-0	-0	-0	-0	-0	-0	1.61813394915195e-07	-0
0	-0	-0	1.26442960783754e-17	-0	-0	-0	-0	-0	-0	-0	-7.44010411405577e-07	-0
0	-0	-0	2.29203409757869e-17	-0	-0	-0	-0	-0	-0	-0	-1.55496726850469e-06	-0
0	-0	-0	2.67133015740325e-18	-0	-0	-0	-0	-0	-0	-0	5.66838936636355e-07	-0
0	-0	-0	-2.97308564486259e-19	-0	-0	-0	-0	-0	-0	-0	-8.32094319927354e-07	-0
0.00374193015041902	-0	-0	2.24784544751162e-17	-0	-0	-0	-0	-0	-0	-0	-2.32917494388628e-07	-0
0	-0	-0	-1.89882552159549e-17	-0	-0	-0	-0	-0	-0	-0	1.35299911819312e-06	-0
0	-0	-0	4.34782011825632e-18	-0	-0	-0	-0	-0	-0	-0	3.7023738645553e-07	-0
0	-0	-0	2.89397276758904e-17	-0	-0	-0	-0	-0	-0	-0	9.05140626500177e-07	-0
0	-0	-0	-4.66651626466075e-18	-0	-0	-0	-0	-0	-0	-0	5.06054909761914e-07	-0
0.00237332746411827	-0	-1.77541033424043e-19	1.79376619992182e-23	-0.269994375161282	6.74250010353203e-19	-0	-3.8093767471341e-21	-0	-0	-0	5.51658074511857e-14	-0.528441947602159
0	-0	-0	-6.13061271398981e-18	-0	-0	-0	-0	-0	-0	-0	-5.55445064262251e-07	-0
0	-0	-0	-4.68832736305255e-19	-0	-0	-0	-0	-0	-0	-0	-4.45454559115875e-07	-0
0.0010949632388829	-0	-0	1.31744328242382e-17	-0	-0	-0	-0	-0	-0	-0	7.25955318816854e-07	-0
0.00300658578986021	-0	-0.034712725127973	-1.68739028847136e-21	-0	-0.554913771098516	-0	-5.14215562788864e-19	-0	-0	-0	-4.33163316535159e-12	-0
0	-0	-0	5.14421637713258e-18	-0	-0	-0	-0	-0	-0	-0	-1.07679473614935e-06	-0
0	-0	-0	1.56180169979484e-17	-0	-0	-0	-0	-0	-0	-0	1.32073532445757e-07	-0
0	-0	-0	-1.25784392667264e-19	-0	-0	-0	-0	-0	-0	-0	-3.89543157379214e-07	-0
0	-0	-0	-1.92170599908319e-17	-0	-0	-0	-0	-0	-0	-0	1.44822084453615e-06	-0
0	-0	-0	-1.70105391632345e-18	-0	-0	-0	-0	-0	-0	-0	6.33425801470417e-07	-0
0	-0	-0	1.39512679159888e-17	-0	-0	-0	-0	-0	-0	-0	-1.14164698940214e-06	-0
0	-0	-0	1.37176985807834e-18	-0	-0	-0	-0	-0	-0	-0	-1.12454412953423e-07	-0
0	-0	-0	-1.02656687438077e-17	-0	-0	-0	-0	-0	-0	-0	-3.1864708887286e-07	-0
0	-0	-0	1.24793364118976e-17	-0	-0	-0	-0	-0	-0	-0	-8.57291441602573e-07	-0
0	-0	-0	2.38012287711518e-18	-0	-0	-0	-0	-0	-0	-0	1.02807605551954e-06	-0
0	-0	-0	-6.09101392370567e-18	-0	-0	-0	-0	-0	-0	-0	-3.63060634711927e-07	-0
0	-0	-0	5.3753769623942e-18	-0	-0	-0	-0	-0	-0	-0	-1.44888785105726e-06	-0
0	-0	-0	1.25547223442032e-17	-0	-0	-0	-0	-0	-0	-0	1.63864135117196e-09	-0
0	-0	-0	-6.25914996373565e-18	-0	-0	-0	-0	-0	-0	-0	1.13284969578857e-06	-0
0	-0	-0	1.16058336850416e-17	-0	-0	-0	-0	-0	-0	-0	1.97248530742783e-07	-0
0	-0	-0	-9.24227427251219e-18	-0	-0	-0	-0	-0	-0	-0	3.78804915008317e-07	-0
0	-0	-0	7.96409493766055e-18	-0	-0	-0	-0	-0	-0	-0	-6.99509373102244e-07	-0
0	-0	-0	6.96610483733777e-18	-0	-0	-0	-0	-0	-0	-0	4.82903498051814e-08	-0
0	-0	-0	1.4771725204523e-18	-0	-0	-0	-0	-0	-0	-0	-1.99491076870556e-07	-0
0	-0	-0	4.79759461324836e-18	-0	-0	-0	-0	-0	-0	-0	9.76755749162236e-07	-0
0	-0	-0	-2.1586422902539e-17	-0	-0	-0	-0	-0	-0	-0	-1.79983424414527e-06	-0
0.000557046381848373	-0	-0	-9.60815941850155e-18	-0	-0	-0	-0	-0	-0	-0	-1.11409669091549e-06	-0
0	-0	-0	-2.98070894138788e-18	-0	-0	-0	-0	-0	-0	-0	-1.55920715184727e-07	-0
0	-0	-0	4.44685944561403e-17	-0	-0	-0	-0	-0	-0	-0	-3.88829749181833e-06	-0
0	-0	-0	-1.80013559532852e-17	-0	-0	-0	-0	-0	-0	-0	-3.62820946534274e-07	-0
0	-0	-0	-2.37211576878567e-18	-0	-0	-0	-0	-0	-0	-0	1.52761873971635e-06	-0
0	-0	-0	2.8976573609096e-17	-0	-0	-0	-0	-0	-0	-0	1.66906239802058e-06	-0
0.00540826971543058	-0	-0	8.15565673263803e-18	-0	-0	-0	-0	-0	-0	-0	7.31594341872518e-07	-0
0	-0	-0	3.09542631920368e-17	-0	-0	-0	-0	-0	-0	-0	7.271184711396e-07	-0
0	-0	-0	-5.68296241881081e-18	-0	-0	-0	-0	-0	-0	-0	-2.047846822963e-06	-0
0	-0	-0	2.08588755743826e-17	-0	-0	-0	-0	-0	-0	-0	2.19676061205168e-06	-0
0	-0	-0	-3.39803988247145e-17	-0	-0	-0	-0	-0	-0	-0	-7.14706921881035e-07	-0
0	-0	-0	-8.11738556723704e-18	-0	-0	-0	-0	-0	-0	-0	-3.02147493219131e-08	-0
0	-0	-0	1.53247626524394e-17	-0	-0	-0	-0	-0	-0	-0	-1.49657286323996e-06	-0
0	-0	-0	9.58958693900305e-18	-0	-0	-0	-0	-0	-0	-0	1.3263248413862e-06	-0
0	-0	-0	-1.98541265247291e-18	-0	-0	-0	-0	-0	-0	-0	1.25503732896954e-06	-0
0.00564038398107972	-0	-0	0.306472137894627	-0	-0	-0	-0	-0	-0	-0	-0.121070905811186	-0
0	-0	-0	1.38493608978641e-17	-0	-0	-0	-0	-0	-0	-0	-4.8624130934926e-05	-0
0	-0	-0	-0	-0	-0	-0	-0	-0	-0	-0	3.8166527562167e-10	-0
0	-0	-0	-0	-0	-0	-0	-0	-0	-0	-0	9.00654105916784e-11	-0
0	-0	-0	-0	-0	-0	-0	-0	-0	-0	-0	-2.70645723661603e-10	-0
0	-0	-0	-0	-0	-0	-0	-0	-0	-0	-0	4.25038879615956e-11	-0
0	-0	-0	-0	-0	-0	-0	-0	-0	-0	-0	1.11905254337226e-14	-0
0	-0	-0	-0	-0	-0	-0	-0	-0	-0	-0	3.08131520059704e-19	-0
0	-0	-0	-0	-0	-0	-0	-0	-0	-0	-0	-0	-0
0.00144454674324075	0.0467399798782597	6.94397912927479e-20	-1.18206048238388e-22	-1.0842021724855e-17	-5.4456598479315e-19	-0	-2.3902599529038e-21	-0	0.00549992014717276	0.203727179648186	-2.06711621896508e-13	-5.95893735681105e-07
0	-0	-0	-0	-0	-0	-0	-0	-0	-0	-0	-0	-0
0	-0	-0	-0	-0	-0	-0	-0	-0	-0	-0	-0	-0
0	-0	-0	-0	-0	-0	-0	-0	-0	-0	-0	-0	-0
0	-0	-0	-0	-0	-0	-0	-0	-0	-0	-0	-0	-0
0	-0	-0	-0	-0	-0	-0	-0	-0	-0	-0	-0	-0
0	-0	-0	-0	-0	-0	-0	-0	-0	-0	-0	-0	-0
0	-0	-0	-0	-0	-0	-0	-0	-0	-0	-0	-0	-0
0	-0	-0	-0	-0	-0	-0	-0	-0	-0	-0	-0	-0
0	-0	-0	-0	-0	-0	-0	-0	-0	-0	-0	-0	-0
0	-0	-0	-0	-0	-0	-0	-0	-0	-0	-0	-0	-0
0	-0	-0	-0	-0	-0	-0	-0	-0	-0	-0	-0	-0
0	-0	-0	-0	-0	-0	-0	-0	-0	-0	-0	-0	-0
0	-0	-0	-0	-0	-0	-0	-0	-0	-0	-0	-0	-0
0.00289803579019569	-0	-0	-0	-0	-0	-0	-0	-0	-0	-0	-0	-0
0.00381625188429206	-0	-0	-0	-0	-0	-0	-0	-0	-0	-0	-0	-0
0	-0	-0	-0	-0	-0	-0	-0	-0	-0	-0	-0	-0
0	-0	-0	-0	-0	-0	-0	-0	-0	-0	-0	-0	-0
0	-0	-0	-0	-0	-0	-0	-0	-0	-0	-0	-0	-0
0.0146624164387002	-0	-0	-0	-0	-0	-0	-0	-0	-0	-0	-0	-0
0	-0	-0	-0	-0	-0	-0	-0	-0	-0	-0	-0	-0
0	-0	-0	-0	-0	-0	-0	-0	-0	-0	-0	-0	-0
0	-0	-0	-0	-0	-0	-0	-0	-0	-0	-0	-0	-0
0	-0	-0	-0	-0	-0	-0	-0	-0	-0	-0	-0	-0
0	-0	-0	-0	-0	-0	-0	-0	-0	-0	-0	-0	-0
0	-0	-0	-0	-0	-0	-0	-0	-0	-0	-0	-0	-0
0	-0	-0	-0	-0	-0	-0	-0	-0	-0	-0	-0	-0
0	-0	-0	-0	-0	-0	-0	-0	-0	-0	-0	-0	-0
0	-0	-0	-0	-0	-0	-0	-0	-0	-0	-0	-0	-0
0	-0	-0	-0	-0	-0	-0	-0	-0	-0	-0	-0	-0
0	-0	-0	-0	-0	-0	-0	-0	-0	-0	-0	-0	-0
0	-0	-0	-0	-0	-0	-0	-0	-0	-0	-0	-0	-0
0	-0	-0	-0	-0	-0	-0	-0	-0	-0	-0	-0	-0
0	-0	-0	-0	-0	-0	-0	-0	-0	-0	-0	-0	-0
0	-0	-0	-0	-0	-0	-0	-0	-0	-0	-0	-0	-0
0	-0	-0	-0	-0	-0	-0	-0	-0	-0	-0	-0	-0
0	-0	-0	-0	-0	-0	-0	-0	-0	-0	-0	-0	-0
0	-0	-0	-0	-0	-0	-0	-0	-0	-0	-0	-0	-0
0	-0	-0	-0	-0	-0	-0	-0	-0	-0	-0	-0	-0
0	-0	-0	-0	-0	-0	-0	-0	-0	-0	-0	-0	-0
0	-0	-0	-0	-0	-0	-0	-0	-0	-0	-0	-0	-0
0.0160369847302526	-0	-0	0.87137489435995	-0	-0	-0	-0	-0	-0	-0	0.434377482494863	-0
0	-0	-0	-0	-0	-0	-0	-0	-0	-0	-0	-0	-0
0	-0	-0	-0	-0	-0	-0	-0	-0	-0	-0	-0	-0
0	-0	-0	-0	-0	-0	-0	-0	-0	-0	-0	-0	-0
0	-0	-0	-0	-0	-0	-0	-0	-0	-0	-0	-0	-0
0	-0	-0	-0	-0	-0	-0	-0	-0	-0	-0	-0	-0
0.00174544549757434	-0	-0.0201521506512401	-1.74557727468563e-21	-0	-0.322150043605071	-0	3.3446494891547e-19	-0	-0	-0	3.5718940183232e-12	-0
0	-0	-0	-0	-0	-0	-0	-0	-0	-0	-0	-0	-0
0	-0	-0	-0	-0	-0	-0	-0	-0	-0	-0	-0	-0
0	-0	-0	-0	-0	-0	-0	-0	-0	-0	-0	-0	-0
0	-0	-0	-0	-0	-0	-0	-0	-0	-0	-0	-0	-0
0	-0	-0	-0	-0	-0	-0	-0	-0	-0	-0	-0	-0
0	-0	-0	-0	-0	-0	-0	-0	-0	-0	-0	-0	-0
0	-0	-0	-0	-0	-0	-0	-0	-0	-0	-0	-0	-0
0.00211881449752834	-0	-0	-0	-0	-0	-0	-0	-0	-0	-0	-0	-0
0.0030823742715936	-0	-0	-0	-0	-0	-0	-0	-0	-0	-0	-0	-0
0.00660973346496478	-0	-0	-0	-0	-0	-0	-0	-0	-0	-0	-0	-0
0	-0	-0	-0	-0	-0	-0	-0	-0	-0	-0	-0	-0
0	-0	-0	-0	-0	-0	-0	-0	-0	-0	-0	-0	-0
0	-0	-0	-0	-0	-0	-0	-0	-0	-0	-0	-0	-0
0.000128710589708416	-0	-0.00148603619983117	3.43022591179077e-21	-0	-0.0237556097538805	-0	6.94888085610819e-19	-0	-0	-0	2.36487199865919e-12	-0
0	-0	-0	-0	-0	-0	-0	-0	-0	-0	-0	-0	-0
0	-0	-0	-0	-0	-0	-0	-0	-0	-0	-0	-0	-0
0	-0	-0	-0	-0	-0	-0	-0	-0	-0	-0	-0	-0
0.00126148561467946	-0	-0	0.0685432400615048	-0	-0	-0	-0	-0	-0	-0	-0.10940083967745	-0
0	-0	-0	-0	-0	-0	-0	-0	-0	-0	-0	-0	-0
0.00353569391020692	0.265635495592755	-1.83443672244831e-20	1.41117497177687e-23	-4.33680868994202e-19	-2.78669577482035e-19	-0	7.39668296477899e-22	-0	0.0312574805913679	-0.283215102173513	2.09314068288444e-14	-8.0028660483455e-08
0	-0	-0	-0	-0	-0	-0	-0	-0	-0	-0	-0	-0
0	-0	-0	-0	-0	-0	-0	-0	-0	-0	-0	-0	-0
0	-0	-0	-0	-0	-0	-0	-0	-0	-0	-0	-0	-0
0	-0	-0	-0	-0	-0	-0	-0	-0	-0	-0	-0	-0
0	-0	-0	-0	-0	-0	-0	-0	-0	-0	-0	-0	-0
0	-0	-0	-0	-0	-0	-0	-0	-0	-0	-0	-0	-0
0	-0	-0	-0	-0	-0	-0	-0	-0	-0	-0	-0	-0
0	-0	-0	-0	-0	-0	-0	-0	-0	-0	-0	-0	-0
0	-0	-0	-0	-0	-0	-0	-0	-0	-0	-0	-0	-0
0	-0	-0	-0	-0	-0	-0	-0	-0	-0	-0	-0	-0
0	-0	-0	-0	-0	-0	-0	-0	-0	-0	-0	-0	-0
0	-0	-0	-0	-0	-0	-0	-0	-0	-0	-0	-0	-0
0	-0	-0	-0	-0	-0	-0	-0	-0	-0	-0	-0	-0
0	-0	-0	-0	-0	-0	-0	-0	-0	-0	-0	-0	-0
0	-0	-0	-0	-0	-0	-0	-0	-0	-0	-0	-0	-0
0	-0	-0	-0	-0	-0	-0	-0	-0	-0	-0	-0	-0
0	-0	-0	-0	-0	-0	-0	-0	-0	-0	-0	-0	-0
0	-0	-0	-0	-0	-0	-0	-0	-0	-0	-0	-0	-0
0	-0	-0	-0	-0	-0	-0	-0	-0	-0	-0	-0	-0
0	-0	-0	-0	-0	-0	-0	-0	-0	-0	-0	-0	-0
0	-0	-0	-0	-0	-0	-0	-0	-0	-0	-0	-0	-0
0	-0	-0	-0	-0	-0	-0	-0	-0	-0	-0	-0	-0
0	-0	-0	-0	-0	-0	-0	-0	-0	-0	-0	-0	-0
0	-0	-0	-0	-0	-0	-0	-0	-0	-0	-0	-0	-0
0	-0	-0	-0	-0	-0	-0	-0	-0	-0	-0	-0	-0
0	-0	-0	-0	-0	-0	-0	-0	-0	-0	-0	-0	-0
0	-0	-0	-0	-0	-0	-0	-0	-0	-0	-0	-0	-0
0	-0	-0	-0	-0	-0	-0	-0	-0	-0	-0	-0	-0
0	-0	-0	-0	-0	-0	-0	-0	-0	-0	-0	-0	-0
0.00529634598762758	-0	3.80532594385315e-19	2.75679749559604e-24	-0.602522680577135	-8.54808442197243e-19	-0	-1.01229987740231e-20	-0	-0	-0	4.58228623949875e-14	-0.321961630036359
0	-0	-0	-0	-0	-0	-0	-0	-0	-0	-0	-0	-0
0	-0	-0	-0	-0	-0	-0	-0	-0	-0	-0	-0	-0
0	-0	-0	-0	-0	-0	-0	-0	-0	-0	-0	-0	-0
0	-0	-0	-0	-0	-0	-0	-0	-0	-0	-0	-0	-0
0	-0	-0	-0	-0	-0	-0	-0	-0	-0	-0	-0	-0
0	-0	-0	-0	-0	-0	-0	-0	-0	-0	-0	-0	-0
0	-0	-0	-0	-0	-0	-0	-0	-0	-0	-0	-0	-0
0	-0	-0	-0	-0	-0	-0	-0	-0	-0	-0	-0	-0
0	-0	-0	-0	-0	-0	-0	-0	-0	-0	-0	-0	-0
0	-0	-0	-0	-0	-0	-0	-0	-0	-0	-0	-0	-0
0	-0	-0	-0	-0	-0	-0	-0	-0	-0	-0	-0	-0
0	-0	-0	-0	-0	-0	-0	-0	-0	-0	-0	-0	-0
0	-0	-0	-0	-0	-0	-0	-0	-0	-0	-0	-0	-0
0	-0	-0	-0	-0	-0	-0	-0	-0	-0	-0	-0	-0
0	-0	-0	-0	-0	-0	-0	-0	-0	-0	-0	-0	-0
0	-0	-0	-0	-0	-0	-0	-0	-0	-0	-0	-0	-0
0	-0	-0	-0	-0	-0	-0	-0	-0	-0	-0	-0	-0
0.00172891303517418	-0	-0	-0	-0	-0	-0	-0	-0	-0	-0	-0	-0
0	-0	-0	-0	-0	-0	-0	-0	-0	-0	-0	-0	-0
0	-0	-0	-0	-0	-0	-0	-0	-0	-0	-0	-0	-0
0	-0	-0	-0	-0	-0	-0	-0	-0	-0	-0	-0	-0
0	-0	-0	-0	-0	-0	-0	-0	-0	-0	-0	-0	-0
0.00021698923386216	-0	1.01058279458167e-19	-8.93090509164095e-23	-0.0246851197312293	-1.57940839654078e-18	-0	-1.01848713183866e-20	-0	-0	-0	-1.57357699128671e-13	-0.397366629226363
0	-0	-0	-0	-0	-0	-0	-0	-0	-0	-0	-0	-0
0	-0	-0	-0	-0	-0	-0	-0	-0	-0	-0	-0	-0
0	-0	-0	-0	-0	-0	-0	-0	-0	-0	-0	-0	-0
0	-0	-0	-0	-0	-0	-0	-0	-0	-0	-0	-0	-0
0.00260177508679634	-0	-0	-0	-0	-0	-0	-0	-0	-0	-0	-0	-0
0.000259026396254327	0.00255512822786988	7.61994270207681e-20	3.11887076714055e-23	-4.33680868994202e-18	1.18138901944315e-18	-0	-1.53498185671168e-21	-0	-0.585059161441732	0.0569463701511583	1.58126538433838e-14	-2.61473231991677e-07
0	-0	-0	-0	-0	-0	-0	-0	-0	-0	-0	-0	-0
0.000259026396254327	0.00255512822786988	-6.93352294850401e-20	5.6663689495408e-24	6.93889390390723e-18	-9.05823007606462e-19	-0	5.65599284117338e-22	-0	-0.585059161441732	0.0569463701384095	6.23689641498326e-14	4.71985005382953e-07
0	-0	-0	-0	-0	-0	-0	-0	-0	-0	-0	-0	-0
0	-0	-0	-0	-0	-0	-0	-0	-0	-0	-0	-0	-0
0.00448783168566045	-0	-0.0183607441837973	-1.64536563594454e-21	-0	-0.293512818646375	-0	1.78534475811594e-19	-0	-0	-0	-1.30442300516495e-11	-0
0	-0	-0	-0	-0	-0	-0	-0	-0	-0	-0	-0	-0
0	-0	-0	-0	-0	-0	-0	-0	-0	-0	-0	-0	-0
0	-0	-0	-0	-0	-0	-0	-0	-0	-0	-0	-0	-0
0	-0	-0	-0	-0	-0	-0	-0	-0	-0	-0	-0	-0
0	-0	-0	-0	-0	-0	-0	-0	-0	-0	-0	-0	-0
0	-0	-0	-0	-0	-0	-0	-0	-0	-0	-0	-0	-0
0	-0	-0	-0	-0	-0	-0	-0	-0	-0	-0	-0	-0
0.0018119528338136	-0	-0	-0	-0	-0	-0	-0	-0	-0	-0	-0	-0
0	-0	-0	-0	-0	-0	-0	-0	-0	-0	-0	-0	-0
0	-0	-0	-0	-0	-0	-0	-0	-0	-0	-0	-0	-0
0	-0	-0	-0	-0	-0	-0	-0	-0	-0	-0	-0	-0
0	-0	-0	-0	-0	-0	-0	-0	-0	-0	-0	-0	-0
0	-0	-0	-0	-0	-0	-0	-0	-0	-0	-0	-0	-0
0	-0	-0	-0	-0	-0	-0	-0	-0	-0	-0	-0	-0
0	-0	-0	-0	-0	-0	-0	-0	-0	-0	-0	-0	-0
0	-0	-0	-0	-0	-0	-0	-0	-0	-0	-0	-0	-0
0	-0	-0	-0	-0	-0	-0	-0	-0	-0	-0	-0	-0
0	-0	-0	-0	-0	-0	-0	-0	-0	-0	-0	-0	-0
0.000175777007849391	0.00173392673897791	-9.83013756824111e-20	6.86172167506879e-23	2.16840434497101e-18	-4.43784204703478e-19	-0	3.84546411694386e-21	-0	-0.397024976219516	0.0386443403464092	9.30103996863322e-14	2.65229224688099e-08
0	-0	-0	-0	-0	-0	-0	-0	-0	-0	-0	-0	-0
0	-0	-0	-0	-0	-0	-0	-0	-0	-0	-0	-0	-0
0	-0	-0	-0	-0	-0	-0	-0	-0	-0	-0	-0	-0
0	-0	-0	-0	-0	-0	-0	-0	-0	-0	-0	-0	-0
0	-0	-0	-0	-0	-0	-0	-0	-0	-0	-0	-0	-0
0.00321138591636826	-0	-0	-0	-0	-0	-0	-0	-0	-0	-0	-0	-0
0	-0	-0	-0	-0	-0	-0	-0	-0	-0	-0	-0	-0
0	-0	-0	-0	-0	-0	-0	-0	-0	-0	-0	-0	-0
0	-0	-0	-0	-0	-0	-0	-0	-0	-0	-0	-0	-0
0	-0	-0	-0	-0	-0	-0	-0	-0	-0	-0	-0	-0
0	-0	-0	-0	-0	-0	-0	-0	-0	-0	-0	-0	-0
0.00599526610965437	-0	-0	-0	-0	-0	-0	-0	-0	-0	-0	-0	-0
0	-0	-0	-0	-0	-0	-0	-0	-0	-0	-0	-0	-0
0	-0	-0	-0	-0	-0	-0	-0	-0	-0	-0	-0	-0
0	-0	-0	-0	-0	-0	-0	-0	-0	-0	-0	-0	-0
0	-0	-0	-0	-0	-0	-0	-0	-0	-0	-0	-0	-0
0	-0	-0	-0	-0	-0	-0	-0	-0	-0	-0	-0	-0
0.00870764950135365	-0	-0	-0	-0	-0	-0	-0	-0	-0	-0	-0	-0
0	-0	-0	-0	-0	-0	-0	-0	-0	-0	-0	-0	-0
0.00309960824322012	-0	8.8608485143881e-20	2.70967132377137e-22	-0.352617497385388	4.46245032387926e-18	-0	5.46742322746676e-21	-0	-0	-0	2.34828815210987e-15	0.195786307138355
0	-0	-0	-0	-0	-0	-0	-0	-0	-0	-0	-0	-0
0	-0	-0	-0	-0	-0	-0	-0	-0	-0	-0	-0	-0
0	-0	-0	-0	-0	-0	-0	-0	-0	-0	-0	-0	-0
0.00417324730010105	0.31353466757787	-3.30018744307444e-20	2.7079916180231e-23	3.79470760369927e-19	-2.33713132252771e-19	-0	2.73263639000868e-22	-0	0.0368938035369195	0.358152146387119	4.78220660151905e-14	-1.76330611964344e-08
0.000290211675932128	-0	-2.22158212697066e-20	1.25179431813806e-22	-0.0330150479832025	3.80160069681274e-18	-0	-4.77274902135255e-21	-0	-0	-0	-1.15740126872993e-18	-0.385024991223571
0.00034531925246752	6.07793121222614e-18	4.63018513578059e-20	-2.65321816547435e-23	2.60208521396521e-18	3.9545372791704e-19	-0	-8.41532680856963e-22	-0.293385223440875	1.78627107590156e-17	-1.34588261436226e-07	-3.6586817853021e-14	6.54160848794541e-08
0	-0	-0	-0	-0	-0	-0	-0	-0	-0	-0	-0	-0
0	-0	-0	-0	-0	-0	-0	-0	-0	-0	-0	-0	-0
0	-0	-0	-0	-0	-0	-0	-0	-0	-0	-0	-0	-0
0	-0	-0	-0	-0	-0	-0	-0	-0	-0	-0	-0	-0
0	-0	-0	-0	-0	-0	-0	-0	-0	-0	-0	-0	-0
0.00518647908759643	-0	-0	-0	-0	-0	-0	-0	-0	-0	-0	-0	-0
0	-0	-0	-0	-0	-0	-0	-0	-0	-0	-0	-0	-0
0	-0	-0	-0	-0	-0	-0	-0	-0	-0	-0	-0	-0
0	-0	-0	-0	-0	-0	-0	-0	-0	-0	-0	-0	-0
0	-0	-0	-0	-0	-0	-0	-0	-0	-0	-0	-0	-0
0	-0	-0	-0	-0	-0	-0	-0	-0	-0	-0	-0	-0
0	-0	-0	-0	-0	-0	-0	-0	-0	-0	-0	-0	-0
0	-0	-0	-0	-0	-0	-0	-0	-0	-0	-0	-0	-0
0	-0	-0	-0	-0	-0	-0	-0	-0	-0	-0	-0	-0
0	-0	-0	-0	-0	-0	-0	-0	-0	-0	-0	-0	-0
0	-0	-0	-0	-0	-0	-0	-0	-0	-0	-0	-0	-0
0	-0	-0	-0	-0	-0	-0	-0	-0	-0	-0	-0	-0
0.00116676007547686	-0	-0	-0	-0	-0	-0	-0	-0	-0	-0	-0	-0
0	-0	-0	-0	-0	-0	-0	-0	-0	-0	-0	-0	-0
0	-0	-0	-0	-0	-0	-0	-0	-0	-0	-0	-0	-0
0	-0	-0	-0	-0	-0	-0	-0	-0	-0	-0	-0	-0
0	-0	-0	-0	-0	-0	-0	-0	-0	-0	-0	-0	-0
0	-0	-0	-0	-0	-0	-0	-0	-0	-0	-0	-0	-0
0	-0	-0	-0	-0	-0	-0	-0	-0	-0	-0	-0	-0
0	-0	-0	-0	-0	-0	-0	-0	-0	-0	-0	-0	-0
0	-0	-0	-0	-0	-0	-0	-0	-0	-0	-0	-0	-0
0	-0	-0	-0	-0	-0	-0	-0	-0	-0	-0	-0	-0
0	-0	-0	-0	-0	-0	-0	-0	-0	-0	-0	-0	-0
0.00168007598060906	0.126223543970786	4.57178210994498e-22	-2.33618340293103e-24	2.71066424989137e-18	-6.61689923600186e-20	-0	-2.51434543511134e-23	-0	0.0148527965622197	-0.441831063070898	8.78458128329947e-17	1.55677229709644e-10
0	-0	-0	-0	-0	-0	-0	-0	-0	-0	-0	-0	-0
0	-0	-0	-0	-0	-0	-0	-0	-0	-0	-0	-0	-0
0	-0	-0	-0	-0	-0	-0	-0	-0	-0	-0	-0	-0
0	-0	-0	-0	-0	-0	-0	-0	-0	-0	-0	-0	-0
0	-0	-0	-0	-0	-0	-0	-0	-0	-0	-0	-0	-0
0.000637497278547044	-0	-0	-0	-0	-0	-0	-0	-0	-0	-0	-0	-0
0	-0	-0	-0	-0	-0	-0	-0	-0	-0	-0	-0	-0
0	-0	-0	-0	-0	-0	-0	-0	-0	-0	-0	-0	-0
0	-0	-0	-0	-0	-0	-0	-0	-0	-0	-0	-0	-0
0	-0	-0	-0	-0	-0	-0	-0	-0	-0	-0	-0	-0
0	-0	-0	-0	-0	-0	-0	-0	-0	-0	-0	-0	-0
0	-0	-0	-0	-0	-0	-0	-0	-0	-0	-0	-0	-0
0	-0	-0	-0	-0	-0	-0	-0	-0	-0	-0	-0	-0
0	-0	-0	-0	-0	-0	-0	-0	-0	-0	-0	-0	-0
0	-0	-0	-0	-0	-0	-0	-0	-0	-0	-0	-0	-0
0	-0	-0	-0	-0	-0	-0	-0	-0	-0	-0	-0	-0
0	-0	-0	-0	-0	-0	-0	-0	-0	-0	-0	-0	-0
0	-0	-0	-0	-0	-0	-0	-0	-0	-0	-0	-0	-0
0	-0	-0	-0	-0	-0	-0	-0	-0	-0	-0	-0	-0
0	-0	-0	-0	-0	-0	-0	-0	-0	-0	-0	-0	-0
0	-0	-0	-0	-0	-0	-0	-0	-0	-0	-0	-0	-0
0	-0	-0	-0	-0	-0	-0	-0	-0	-0	-0	-0	-0
0	-0	-0	-0	-0	-0	-0	-0	-0	-0	-0	-0	-0
0	-0	-0	-0	-0	-0	-0	-0	-0	-0	-0	-0	-0
0	-0	-0	-0	-0	-0	-0	-0	-0	-0	-0	-0	-0
0	-0	-0	-0	-0	-0	-0	-0	-0	-0	-0	-0	-0
0	-0	-0	-0	-0	-0	-0	-0	-0	-0	-0	-0	-0
0	-0	-0	-0	-0	-0	-0	-0	-0	-0	-0	-0	-0
0	-0	-0	-0	-0	-0	-0	-0	-0	-0	-0	-0	-0
0	-0	-0	-0	-0	-0	-0	-0	-0	-0	-0	-0	-0
0	-0	-0	-0	-0	-0	-0	-0	-0	-0	-0	-0	-0
0	-0	-0	-0	-0	-0	-0	-0	-0	-0	-0	-0	-0
0	-0	-0	-0	-0	-0	-0	-0	-0	-0	-0	-0	-0
0	-0	-0	-0	-0	-0	-0	-0	-0	-0	-0	-0	-0
0	-0	-0	-0	-0	-0	-0	-0	-0	-0	-0	-0	-0
0	-0	-0	-0	-0	-0	-0	-0	-0	-0	-0	-0	-0
0	-0	-0	-0	-0	-0	-0	-0	-0	-0	-0	-0	-0
0	-0	-0	-0	-0	-0	-0	-0	-0	-0	-0	-0	-0
0	-0	-0	-0	-0	-0	-0	-0	-0	-0	-0	-0	-0
0	-0	-0	-0	-0	-0	-0	-0	-0	-0	-0	-0	-0
0	-0	-0	-0	-0	-0	-0	-0	-0	-0	-0	-0	-0
0	-0	-0	-0	-0	-0	-0	-0	-0	-0	-0	-0	-0
0	-0	-0	-0	-0	-0	-0	-0	-0	-0	-0	-0	-0
0	-0	-0	-0	-0	-0	-0	-0	-0	-0	-0	-0	-0
0	-0	-0	-0	-0	-0	-0	-0	-0	-0	-0	-0	-0
0	-0	-0	-0	-0	-0	-0	-0	-0	-0	-0	-0	-0
0	-0	-0	-0	-0	-0	-0	-0	-0	-0	-0	-0	-0
0	-0	-0	-0	-0	-0	-0	-0	-0	-0	-0	-0	-0
0	-0	-0	-0	-0	-0	-0	-0	-0	-0	-0	-0	-0
0	-0	-0	-0	-0	-0	-0	-0	-0	-0	-0	-0	-0
0	-0	-0	-0	-0	-0	-0	-0	-0	-0	-0	-0	-0
0	-0	-0	-0	-0	-0	-0	-0	-0	-0	-0	-0	-0
0	-0	-0	-0	-0	-0	-0	-0	-0	-0	-0	-0	-0
0	-0	-0	-0	-0	-0	-0	-0	-0	-0	-0	-0	-0
0	-0	-0	-0	-0	-0	-0	-0	-0	-0	-0	-0	-0
0	-0	-0	-0	-0	-0	-0	-0	-0	-0	-0	-0	-0
0.000663968905528251	-0	-0	-0	-0	-0	-0	-0	-0	-0	-0	-0	-0
0.00301617879818979	-0	-0	-0	-0	-0	-0	-0	-0	-0	-0	-0	-0
0	-0	-0	-0	-0	-0	-0	-0	-0	-0	-0	-0	-0
0	-0	-0	-0	-0	-0	-0	-0	-0	-0	-0	-0	-0
0	-0	-0	-0	-0	-0	-0	-0	-0	-0	-0	-0	-0
0	-0	-0	-0	-0	-0	-0	-0	-0	-0	-0	-0	-0
0	-0	-0	-0	-0	-0	-0	-0	-0	-0	-0	-0	-0
0	-0	-0	-0	-0	-0	-0	-0	-0	-0	-0	-0	-0
0	-0	-0	-0	-0	-0	-0	-0	-0	-0	-0	-0	-0
0	-0	-0	-0	-0	-0	-0	-0	-0	-0	-0	-0	-0
0	-0	-0	-0	-0	-0	-0	-0	-0	-0	-0	-0	-0
0	-0	-0	-0	-0	-0	-0	-0	-0	-0	-0	-0	-0
0	-0	-0	-0	-0	-0	-0	-0	-0	-0	-0	-0	-0
0	-0	-0	-0	-0	-0	-0	-0	-0	-0	-0	-0	-0
0	-0	-0	-0	-0	-0	-0	-0	-0	-0	-0	-0	-0
0	-0	-0	-0	-0	-0	-0	-0	-0	-0	-0	-0	-0
0	-0	-0	-0	-0	-0	-0	-0	-0	-0	-0	-0	-0
0	-0	-0	-0	-0	-0	-0	-0	-0	-0	-0	-0	-0
0	-0	-0	-0	-0	-0	-0	-0	-0	-0	-0	-0	-0
0.00242725398220716	0.182358776202816	-2.7140202640823e-20	1.12602737674167e-22	2.98155597433514e-18	3.25975526369795e-19	-0	1.64961947686808e-21	-0	0.021458261423915	-0.0463980673800248	1.85241071734426e-13	3.10226697816824e-07
0	-0	-0	-0	-0	-0	-0	-0	-0	-0	-0	-0	-0
0	-0	-0	-0	-0	-0	-0	-0	-0	-0	-0	-0	-0
0	-0	-0	-0	-0	-0	-0	-0	-0	-0	-0	-0	-0
0	-0	-0	-0	-0	-0	-0	-0	-0	-0	-0	-0	-0
0	-0	-0	-0	-0	-0	-0	-0	-0	-0	-0	-0	-0
0.00693725862810689	-0	-0	0.376938252788641	-0	-0	-0	-0	-0	-0	-0	-0.885827010374547	-0
0.00332694878602473	-0	-0.173047560120166	-2.82413032057528e-21	-0	0.0173960200153616	-0	1.80833197809182e-19	-0	-0	-0	7.21863657391085e-12	-0
0	-0	-0	-0	-0	-0	-0	-0	-0	-0	-0	-0	-0
0	-0	-0	-0	-0	-0	-0	-0	-0	-0	-0	-0	-0
0	-0	-0	-0	-0	-0	-0	-0	-0	-0	-0	-0	-0
0	-0	-0	-0	-0	-0	-0	-0	-0	-0	-0	-0	-0
0	-0	-0	-0	-0	-0	-0	-0	-0	-0	-0	-0	-0
0	-0	-0	-0	-0	-0	-0	-0	-0	-0	-0	-0	-0
0	-0	-0	-0	-0	-0	-0	-0	-0	-0	-0	-0	-0
0	-0	-0	-0	-0	-0	-0	-0	-0	-0	-0	-0	-0
0	-0	-0	-0	-0	-0	-0	-0	-0	-0	-0	-0	-0
0	-0	-0	-0	-0	-0	-0	-0	-0	-0	-0	-0	-0
0	-0	-0	-0	-0	-0	-0	-0	-0	-0	-0	-0	-0
0	-0	-0	-0	-0	-0	-0	-0	-0	-0	-0	-0	-0
0	-0	-0	-0	-0	-0	-0	-0	-0	-0	-0	-0	-0
0	-0	-0	-0	-0	-0	-0	-0	-0	-0	-0	-0	-0
0.000917914933785923	-0	-0	-0	-0	-0	-0	-0	-0	-0	-0	-0	-0
0	-0	-0	-0	-0	-0	-0	-0	-0	-0	-0	-0	-0
0	-0	-0	-0	-0	-0	-0	-0	-0	-0	-0	-0	-0
0	-0	-0	-0	-0	-0	-0	-0	-0	-0	-0	-0	-0
0	-0	-0	-0	-0	-0	-0	-0	-0	-0	-0	-0	-0
0	-0	-0	-0	-0	-0	-0	-0	-0	-0	-0	-0	-0
0	-0	-0	-0	-0	-0	-0	-0	-0	-0	-0	-0	-0
0	-0	-0	-0	-0	-0	-0	-0	-0	-0	-0	-0	-0
0.00310475865932393	-0	-0	-0	-0	-0	-0	-0	-0	-0	-0	-0	-0
0.00339975752126179	-0	-0	-0	-0	-0	-0	-0	-0	-0	-0	-0	-0
0	-0	-0	-0	-0	-0	-0	-0	-0	-0	-0	-0	-0
0	-0	-0	-0	-0	-0	-0	-0	-0	-0	-0	-0	-0
0	-0	-0	-0	-0	-0	-0	-0	-0	-0	-0	-0	-0
0	-0	-0	-0	-0	-0	-0	-0	-0	-0	-0	-0	-0
0	-0	-0	-0	-0	-0	-0	-0	-0	-0	-0	-0	-0
0	-0	-0	-0	-0	-0	-0	-0	-0	-0	-0	-0	-0
0.0122186303057776	-0	-0	-0	-0	-0	-0	-0	-0	-0	-0	-0	-0
0	-0	-0	-0	-0	-0	-0	-0	-0	-0	-0	-0	-0
0	-0	-0	-0	-0	-0	-0	-0	-0	-0	-0	-0	-0
0.00265577985799171	-0	-0	-0	-0	-0	-0	-0	-0	-0	-0	-0	-0
0	-0	-0	-0	-0	-0	-0	-0	-0	-0	-0	-0	-0
0.00211119582980922	-0	-0	4.48061752910257e-19	-0	-0	-0	0.811915426866114	-0	-0	-0	-5.53578360296844e-12	-0
0	-0	-0	-0	-0	-0	-0	-0	-0	-0	-0	-0	-0
0	-0	-0	-0	-0	-0	-0	-0	-0	-0	-0	-0	-0
0	-0	-0	-0	-0	-0	-0	-0	-0	-0	-0	-0	-0
0.000699462242968418	-0	-0	-0	-0	-0	-0	-0	-0	-0	-0	-0	-0
0	-0	-0	-0	-0	-0	-0	-0	-0	-0	-0	-0	-0
0	-0	-0	-0	-0	-0	-0	-0	-0	-0	-0	-0	-0
0.00394230959573302	-0	-0	-0	-0	-0	-0	-0	-0	-0	-0	-0	-0
0.00111595977142023	-0	-0	-0	-0	-0	-0	-0	-0	-0	-0	-0	-0
0	-0	-0	-0	-0	-0	-0	-0	-0	-0	-0	-0	-0
0	-0	-0	-0	-0	-0	-0	-0	-0	-0	-0	-0	-0
0	-0	-0	-0	-0	-0	-0	-0	-0	-0	-0	-0	-0
0	-0	-0	-0	-0	-0	-0	-0	-0	-0	-0	-0	-0
0	-0	-0	-0	-0	-0	-0	-0	-0	-0	-0	-0	-0
0.00134068909241914	-0	-0	-0	-0	-0	-0	-0	-0	-0	-0	-0	-0
0	-0	-0	-0	-0	-0	-0	-0	-0	-0	-0	-0	-0
0.0023983571484862	-0	-0.0276903831365265	-2.80688877468238e-22	-0	-0.442655391439636	-0	9.3560620647556e-19	-0	-0	-0	2.38524001132368e-12	-0
0	-0	-0	-0	-0	-0	-0	-0	-0	-0	-0	-0	-0
0	-0	-0	-0	-0	-0	-0	-0	-0	-0	-0	-0	-0
0	-0	-0	-0	-0	-0	-0	-0	-0	-0	-0	-0	-0
0	-0	-0	-0	-0	-0	-0	-0	-0	-0	-0	-0	-0
0	-0	-0	-0	-0	-0	-0	-0	-0	-0	-0	-0	-0
0.00768816036765158	-0	-0	-0	-0	-0	-0	-0	-0	-0	-0	-0	-0
0	-0	-0	-0	-0	-0	-0	-0	-0	-0	-0	-0	-0
0	-0	-0	-0	-0	-0	-0	-0	-0	-0	-0	-0	-0
0	-0	-0	-0	-0	-0	-0	-0	-0	-0	-0	-0	-0
0	-0	-0	-0	-0	-0	-0	-0	-0	-0	-0	-0	-0
0	-0	-0	-0	-0	-0	-0	-0	-0	-0	-0	-0	-0
0	-0	-0	-0	-0	-0	-0	-0	-0	-0	-0	-0	-0
0	-0	-0	-0	-0	-0	-0	-0	-0	-0	-0	-0	-0
0	-0	-0	-0	-0	-0	-0	-0	-0	-0	-0	-0	-0
0	-0	-0	-0	-0	-0	-0	-0	-0	-0	-0	-0	-0
0	-0	-0	-0	-0	-0	-0	-0	-0	-0	-0	-0	-0
0	-0	-0	-0	-0	-0	-0	-0	-0	-0	-0	-0	-0
0	-0	-0	-0	-0	-0	-0	-0	-0	-0	-0	-0	-0
0.00631054044377014	0.474108783398973	4.16378109798073e-20	-4.58592517445529e-23	8.53809210832335e-19	1.00661888243551e-19	-0	-1.00168987240757e-21	-0	0.0557886515225794	0.317304932540362	-7.19131150425744e-14	-1.06603239935926e-07
0	-0	-0	-0	-0	-0	-0	-0	-0	-0	-0	-0	-0
0	-0	-0	-0	-0	-0	-0	-0	-0	-0	-0	-0	-0
0.00153114588434708	-0	-0	-0	-0	-0	-0	-0	-0	-0	-0	-0	-0
0.0022578491136457	-0	-0	-0	-0	-0	-0	-0	-0	-0	-0	-0	-0
0.00479843200366242	0.351153158578313	-1.29285203341259e-20	-6.31955840083828e-24	-3.71339244076285e-18	-1.45296412728881e-19	-0	1.4128506385573e-22	-0	-0.282477722485725	-0.273106815972305	-1.17418697043453e-14	-2.42840677607045e-08
0.00372149311221111	-0	1.45279955853574e-19	4.27486375111908e-23	-0.423364336649688	2.20299746136791e-18	-0	3.80463277746381e-21	-0	-0	-0	-5.14571634410666e-14	0.157972332440185
0	-0	-0	-0	-0	-0	-0	-0	-0	-0	-0	-0	-0
0.0109499907979334	-0	-0.291104400586816	3.77659648418742e-22	-0	-0.104164618686753	-0	2.79674598940883e-19	-0	-0	-0	1.22390651123989e-11	-0
0	-0	-0	-0	-0	-0	-0	-0	-0	-0	-0	-0	-0
0	-0	-0	-0	-0	-0	-0	-0	-0	-0	-0	-0	-0
0	-0	-0	-0	-0	-0	-0	-0	-0	-0	-0	-0	-0
0	-0	-0	-0	-0	-0	-0	-0	-0	-0	-0	-0	-0
0	-0	-0	-0	-0	-0	-0	-0	-0	-0	-0	-0	-0
0	-0	-0	-0	-0	-0	-0	-0	-0	-0	-0	-0	-0
0	-0	-0	-0	-0	-0	-0	-0	-0	-0	-0	-0	-0
0	-0	-0	-0	-0	-0	-0	-0	-0	-0	-0	-0	-0
0	-0	-0	-0	-0	-0	-0	-0	-0	-0	-0	-0	-0
0.00463980854468354	-0	-0	-0	-0	-0	-0	-0	-0	-0	-0	-0	-0
0	-0	-0	-0	-0	-0	-0	-0	-0	-0	-0	-0	-0
0	-0	-0	-0	-0	-0	-0	-0	-0	-0	-0	-0	-0
0	-0	-0	-0	-0	-0	-0	-0	-0	-0	-0	-0	-0
0	-0	-0	-0	-0	-0	-0	-0	-0	-0	-0	-0	-0
0	-0	-0	-0	-0	-0	-0	-0	-0	-0	-0	-0	-0
0	-0	-0	-0	-0	-0	-0	-0	-0	-0	-0	-0	-0
0	-0	-0	-0	-0	-0	-0	-0	-0	-0	-0	-0	-0
0	-0	-0	-0	-0	-0	-0	-0	-0	-0	-0	-0	-0
0	-0	-0	-0	-0	-0	-0	-0	-0	-0	-0	-0	-0
0	-0	-0	-0	-0	-0	-0	-0	-0	-0	-0	-0	-0
0	-0	-0	-0	-0	-0	-0	-0	-0	-0	-0	-0	-0
0	-0	-0	-0	-0	-0	-0	-0	-0	-0	-0	-0	-0
0	-0	-0	-0	-0	-0	-0	-0	-0	-0	-0	-0	-0
0	-0	-0	-0	-0	-0	-0	-0	-0	-0	-0	-0	-0
0	-0	-0	-0	-0	-0	-0	-0	-0	-0	-0	-0	-0
0	-0	-0	-0	-0	-0	-0	-0	-0	-0	-0	-0	-0
0	-0	-0	-0	-0	-0	-0	-0	-0	-0	-0	-0	-0
0	-0	-0	-0	-0	-0	-0	-0	-0	-0	-0	-0	-0
0	-0	-0	-0	-0	-0	-0	-0	-0	-0	-0	-0	-0
0	-0	-0	-0	-0	-0	-0	-0	-0	-0	-0	-0	-0
0	-0	-0	-0	-0	-0	-0	-0	-0	-0	-0	-0	-0
0	-0	-0	-0	-0	-0	-0	-0	-0	-0	-0	-0	-0
0	-0	-0	-0	-0	-0	-0	-0	-0	-0	-0	-0	-0
0	-0	-0	-0	-0	-0	-0	-0	-0	-0	-0	-0	-0
0	-0	-0	-0	-0	-0	-0	-0	-0	-0	-0	-0	-0
0	-0	-0	-0	-0	-0	-0	-0	-0	-0	-0	-0	-0
0	-0	-0	-0	-0	-0	-0	-0	-0	-0	-0	-0	-0
0	-0	-0	-0	-0	-0	-0	-0	-0	-0	-0	-0	-0
0	-0	-0	-0	-0	-0	-0	-0	-0	-0	-0	-0	-0
0	-0	-0	-0	-0	-0	-0	-0	-0	-0	-0	-0	-0
0	-0	-0	-0	-0	-0	-0	-0	-0	-0	-0	-0	-0
0	-0	-0	-0	-0	-0	-0	-0	-0	-0	-0	-0	-0
0	-0	-0	-0	-0	-0	-0	-0	-0	-0	-0	-0	-0
0	-0	-0	-0	-0	-0	-0	-0	-0	-0	-0	-0	-0
0	-0	-0	-0	-0	-0	-0	-0	-0	-0	-0	-0	-0
0	-0	-0	-0	-0	-0	-0	-0	-0	-0	-0	-0	-0
0	-0	-0	-0	-0	-0	-0	-0	-0	-0	-0	-0	-0
0	-0	-0	-0	-0	-0	-0	-0	-0	-0	-0	-0	-0
0	-0	-0	-0	-0	-0	-0	-0	-0	-0	-0	-0	-0
0	-0	-0	-0	-0	-0	-0	-0	-0	-0	-0	-0	-0
0	-0	-0	-0	-0	-0	-0	-0	-0	-0	-0	-0	-0
0	-0	-0	-0	-0	-0	-0	-0	-0	-0	-0	-0	-0
0	-0	-0	-0	-0	-0	-0	-0	-0	-0	-0	-0	-0
0	-0	-0	-0	-0	-0	-0	-0	-0	-0	-0	-0	-0
0	-0	-0	-0	-0	-0	-0	-0	-0	-0	-0	-0	-0
0	-0	-0	-0	-0	-0	-0	-0	-0	-0	-0	-0	-0
0	-0	-0	-0	-0	-0	-0	-0	-0	-0	-0	-0	-0
0	-0	-0	-0	-0	-0	-0	-0	-0	-0	-0	-0	-0
0	-0	-0	-0	-0	-0	-0	-0	-0	-0	-0	-0	-0
0	-0	-0	-0	-0	-0	-0	-0	-0	-0	-0	-0	-0
0	-0	-0	-0	-0	-0	-0	-0	-0	-0	-0	-0	-0
0	-0	-0	-0	-0	-0	-0	-0	-0	-0	-0	-0	-0
0	-0	-0	-0	-0	-0	-0	-0	-0	-0	-0	-0	-0
0	-0	-0	-0	-0	-0	-0	-0	-0	-0	-0	-0	-0
0	-0	-0	-0	-0	-0	-0	-0	-0	-0	-0	-0	-0
0	-0	-0	-0	-0	-0	-0	-0	-0	-0	-0	-0	-0
0	-0	-0	-0	-0	-0	-0	-0	-0	-0	-0	-0	-0
0	-0	-0	-0	-0	-0	-0	-0	-0	-0	-0	-0	-0
0	-0	-0	-0	-0	-0	-0	-0	-0	-0	-0	-0	-0
0	-0	-0	-0	-0	-0	-0	-0	-0	-0	-0	-0	-0
0.00419947552154748	0.315505185043188	6.33199466765868e-20	-6.64878729082174e-23	-6.17995238316738e-18	2.81703278272053e-19	-0	-1.08248215379928e-21	-0	0.0371256754522869	-0.295899623848585	-1.06037269755938e-13	-9.07826922822413e-08
0	-0	-0	-0	-0	-0	-0	-0	-0	-0	-0	-0	-0
0	-0	-0	-0	-0	-0	-0	-0	-0	-0	-0	-0	-0
0	-0	-0	-0	-0	-0	-0	-0	-0	-0	-0	-0	-0
0	-0	-0	-0	-0	-0	-0	-0	-0	-0	-0	-0	-0
0	-0	-0	-0	-0	-0	-0	-0	-0	-0	-0	-0	-0
0	-0	-0	-0	-0	-0	-0	-0	-0	-0	-0	-0	-0
0.0118230791367173	-0	-0	-0	-0	-0	-0	-0	-0	-0	-0	-0	-0
0	-0	-0	-0	-0	-0	-0	-0	-0	-0	-0	-0	-0
0	-0	-0	-0	-0	-0	-0	-0	-0	-0	-0	-0	-0
0	-0	-0	-0	-0	-0	-0	-0	-0	-0	-0	-0	-0
0	-0	-0	-0	-0	-0	-0	-0	-0	-0	-0	-0	-0
0	-0	-0	-0	-0	-0	-0	-0	-0	-0	-0	-0	-0
0	-0	-0	-0	-0	-0	-0	-0	-0	-0	-0	-0	-0
0.00050736652367791	-3.63812665911097e-22	-5.16772361007964e-20	3.38986531401187e-23	-5.63785129692462e-18	-5.89690612397286e-19	-0	1.17690675942677e-21	-0.431061517282951	-1.18464434730999e-17	7.77514070048253e-08	4.00250452516411e-14	-1.48086312611082e-07
0	-0	-0	-0	-0	-0	-0	-0	-0	-0	-0	-0	-0
0	-0	-0	-0	-0	-0	-0	-0	-0	-0	-0	-0	-0
0	-0	-0	-0	-0	-0	-0	-0	-0	-0	-0	-0	-0
0	-0	-0	-0	-0	-0	-0	-0	-0	-0	-0	-0	-0
0	-0	-0	-0	-0	-0	-0	-0	-0	-0	-0	-0	-0
0	-0	-0	-0	-0	-0	-0	-0	-0	-0	-0	-0	-0
0	-0	-0	-0	-0	-0	-0	-0	-0	-0	-0	-0	-0
0	-0	-0	-0	-0	-0	-0	-0	-0	-0	-0	-0	-0
0	-0	-0	-0	-0	-0	-0	-0	-0	-0	-0	-0	-0
0	-0	-0	-0	-0	-0	-0	-0	-0	-0	-0	-0	-0
0	-0	-0	-0	-0	-0	-0	-0	-0	-0	-0	-0	-0
0	-0	-0	-0	-0	-0	-0	-0	-0	-0	-0	-0	-0
0	-0	-0	-0	-0	-0	-0	-0	-0	-0	-0	-0	-0
0	-0	-0	-0	-0	-0	-0	-0	-0	-0	-0	-0	-0
0	-0	-0	-0	-0	-0	-0	-0	-0	-0	-0	-0	-0
0	-0	-0	-0	-0	-0	-0	-0	-0	-0	-0	-0	-0
0	-0	-0	-0	-0	-0	-0	-0	-0	-0	-0	-0	-0
0	-0	-0	-0	-0	-0	-0	-0	-0	-0	-0	-0	-0
0	-0	-0	-0	-0	-0	-0	-0	-0	-0	-0	-0	-0
0	-0	-0	-0	-0	-0	-0	-0	-0	-0	-0	-0	-0
0	-0	-0	-0	-0	-0	-0	-0	-0	-0	-0	-0	-0
0	-0	-0	-0	-0	-0	-0	-0	-0	-0	-0	-0	-0
0	-0	-0	-0	-0	-0	-0	-0	-0	-0	-0	-0	-0
0	-0	-0	-0	-0	-0	-0	-0	-0	-0	-0	-0	-0
0	-0	-0	-0	-0	-0	-0	-0	-0	-0	-0	-0	-0
0	-0	-0	-0	-0	-0	-0	-0	-0	-0	-0	-0	-0
0	-0	-0	-0	-0	-0	-0	-0	-0	-0	-0	-0	-0
0	-0	-0	-0	-0	-0	-0	-0	-0	-0	-0	-0	-0
0	-0	-0	-0	-0	-0	-0	-0	-0	-0	-0	-0	-0
0	-0	-0	-0	-0	-0	-0	-0	-0	-0	-0	-0	-0
0	-0	-0	-0	-0	-0	-0	-0	-0	-0	-0	-0	-0
0	-0	-0	-0	-0	-0	-0	-0	-0	-0	-0	-0	-0
0	-0	-0	-0	-0	-0	-0	-0	-0	-0	-0	-0	-0
0	-0	-0	-0	-0	-0	-0	-0	-0	-0	-0	-0	-0
0	-0	-0	-0	-0	-0	-0	-0	-0	-0	-0	-0	-0
0	-0	-0	-0	-0	-0	-0	-0	-0	-0	-0	-0	-0
0	-0	-0	-0	-0	-0	-0	-0	-0	-0	-0	-0	-0
0	-0	-0	-0	-0	-0	-0	-0	-0	-0	-0	-0	-0
0	-0	-0	-0	-0	-0	-0	-0	-0	-0	-0	-0	-0
0	-0	-0	-0	-0	-0	-0	-0	-0	-0	-0	-0	-0
0	-0	-0	-0	-0	-0	-0	-0	-0	-0	-0	-0	-0
0	-0	-0	-0	-0	-0	-0	-0	-0	-0	-0	-0	-0
0	-0	-0	-0	-0	-0	-0	-0	-0	-0	-0	-0	-0
0	-0	-0	-0	-0	-0	-0	-0	-0	-0	-0	-0	-0
0	-0	-0	-0	-0	-0	-0	-0	-0	-0	-0	-0	-0
0	-0	-0	-0	-0	-0	-0	-0	-0	-0	-0	-0	-0
0.00507269921650911	0.381110187870167	-4.52632728392084e-21	-3.34467557482846e-23	4.93311988480905e-18	-1.59650428657045e-19	-0	-7.04820889793401e-22	-0	0.0448454536326533	0.118646513558081	-6.08423222706351e-14	-1.10228171433464e-07
0	-0	-0	-0	-0	-0	-0	-0	-0	-0	-0	-0	-0
0	-0	-0	-0	-0	-0	-0	-0	-0	-0	-0	-0	-0
0	-0	-0	-0	-0	-0	-0	-0	-0	-0	-0	-0	-0
0	-0	-0	-0	-0	-0	-0	-0	-0	-0	-0	-0	-0
0	-0	-0	-0	-0	-0	-0	-0	-0	-0	-0	-0	-0
0	-0	-0	-0	-0	-0	-0	-0	-0	-0	-0	-0	-0
0	-0	-0	-0	-0	-0	-0	-0	-0	-0	-0	-0	-0
0	-0	-0	-0	-0	-0	-0	-0	-0	-0	-0	-0	-0
0	-0	-0	-0	-0	-0	-0	-0	-0	-0	-0	-0	-0
0	-0	-0	-0	-0	-0	-0	-0	-0	-0	-0	-0	-0
0	-0	-0	-0	-0	-0	-0	-0	-0	-0	-0	-0	-0
0	-0	-0	-0	-0	-0	-0	-0	-0	-0	-0	-0	-0
0	-0	-0	-0	-0	-0	-0	-0	-0	-0	-0	-0	-0
0	-0	-0	-0	-0	-0	-0	-0	-0	-0	-0	-0	-0
0	-0	-0	-0	-0	-0	-0	-0	-0	-0	-0	-0	-0
0	-0	-0	-0	-0	-0	-0	-0	-0	-0	-0	-0	-0
0	-0	-0	-0	-0	-0	-0	-0	-0	-0	-0	-0	-0
0	-0	-0	-0	-0	-0	-0	-0	-0	-0	-0	-0	-0
0	-0	-0	-0	-0	-0	-0	-0	-0	-0	-0	-0	-0
0	-0	-0	-0	-0	-0	-0	-0	-0	-0	-0	-0	-0
0	-0	-0	-0	-0	-0	-0	-0	-0	-0	-0	-0	-0
0	-0	-0	-0	-0	-0	-0	-0	-0	-0	-0	-0	-0
0	-0	-0	-0	-0	-0	-0	-0	-0	-0	-0	-0	-0
0	-0	-0	-0	-0	-0	-0	-0	-0	-0	-0	-0	-0
0	-0	-0	-0	-0	-0	-0	-0	-0	-0	-0	-0	-0
0	-0	-0	-0	-0	-0	-0	-0	-0	-0	-0	-0	-0
0	-0	-0	-0	-0	-0	-0	-0	-0	-0	-0	-0	-0
0	-0	-0	-0	-0	-0	-0	-0	-0	-0	-0	-0	-0
0	-0	-0	-0	-0	-0	-0	-0	-0	-0	-0	-0	-0
0	-0	-0	-0	-0	-0	-0	-0	-0	-0	-0	-0	-0
0	-0	-0	-0	-0	-0	-0	-0	-0	-0	-0	-0	-0
0.00539684439757886	-0	-0	-0	-0	-0	-0	-0	-0	-0	-0	-0	-0
0	-0	-0	-0	-0	-0	-0	-0	-0	-0	-0	-0	-0
0	-0	-0	-0	-0	-0	-0	-0	-0	-0	-0	-0	-0
0	-0	-0	-0	-0	-0	-0	-0	-0	-0	-0	-0	-0
0	-0	-0	-0	-0	-0	-0	-0	-0	-0	-0	-0	-0
0	-0	-0	-0	-0	-0	-0	-0	-0	-0	-0	-0	-0
0	-0	-0	-0	-0	-0	-0	-0	-0	-0	-0	-0	-0
0	-0	-0	-0	-0	-0	-0	-0	-0	-0	-0	-0	-0
0	-0	-0	-0	-0	-0	-0	-0	-0	-0	-0	-0	-0
0	-0	-0	-0	-0	-0	-0	-0	-0	-0	-0	-0	-0
0	-0	-0	-0	-0	-0	-0	-0	-0	-0	-0	-0	-0
0	-0	-0	-0	-0	-0	-0	-0	-0	-0	-0	-0	-0
0	-0	-0	-0	-0	-0	-0	-0	-0	-0	-0	-0	-0
0	-0	-0	-0	-0	-0	-0	-0	-0	-0	-0	-0	-0
0	-0	-0	-0	-0	-0	-0	-0	-0	-0	-0	-0	-0
0	-0	-0	-0	-0	-0	-0	-0	-0	-0	-0	-0	-0
0	-0	-0	-0	-0	-0	-0	-0	-0	-0	-0	-0	-0
0	-0	-0	-0	-0	-0	-0	-0	-0	-0	-0	-0	-0
0	-0	-0	-0	-0	-0	-0	-0	-0	-0	-0	-0	-0
0	-0	-0	-0	-0	-0	-0	-0	-0	-0	-0	-0	-0
0	-0	-0	-0	-0	-0	-0	-0	-0	-0	-0	-0	-0
0	-0	-0	-0	-0	-0	-0	-0	-0	-0	-0	-0	-0
0	-0	-0	-0	-0	-0	-0	-0	-0	-0	-0	-0	-0
0	-0	-0	-0	-0	-0	-0	-0	-0	-0	-0	-0	-0
0	-0	-0	-0	-0	-0	-0	-0	-0	-0	-0	-0	-0
0	-0	-0	-0	-0	-0	-0	-0	-0	-0	-0	-0	-0
0	-0	-0	-0	-0	-0	-0	-0	-0	-0	-0	-0	-0
0	-0	-0	-0	-0	-0	-0	-0	-0	-0	-0	-0	-0
0	-0	-0	-0	-0	-0	-0	-0	-0	-0	-0	-0	-0
0	-0	-0	-0	-0	-0	-0	-0	-0	-0	-0	-0	-0
0	-0	-0	-0	-0	-0	-0	-0	-0	-0	-0	-0	-0
0	-0	-0	-0	-0	-0	-0	-0	-0	-0	-0	-0	-0
0.0127755926865673	-0	-0	-0	-0	-0	-0	-0	-0	-0	-0	-0	-0
0	-0	-0	-0	-0	-0	-0	-0	-0	-0	-0	-0	-0
0	-0	-0	-0	-0	-0	-0	-0	-0	-0	-0	-0	-0
0.01147831266319	-0	-0	-0	-0	-0	-0	-0	-0	-0	-0	-0	-0
0	-0	-0	-0	-0	-0	-0	-0	-0	-0	-0	-0	-0
0	-0	-0	-0	-0	-0	-0	-0	-0	-0	-0	-0	-0
0	-0	-0	-0	-0	-0	-0	-0	-0	-0	-0	-0	-0
0	-0	-0	-0	-0	-0	-0	-0	-0	-0	-0	-0	-0
0	-0	-0	-0	-0	-0	-0	-0	-0	-0	-0	-0	-0
0	-0	-0	-0	-0	-0	-0	-0	-0	-0	-0	-0	-0
0	-0	-0	-0	-0	-0	-0	-0	-0	-0	-0	-0	-0
0	-0	-0	-0	-0	-0	-0	-0	-0	-0	-0	-0	-0
0	-0	-0	-0	-0	-0	-0	-0	-0	-0	-0	-0	-0
0	-0	-0	-0	-0	-0	-0	-0	-0	-0	-0	-0	-0
0	-0	-0	-0	-0	-0	-0	-0	-0	-0	-0	-0	-0
0	-0	-0	-0	-0	-0	-0	-0	-0	-0	-0	-0	-0
0	-0	-0	-0	-0	-0	-0	-0	-0	-0	-0	-0	-0
0	-0	-0	-0	-0	-0	-0	-0	-0	-0	-0	-0	-0
0	-0	-0	-0	-0	-0	-0	-0	-0	-0	-0	-0	-0
0	-0	-0	-0	-0	-0	-0	-0	-0	-0	-0	-0	-0
0	-0	-0	-0	-0	-0	-0	-0	-0	-0	-0	-0	-0
0	-0	-0	-0	-0	-0	-0	-0	-0	-0	-0	-0	-0
0	-0	-0	-0	-0	-0	-0	-0	-0	-0	-0	-0	-0
0	-0	-0	-0	-0	-0	-0	-0	-0	-0	-0	-0	-0
0	-0	-0	-0	-0	-0	-0	-0	-0	-0	-0	-0	-0
0	-0	-0	-0	-0	-0	-0	-0	-0	-0	-0	-0	-0
0	-0	-0	-0	-0	-0	-0	-0	-0	-0	-0	-0	-0
0	-0	-0	-0	-0	-0	-0	-0	-0	-0	-0	-0	-0
0	-0	-0	-0	-0	-0	-0	-0	-0	-0	-0	-0	-0
0	-0	-0	-0	-0	-0	-0	-0	-0	-0	-0	-0	-0
0	-0	-0	-0	-0	-0	-0	-0	-0	-0	-0	-0	-0
0	-0	-0	-0	-0	-0	-0	-0	-0	-0	-0	-0	-0
0	-0	-0	-0	-0	-0	-0	-0	-0	-0	-0	-0	-0
0.00964679812737353	-0	-0	-0	-0	-0	-0	-0	-0	-0	-0	-0	-0
0	-0	-0	-0	-0	-0	-0	-0	-0	-0	-0	-0	-0
0	-0	-0	-0	-0	-0	-0	-0	-0	-0	-0	-0	-0
0	-0	-0	-0	-0	-0	-0	-0	-0	-0	-0	-0	-0
0	-0	-0	-0	-0	-0	-0	-0	-0	-0	-0	-0	-0
0	-0	-0	-0	-0	-0	-0	-0	-0	-0	-0	-0	-0
0.00158349255754506	0.118967263845049	-1.11074144748301e-19	1.00218858396097e-22	1.62630325872826e-18	-4.75224482891168e-19	-0	1.60269313297704e-21	-0	0.01399894593302	-0.0302725834609943	1.76528532862801e-13	1.58912528551495e-07
0	-0	-0	-0	-0	-0	-0	-0	-0	-0	-0	-0	-0
0	-0	-0	-0	-0	-0	-0	-0	-0	-0	-0	-0	-0
0	-0	-0	-0	-0	-0	-0	-0	-0	-0	-0	-0	-0
0	-0	-0	-0	-0	-0	-0	-0	-0	-0	-0	-0	-0
0	-0	-0	-0	-0	-0	-0	-0	-0	-0	-0	-0	-0
0	-0	-0	-0	-0	-0	-0	-0	-0	-0	-0	-0	-0
0	-0	-0	-0	-0	-0	-0	-0	-0	-0	-0	-0	-0
0	-0	-0	-0	-0	-0	-0	-0	-0	-0	-0	-0	-0
0	-0	-0	-0	-0	-0	-0	-0	-0	-0	-0	-0	-0
0	-0	-0	-0	-0	-0	-0	-0	-0	-0	-0	-0	-0
0	-0	-0	-0	-0	-0	-0	-0	-0	-0	-0	-0	-0
0	-0	-0	-0	-0	-0	-0	-0	-0	-0	-0	-0	-0
0	-0	-0	-0	-0	-0	-0	-0	-0	-0	-0	-0	-0
0	-0	-0	-0	-0	-0	-0	-0	-0	-0	-0	-0	-0
0	-0	-0	-0	-0	-0	-0	-0	-0	-0	-0	-0	-0
0	-0	-0	-0	-0	-0	-0	-0	-0	-0	-0	-0	-0
0	-0	-0	-0	-0	-0	-0	-0	-0	-0	-0	-0	-0
0	-0	-0	-0	-0	-0	-0	-0	-0	-0	-0	-0	-0
0	-0	-0	-0	-0	-0	-0	-0	-0	-0	-0	-0	-0
0	-0	-0	-0	-0	-0	-0	-0	-0	-0	-0	-0	-0
0	-0	-0	-0	-0	-0	-0	-0	-0	-0	-0	-0	-0
0	-0	-0	-0	-0	-0	-0	-0	-0	-0	-0	-0	-0
0	-0	-0	-0	-0	-0	-0	-0	-0	-0	-0	-0	-0
0	-0	-0	-0	-0	-0	-0	-0	-0	-0	-0	-0	-0
0	-0	-0	-0	-0	-0	-0	-0	-0	-0	-0	-0	-0
0	-0	-0	-0	-0	-0	-0	-0	-0	-0	-0	-0	-0
0	-0	-0	-0	-0	-0	-0	-0	-0	-0	-0	-0	-0
0	-0	-0	-0	-0	-0	-0	-0	-0	-0	-0	-0	-0
0.00534380807536567	-0	-0	-0	-0	-0	-0	-0	-0	-0	-0	-0	-0
0	-0	-0	-0	-0	-0	-0	-0	-0	-0	-0	-0	-0
0.00736006783710473	-0	-0	-0	-0	-0	-0	-0	-0	-0	-0	-0	-0
0.0205807117411965	-0	-0	-0	-0	-0	-0	-0	-0	-0	-0	-0	-0
0.00469356589487332	-0	-0	-0	-0	-0	-0	-0	-0	-0	-0	-0	-0
0	-0	-0	-0	-0	-0	-0	-0	-0	-0	-0	-0	-0
0	-0	-0	-0	-0	-0	-0	-0	-0	-0	-0	-0	-0
0	-0	-0	-0	-0	-0	-0	-0	-0	-0	-0	-0	-0
0	-0	-0	-0	-0	-0	-0	-0	-0	-0	-0	-0	-0
0	-0	-0	-0	-0	-0	-0	-0	-0	-0	-0	-0	-0
0	-0	-0	-0	-0	-0	-0	-0	-0	-0	-0	-0	-0
0	-0	-0	-0	-0	-0	-0	-0	-0	-0	-0	-0	-0
0	-0	-0	-0	-0	-0	-0	-0	-0	-0	-0	-0	-0
0	-0	-0	-0	-0	-0	-0	-0	-0	-0	-0	-0	-0
0	-0	-0	-0	-0	-0	-0	-0	-0	-0	-0	-0	-0
0	-0	-0	-0	-0	-0	-0	-0	-0	-0	-0	-0	-0
0	-0	-0	-0	-0	-0	-0	-0	-0	-0	-0	-0	-0
0	-0	-0	-0	-0	-0	-0	-0	-0	-0	-0	-0	-0
0	-0	-0	-0	-0	-0	-0	-0	-0	-0	-0	-0	-0
0	-0	-0	-0	-0	-0	-0	-0	-0	-0	-0	-0	-0
0	-0	-0	-0	-0	-0	-0	-0	-0	-0	-0	-0	-0
0	-0	-0	-0	-0	-0	-0	-0	-0	-0	-0	-0	-0
0	-0	-0	-0	-0	-0	-0	-0	-0	-0	-0	-0	-0
0	-0	-0	-0	-0	-0	-0	-0	-0	-0	-0	-0	-0
0	-0	-0	-0	-0	-0	-0	-0	-0	-0	-0	-0	-0
0	-0	-0	-0	-0	-0	-0	-0	-0	-0	-0	-0	-0
0	-0	-0	-0	-0	-0	-0	-0	-0	-0	-0	-0	-0
0	-0	-0	-0	-0	-0	-0	-0	-0	-0	-0	-0	-0
0	-0	-0	-0	-0	-0	-0	-0	-0	-0	-0	-0	-0
0	-0	-0	-0	-0	-0	-0	-0	-0	-0	-0	-0	-0
0	-0	-0	-0	-0	-0	-0	-0	-0	-0	-0	-0	-0
0	-0	-0	-0	-0	-0	-0	-0	-0	-0	-0	-0	-0
0	-0	-0	-0	-0	-0	-0	-0	-0	-0	-0	-0	-0
0	-0	-0	-0	-0	-0	-0	-0	-0	-0	-0	-0	-0
0	-0	-0	-0	-0	-0	-0	-0	-0	-0	-0	-0	-0
0	-0	-0	-0	-0	-0	-0	-0	-0	-0	-0	-0	-0
0	-0	-0	-0	-0	-0	-0	-0	-0	-0	-0	-0	-0
0	-0	-0	-0	-0	-0	-0	-0	-0	-0	-0	-0	-0
0	-0	-0	-0	-0	-0	-0	-0	-0	-0	-0	-0	-0
0	-0	-0	-0	-0	-0	-0	-0	-0	-0	-0	-0	-0
0	-0	-0	-0	-0	-0	-0	-0	-0	-0	-0	-0	-0
0	-0	-0	-0	-0	-0	-0	-0	-0	-0	-0	-0	-0
0	-0	-0	-0	-0	-0	-0	-0	-0	-0	-0	-0	-0
0	-0	-0	-0	-0	-0	-0	-0	-0	-0	-0	-0	-0
0	-0	-0	-0	-0	-0	-0	-0	-0	-0	-0	-0	-0
0	-0	-0	-0	-0	-0	-0	-0	-0	-0	-0	-0	-0
0	-0	-0	-0	-0	-0	-0	-0	-0	-0	-0	-0	-0
0	-0	-0	-0	-0	-0	-0	-0	-0	-0	-0	-0	-0
0	-0	-0	-0	-0	-0	-0	-0	-0	-0	-0	-0	-0
0	-0	-0	-0	-0	-0	-0	-0	-0	-0	-0	-0	-0
0	-0	-0	-0	-0	-0	-0	-0	-0	-0	-0	-0	-0
0	-0	-0	-0	-0	-0	-0	-0	-0	-0	-0	-0	-0
0	-0	-0	-0	-0	-0	-0	-0	-0	-0	-0	-0	-0
0	-0	-0	-0	-0	-0	-0	-0	-0	-0	-0	-0	-0
0	-0	-0	-0	-0	-0	-0	-0	-0	-0	-0	-0	-0
0	-0	-0	-0	-0	-0	-0	-0	-0	-0	-0	-0	-0
0	-0	-0	-0	-0	-0	-0	-0	-0	-0	-0	-0	-0
0	-0	-0	-0	-0	-0	-0	-0	-0	-0	-0	-0	-0
0	-0	-0	-0	-0	-0	-0	-0	-0	-0	-0	-0	-0
0	-0	-0	-0	-0	-0	-0	-0	-0	-0	-0	-0	-0
0	-0	-0	-0	-0	-0	-0	-0	-0	-0	-0	-0	-0
0	-0	-0	-0	-0	-0	-0	-0	-0	-0	-0	-0	-0
0	-0	-0	-0	-0	-0	-0	-0	-0	-0	-0	-0	-0
0	-0	-0	-0	-0	-0	-0	-0	-0	-0	-0	-0	-0
0	-0	-0	-0	-0	-0	-0	-0	-0	-0	-0	-0	-0
0	-0	-0	-0	-0	-0	-0	-0	-0	-0	-0	-0	-0
0	-0	-0	-0	-0	-0	-0	-0	-0	-0	-0	-0	-0
0	-0	-0	-0	-0	-0	-0	-0	-0	-0	-0	-0	-0
0	-0	-0	-0	-0	-0	-0	-0	-0	-0	-0	-0	-0
0	-0	-0	-0	-0	-0	-0	-0	-0	-0	-0	-0	-0
0	-0	-0	-0	-0	-0	-0	-0	-0	-0	-0	-0	-0
0	-0	-0	-0	-0	-0	-0	-0	-0	-0	-0	-0	-0
0	-0	-0	-0	-0	-0	-0	-0	-0	-0	-0	-0	-0
0	-0	-0	-0	-0	-0	-0	-0	-0	-0	-0	-0	-0
0	-0	-0	-0	-0	-0	-0	-0	-0	-0	-0	-0	-0
0	-0	-0	-0	-0	-0	-0	-0	-0	-0	-0	-0	-0
0	-0	-0	-0	-0	-0	-0	-0	-0	-0	-0	-0	-0
0	-0	-0	-0	-0	-0	-0	-0	-0	-0	-0	-0	-0
0	-0	-0	-0	-0	-0	-0	-0	-0	-0	-0	-0	-0
0	-0	-0	-0	-0	-0	-0	-0	-0	-0	-0	-0	-0
0	-0	-0	-0	-0	-0	-0	-0	-0	-0	-0	-0	-0
0	-0	-0	-0	-0	-0	-0	-0	-0	-0	-0	-0	-0
0	-0	-0	-0	-0	-0	-0	-0	-0	-0	-0	-0	-0
0	-0	-0	-0	-0	-0	-0	-0	-0	-0	-0	-0	-0
0	-0	-0	-0	-0	-0	-0	-0	-0	-0	-0	-0	-0
0	-0	-0	-0	-0	-0	-0	-0	-0	-0	-0	-0	-0
0	-0	-0	-0	-0	-0	-0	-0	-0	-0	-0	-0	-0
0	-0	-0	-0	-0	-0	-0	-0	-0	-0	-0	-0	-0
0	-0	-0	-0	-0	-0	-0	-0	-0	-0	-0	-0	-0
0	-0	-0	-0	-0	-0	-0	-0	-0	-0	-0	-0	-0
0	-0	-0	-0	-0	-0	-0	-0	-0	-0	-0	-0	-0
0	-0	-0	-0	-0	-0	-0	-0	-0	-0	-0	-0	-0
0	-0	-0	-0	-0	-0	-0	-0	-0	-0	-0	-0	-0
0	-0	-0	-0	-0	-0	-0	-0	-0	-0	-0	-0	-0
0	-0	-0	-0	-0	-0	-0	-0	-0	-0	-0	-0	-0
0	-0	-0	-0	-0	-0	-0	-0	-0	-0	-0	-0	-0
0	-0	-0	-0	-0	-0	-0	-0	-0	-0	-0	-0	-0
0	-0	-0	-0	-0	-0	-0	-0	-0	-0	-0	-0	-0
0.00326133650308554	0.245023115771117	-9.16753303066815e-20	1.19955729104394e-22	3.08997619158369e-18	-1.25693742648223e-19	-0	2.09744730568605e-21	-0	0.0288320100770539	-0.0623511546266045	2.05012784895091e-13	3.44824577617432e-07
0	-0	-0	-0	-0	-0	-0	-0	-0	-0	-0	-0	-0
0	-0	-0	-0	-0	-0	-0	-0	-0	-0	-0	-0	-0
0	-0	-0	-0	-0	-0	-0	-0	-0	-0	-0	-0	-0
0	-0	-0	-0	-0	-0	-0	-0	-0	-0	-0	-0	-0
0	-0	-0	-0	-0	-0	-0	-0	-0	-0	-0	-0	-0
0	-0	-0	-0	-0	-0	-0	-0	-0	-0	-0	-0	-0
0	-0	-0	-0	-0	-0	-0	-0	-0	-0	-0	-0	-0
0	-0	-0	-0	-0	-0	-0	-0	-0	-0	-0	-0	-0
0.00297602664837408	0.223587882241817	1.24367648133618e-21	1.62244328179209e-23	-3.74049749507499e-18	2.31630898984946e-19	-0	7.44030078816821e-22	-0	0.0263097138968619	0.381037562719033	2.4177543593365e-14	1.24388289494232e-07
0	-0	-0	-0	-0	-0	-0	-0	-0	-0	-0	-0	-0
0	-0	-0	-0	-0	-0	-0	-0	-0	-0	-0	-0	-0
0	-0	-0	-0	-0	-0	-0	-0	-0	-0	-0	-0	-0
0	-0	-0	-0	-0	-0	-0	-0	-0	-0	-0	-0	-0
0	-0	-0	-0	-0	-0	-0	-0	-0	-0	-0	-0	-0
0	-0	-0	-0	-0	-0	-0	-0	-0	-0	-0	-0	-0
0	-0	-0	-0	-0	-0	-0	-0	-0	-0	-0	-0	-0
0	-0	-0	-0	-0	-0	-0	-0	-0	-0	-0	-0	-0
0	-0	-0	-0	-0	-0	-0	-0	-0	-0	-0	-0	-0
0	-0	-0	-0	-0	-0	-0	-0	-0	-0	-0	-0	-0
0	-0	-0	-0	-0	-0	-0	-0	-0	-0	-0	-0	-0
0	-0	-0	-0	-0	-0	-0	-0	-0	-0	-0	-0	-0
0	-0	-0	-0	-0	-0	-0	-0	-0	-0	-0	-0	-0
0	-0	-0	-0	-0	-0	-0	-0	-0	-0	-0	-0	-0
0	-0	-0	-0	-0	-0	-0	-0	-0	-0	-0	-0	-0
0	-0	-0	-0	-0	-0	-0	-0	-0	-0	-0	-0	-0
0	-0	-0	-0	-0	-0	-0	-0	-0	-0	-0	-0	-0
0	-0	-0	-0	-0	-0	-0	-0	-0	-0	-0	-0	-0
0	-0	-0	-0	-0	-0	-0	-0	-0	-0	-0	-0	-0
0	-0	-0	-0	-0	-0	-0	-0	-0	-0	-0	-0	-0
0	-0	-0	-0	-0	-0	-0	-0	-0	-0	-0	-0	-0
0	-0	-0	-0	-0	-0	-0	-0	-0	-0	-0	-0	-0
0.000363579670723104	-0	-0	-0	-0	-0	-0	-0	-0	-0	-0	-0	-0
0	-0	-0	-0	-0	-0	-0	-0	-0	-0	-0	-0	-0
0	-0	-0	-0	-0	-0	-0	-0	-0	-0	-0	-0	-0
0	-0	-0	-0	-0	-0	-0	-0	-0	-0	-0	-0	-0
0	-0	-0	-0	-0	-0	-0	-0	-0	-0	-0	-0	-0
0	-0	-0	-0	-0	-0	-0	-0	-0	-0	-0	-0	-0
0	-0	-0	-0	-0	-0	-0	-0	-0	-0	-0	-0	-0
0	-0	-0	-0	-0	-0	-0	-0	-0	-0	-0	-0	-0
0	-0	-0	-0	-0	-0	-0	-0	-0	-0	-0	-0	-0
0	-0	-0	-0	-0	-0	-0	-0	-0	-0	-0	-0	-0
0	-0	-0	-0	-0	-0	-0	-0	-0	-0	-0	-0	-0
0	-0	-0	-0	-0	-0	-0	-0	-0	-0	-0	-0	-0
0	-0	-0	-0	-0	-0	-0	-0	-0	-0	-0	-0	-0
0	-0	-0	-0	-0	-0	-0	-0	-0	-0	-0	-0	-0
0	-0	-0	-0	-0	-0	-0	-0	-0	-0	-0	-0	-0
0	-0	-0	-0	-0	-0	-0	-0	-0	-0	-0	-0	-0
0	-0	-0	-0	-0	-0	-0	-0	-0	-0	-0	-0	-0
0	-0	-0	-0	-0	-0	-0	-0	-0	-0	-0	-0	-0
0	-0	-0	-0	-0	-0	-0	-0	-0	-0	-0	-0	-0
0	-0	-0	-0	-0	-0	-0	-0	-0	-0	-0	-0	-0
0	-0	-0	-0	-0	-0	-0	-0	-0	-0	-0	-0	-0
0	-0	-0	-0	-0	-0	-0	-0	-0	-0	-0	-0	-0
0	-0	-0	-0	-0	-0	-0	-0	-0	-0	-0	-0	-0
0	-0	-0	-0	-0	-0	-0	-0	-0	-0	-0	-0	-0
0	-0	-0	-0	-0	-0	-0	-0	-0	-0	-0	-0	-0
0	-0	-0	-0	-0	-0	-0	-0	-0	-0	-0	-0	-0
0	-0	-0	-0	-0	-0	-0	-0	-0	-0	-0	-0	-0
0	-0	-0	-0	-0	-0	-0	-0	-0	-0	-0	-0	-0
0	-0	-0	-0	-0	-0	-0	-0	-0	-0	-0	-0	-0
0	-0	-0	-0	-0	-0	-0	-0	-0	-0	-0	-0	-0
0	-0	-0	-0	-0	-0	-0	-0	-0	-0	-0	-0	-0
0	-0	-0	-0	-0	-0	-0	-0	-0	-0	-0	-0	-0
0	-0	-0	-0	-0	-0	-0	-0	-0	-0	-0	-0	-0
0	-0	-0	-0	-0	-0	-0	-0	-0	-0	-0	-0	-0
0	-0	-0	-0	-0	-0	-0	-0	-0	-0	-0	-0	-0
0	-0	-0	-0	-0	-0	-0	-0	-0	-0	-0	-0	-0
0	-0	-0	-0	-0	-0	-0	-0	-0	-0	-0	-0	-0
0	-0	-0	-0	-0	-0	-0	-0	-0	-0	-0	-0	-0
0	-0	-0	-0	-0	-0	-0	-0	-0	-0	-0	-0	-0
0	-0	-0	-0	-0	-0	-0	-0	-0	-0	-0	-0	-0
0	-0	-0	-0	-0	-0	-0	-0	-0	-0	-0	-0	-0
0	-0	-0	-0	-0	-0	-0	-0	-0	-0	-0	-0	-0
0	-0	-0	-0	-0	-0	-0	-0	-0	-0	-0	-0	-0
0	-0	-0	-0	-0	-0	-0	-0	-0	-0	-0	-0	-0
0	-0	-0	-0	-0	-0	-0	-0	-0	-0	-0	-0	-0
0	-0	-0	-0	-0	-0	-0	-0	-0	-0	-0	-0	-0
0	-0	-0	-0	-0	-0	-0	-0	-0	-0	-0	-0	-0
0	-0	-0	-0	-0	-0	-0	-0	-0	-0	-0	-0	-0
0	-0	-0	-0	-0	-0	-0	-0	-0	-0	-0	-0	-0
0	-0	-0	-0	-0	-0	-0	-0	-0	-0	-0	-0	-0
0	-0	-0	-0	-0	-0	-0	-0	-0	-0	-0	-0	-0
0	-0	-0	-0	-0	-0	-0	-0	-0	-0	-0	-0	-0
0	-0	-0	-0	-0	-0	-0	-0	-0	-0	-0	-0	-0
0	-0	-0	-0	-0	-0	-0	-0	-0	-0	-0	-0	-0
0	-0	-0	-0	-0	-0	-0	-0	-0	-0	-0	-0	-0
0	-0	-0	-0	-0	-0	-0	-0	-0	-0	-0	-0	-0
0	-0	-0	-0	-0	-0	-0	-0	-0	-0	-0	-0	-0
0	-0	-0	-0	-0	-0	-0	-0	-0	-0	-0	-0	-0
0	-0	-0	-0	-0	-0	-0	-0	-0	-0	-0	-0	-0
0	-0	-0	-0	-0	-0	-0	-0	-0	-0	-0	-0	-0
0	-0	-0	-0	-0	-0	-0	-0	-0	-0	-0	-0	-0
0	-0	-0	-0	-0	-0	-0	-0	-0	-0	-0	-0	-0
0.00232570995903987	-0	-0	-0	-0	-0	-0	-0	-0	-0	-0	-0	-0
0	-0	-0	-0	-0	-0	-0	-0	-0	-0	-0	-0	-0
0	-0	-0	-0	-0	-0	-0	-0	-0	-0	-0	-0	-0
0	-0	-0	-0	-0	-0	-0	-0	-0	-0	-0	-0	-0
0	-0	-0	-0	-0	-0	-0	-0	-0	-0	-0	-0	-0
0	-0	-0	-0	-0	-0	-0	-0	-0	-0	-0	-0	-0
0	-0	-0	-0	-0	-0	-0	-0	-0	-0	-0	-0	-0
0	-0	-0	-0	-0	-0	-0	-0	-0	-0	-0	-0	-0
0	-0	-0	-0	-0	-0	-0	-0	-0	-0	-0	-0	-0
0	-0	-0	-0	-0	-0	-0	-0	-0	-0	-0	-0	-0
0	-0	-0	-0	-0	-0	-0	-0	-0	-0	-0	-0	-0
0	-0	-0	-0	-0	-0	-0	-0	-0	-0	-0	-0	-0
0	-0	-0	-0	-0	-0	-0	-0	-0	-0	-0	-0	-0
0	-0	-0	-0	-0	-0	-0	-0	-0	-0	-0	-0	-0
0	-0	-0	-0	-0	-0	-0	-0	-0	-0	-0	-0	-0
0	-0	-0	-0	-0	-0	-0	-0	-0	-0	-0	-0	-0
0	-0	-0	-0	-0	-0	-0	-0	-0	-0	-0	-0	-0
0	-0	-0	-0	-0	-0	-0	-0	-0	-0	-0	-0	-0
0	-0	-0	-0	-0	-0	-0	-0	-0	-0	-0	-0	-0
0	-0	-0	-0	-0	-0	-0	-0	-0	-0	-0	-0	-0
0	-0	-0	-0	-0	-0	-0	-0	-0	-0	-0	-0	-0
0	-0	-0	-0	-0	-0	-0	-0	-0	-0	-0	-0	-0
0	-0	-0	-0	-0	-0	-0	-0	-0	-0	-0	-0	-0
0	-0	-0	-0	-0	-0	-0	-0	-0	-0	-0	-0	-0
0.00153279304504395	-0	-0	-0	-0	-0	-0.659039557300298	-0	-0	-0	-0	-0	-0
0	-0	-0	-0	-0	-0	-0	-0	-0	-0	-0	-0	-0
0	-0	-0	-0	-0	-0	-0	-0	-0	-0	-0	-0	-0
0	-0	-0	-0	-0	-0	-0	-0	-0	-0	-0	-0	-0
7.64197687948904e-05	-0	-0	-0	-0	-0	-0.0328574367938444	-0	-0	-0	-0	-0	-0
0	-0	-0	-0	-0	-0	-0	-0	-0	-0	-0	-0	-0
0	-0	-0	-0	-0	-0	-0	-0	-0	-0	-0	-0	-0
0	-0	-0	-0	-0	-0	-0	-0	-0	-0	-0	-0	-0
0	-0	-0	-0	-0	-0	-0	-0	-0	-0	-0	-0	-0
0	-0	-0	-0	-0	-0	-0	-0	-0	-0	-0	-0	-0
0	-0	-0	-0	-0	-0	-0	-0	-0	-0	-0	-0	-0
0	-0	-0	-0	-0	-0	-0	-0	-0	-0	-0	-0	-0
0	-0	-0	-0	-0	-0	-0	-0	-0	-0	-0	-0	-0
0	-0	-0	-0	-0	-0	-0	-0	-0	-0	-0	-0	-0
0	-0	-0	-0	-0	-0	-0	-0	-0	-0	-0	-0	-0
0	-0	-0	-0	-0	-0	-0	-0	-0	-0	-0	-0	-0
0	-0	-0	-0	-0	-0	-0	-0	-0	-0	-0	-0	-0
0	-0	-0	-0	-0	-0	-0	-0	-0	-0	-0	-0	-0
0	-0	-0	-0	-0	-0	-0	-0	-0	-0	-0	-0	-0
0	-0	-0	-0	-0	-0	-0	-0	-0	-0	-0	-0	-0
0	-0	-0	-0	-0	-0	-0	-0	-0	-0	-0	-0	-0
0	-0	-0	-0	-0	-0	-0	-0	-0	-0	-0	-0	-0
0	-0	-0	-0	-0	-0	-0	-0	-0	-0	-0	-0	-0
0	-0	-0	-0	-0	-0	-0	-0	-0	-0	-0	-0	-0
0.00174758203567997	-0	-0	-0	-0	-0	-0.751390212047486	-0	-0	-0	-0	-0	-0
0	-0	-0	-0	-0	-0	-0	-0	-0	-0	-0	-0	-0
0	-0	-0	-0	-0	-0	-0	-0	-0	-0	-0	-0	-0
0	-0	-0	-0	-0	-0	-0	-0	-0	-0	-0	-0	-0
0.0180503822789735	-0	-0.938870663033432	-7.7283226136888e-23	-0	0.0943822197470968	-0	-1.58608883927323e-19	-0	-0	-0	-5.01719413443844e-12	-0
0	-0	-0	-0	-0	-0	-0	-0	-0	-0	-0	-0	-0
0	-0	-0	-0	-0	-0	-0	-0	-0	-0	-0	-0	-0
0	-0	-0	-0	-0	-0	-0	-0	-0	-0	-0	-0	-0
0	-0	-0	-0	-0	-0	-0	-0	-0	-0	-0	-0	-0
0	-0	-0	-0	-0	-0	-0	-0	-0	-0	-0	-0	-0
0	-0	-0	-0	-0	-0	-0	-0	-0	-0	-0	-0	-0
0	-0	-0	-0	-0	-0	-0	-0	-0	-0	-0	-0	-0
0	-0	-0	-0	-0	-0	-0	-0	-0	-0	-0	-0	-0
0	-0	-0	-0	-0	-0	-0	-0	-0	-0	-0	-0	-0
0	-0	-0	-0	-0	-0	-0	-0	-0	-0	-0	-0	-0
0	-0	-0	-0	-0	-0	-0	-0	-0	-0	-0	-0	-0
0	-0	-0	-0	-0	-0	-0	-0	-0	-0	-0	-0	-0
0	-0	-0	-0	-0	-0	-0	-0	-0	-0	-0	-0	-0
0	-0	-0	-0	-0	-0	-0	-0	-0	-0	-0	-0	-0
0	-0	-0	-0	-0	-0	-0	-0	-0	-0	-0	-0	-0
0	-0	-0	-0	-0	-0	-0	-0	-0	-0	-0	-0	-0
0	-0	-0	-0	-0	-0	-0	-0	-0	-0	-0	-0	-0
0	-0	-0	-0	-0	-0	-0	-0	-0	-0	-0	-0	-0
0	-0	-0	-0	-0	-0	-0	-0	-0	-0	-0	-0	-0
0	-0	-0	-0	-0	-0	-0	-0	-0	-0	-0	-0	-0
0	-0	-0	-0	-0	-0	-0	-0	-0	-0	-0	-0	-0
0	-0	-0	-0	-0	-0	-0	-0	-0	-0	-0	-0	-0
0	-0	-0	-0	-0	-0	-0	-0	-0	-0	-0	-0	-0
0	-0	-0	-0	-0	-0	-0	-0	-0	-0	-0	-0	-0
0	-0	-0	-0	-0	-0	-0	-0	-0	-0	-0	-0	-0
0	-0	-0	-0	-0	-0	-0	-0	-0	-0	-0	-0	-0
0	-0	-0	-0	-0	-0	-0	-0	-0	-0	-0	-0	-0
0	-0	-0	-0	-0	-0	-0	-0	-0	-0	-0	-0	-0
0	-0	-0	-0	-0	-0	-0	-0	-0	-0	-0	-0	-0
0	-0	-0	-0	-0	-0	-0	-0	-0	-0	-0	-0	-0
0	-0	-0	-0	-0	-0	-0	-0	-0	-0	-0	-0	-0
0	-0	-0	-0	-0	-0	-0	-0	-0	-0	-0	-0	-0
0	-0	-0	-0	-0	-0	-0	-0	-0	-0	-0	-0	-0
0	-0	-0	-0	-0	-0	-0	-0	-0	-0	-0	-0	-0
0	-0	-0	-0	-0	-0	-0	-0	-0	-0	-0	-0	-0
0	-0	-0	-0	-0	-0	-0	-0	-0	-0	-0	-0	-0
0	-0	-0	-0	-0	-0	-0	-0	-0	-0	-0	-0	-0
0	-0	-0	-0	-0	-0	-0	-0	-0	-0	-0	-0	-0
0	-0	-0	-0	-0	-0	-0	-0	-0	-0	-0	-0	-0
0	-0	-0	-0	-0	-0	-0	-0	-0	-0	-0	-0	-0
0	-0	-0	-0	-0	-0	-0	-0	-0	-0	-0	-0	-0
0	-0	-0	-0	-0	-0	-0	-0	-0	-0	-0	-0	-0
0	-0	-0	-0	-0	-0	-0	-0	-0	-0	-0	-0	-0
0	-0	-0	-0	-0	-0	-0	-0	-0	-0	-0	-0	-0
0	-0	-0	-0	-0	-0	-0	-0	-0	-0	-0	-0	-0
0	-0	-0	-0	-0	-0	-0	-0	-0	-0	-0	-0	-0
0	-0	-0	-0	-0	-0	-0	-0	-0	-0	-0	-0	-0
0	-0	-0	-0	-0	-0	-0	-0	-0	-0	-0	-0	-0
0	-0	-0	-0	-0	-0	-0	-0	-0	-0	-0	-0	-0
0	-0	-0	-0	-0	-0	-0	-0	-0	-0	-0	-0	-0
0	-0	-0	-0	-0	-0	-0	-0	-0	-0	-0	-0	-0
0	-0	-0	-0	-0	-0	-0	-0	-0	-0	-0	-0	-0
0	-0	-0	-0	-0	-0	-0	-0	-0	-0	-0	-0	-0
0	-0	-0	-0	-0	-0	-0	-0	-0	-0	-0	-0	-0
0	-0	-0	-0	-0	-0	-0	-0	-0	-0	-0	-0	-0
0	-0	-0	-0	-0	-0	-0	-0	-0	-0	-0	-0	-0
0	-0	-0	-0	-0	-0	-0	-0	-0	-0	-0	-0	-0
0	-0	-0	-0	-0	-0	-0	-0	-0	-0	-0	-0	-0
0	-0	-0	-0	-0	-0	-0	-0	-0	-0	-0	-0	-0
0	-0	-0	-0	-0	-0	-0	-0	-0	-0	-0	-0	-0
0	-0	-0	-0	-0	-0	-0	-0	-0	-0	-0	-0	-0
0	-0	-0	-0	-0	-0	-0	-0	-0	-0	-0	-0	-0
0	-0	-0	-0	-0	-0	-0	-0	-0	-0	-0	-0	-0
0	-0	-0	-0	-0	-0	-0	-0	-0	-0	-0	-0	-0
0	-0	-0	-0	-0	-0	-0	-0	-0	-0	-0	-0	-0
0	-0	-0	-0	-0	-0	-0	-0	-0	-0	-0	-0	-0
0	-0	-0	-0	-0	-0	-0	-0	-0	-0	-0	-0	-0
0	-0	-0	-0	-0	-0	-0	-0	-0	-0	-0	-0	-0
0	-0	-0	-0	-0	-0	-0	-0	-0	-0	-0	-0	-0
0	-0	-0	-0	-0	-0	-0	-0	-0	-0	-0	-0	-0
0	-0	-0	-0	-0	-0	-0	-0	-0	-0	-0	-0	-0
0	-0	-0	-0	-0	-0	-0	-0	-0	-0	-0	-0	-0
0	-0	-0	-0	-0	-0	-0	-0	-0	-0	-0	-0	-0
0	-0	-0	-0	-0	-0	-0	-0	-0	-0	-0	-0	-0
0	-0	-0	-0	-0	-0	-0	-0	-0	-0	-0	-0	-0
0	-0	-0	-0	-0	-0	-0	-0	-0	-0	-0	-0	-0
0	-0	-0	-0	-0	-0	-0	-0	-0	-0	-0	-0	-0
0	-0	-0	-0	-0	-0	-0	-0	-0	-0	-0	-0	-0
0	-0	-0	-0	-0	-0	-0	-0	-0	-0	-0	-0	-0
0	-0	-0	-0	-0	-0	-0	-0	-0	-0	-0	-0	-0
0	-0	-0	-0	-0	-0	-0	-0	-0	-0	-0	-0	-0
0	-0	-0	-0	-0	-0	-0	-0	-0	-0	-0	-0	-0
0	-0	-0	-0	-0	-0	-0	-0	-0	-0	-0	-0	-0
0	-0	-0	-0	-0	-0	-0	-0	-0	-0	-0	-0	-0
0	-0	-0	-0	-0	-0	-0	-0	-0	-0	-0	-0	-0
0	-0	-0	-0	-0	-0	-0	-0	-0	-0	-0	-0	-0
0	-0	-0	-0	-0	-0	-0	-0	-0	-0	-0	-0	-0
0	-0	-0	-0	-0	-0	-0	-0	-0	-0	-0	-0	-0
0	-0	-0	-0	-0	-0	-0	-0	-0	-0	-0	-0	-0
0	-0	-0	-0	-0	-0	-0	-0	-0	-0	-0	-0	-0
0	-0	-0	-0	-0	-0	-0	-0	-0	-0	-0	-0	-0
0	-0	-0	-0	-0	-0	-0	-0	-0	-0	-0	-0	-0
0	-0	-0	-0	-0	-0	-0	-0	-0	-0	-0	-0	-0
0	-0	-0	-0	-0	-0	-0	-0	-0	-0	-0	-0	-0
0	-0	-0	-0	-0	-0	-0	-0	-0	-0	-0	-0	-0
0	-0	-0	-0	-0	-0	-0	-0	-0	-0	-0	-0	-0
0	-0	-0	-0	-0	-0	-0	-0	-0	-0	-0	-0	-0
