bad volumes, zero indexed (FSL style)
374
482
556
657
724
889
917
1198
1649
1650
1651
1656
1659
1670
1671
1676
1677
1678
1684
1686
1694
1728
1830
1832
2059
2060
2061
2062
2067
2076
2089
2090
2091
2092
2093
2094
2095
2096
2097
2098
2099
2100
2131
2132
2133
2134
2135
2136
2137
2138
2139
2140
2141
2153
2154
2158
2159
2160
2161
2162
2163
2174
2175
2176
2179
2180
2181
2182
2183
2184
2185
2213
2217
2218
2219
2220
2221
2228
2229
2230
2231
2232
2235
2236
2237
2251
2252
2253
2254
2255
2256
2257
2434
2435
2436
2437
2438
2439
2440
2441
2442
2443
2444
2445
2458
2459
2460
2461
2462
2463
2464
2465
2622
2623
2624
2625
2626
2627
2628
2629
2630
2631
2632
2633
2634
2635
2636
2637
2638
2639
2640
2641
2642
