bad volumes, zero indexed (FSL style)
36
38
45
62
76
104
108
113
129
145
159
171
184
186
205
212
269
293
294
305
329
332
336
348
353
359
374
416
417
420
438
447
453
468
482
489
491
496
501
502
510
511
512
516
527
528
531
537
539
548
549
556
557
558
566
567
573
580
581
583
588
589
591
594
599
604
606
613
615
624
626
627
636
640
641
642
646
651
652
656
657
661
662
667
669
675
677
682
687
688
693
694
698
700
703
710
713
714
716
724
725
730
737
738
745
754
756
769
772
781
786
791
797
798
804
809
812
813
818
819
820
821
822
828
829
831
840
844
845
848
849
857
868
876
889
890
895
896
899
917
918
923
931
952
969
971
1197
1198
1202
1203
1206
1207
1649
1650
1656
1657
1659
1670
1671
1676
1686
1687
1692
1694
1698
1701
1727
1829
1830
1831
2059
2067
2076
2078
2083
2089
2090
2094
2095
2098
2099
2100
2135
2137
2140
2153
2154
2158
2159
2163
2179
2180
2183
2184
2213
2217
2218
2221
2222
2228
2229
2230
2231
2232
2235
2236
2237
2251
2252
2253
2254
2255
2256
2257
2434
2435
2437
2438
2439
2440
2444
2445
2449
2453
2458
2459
2462
2463
2464
2465
2622
2624
2625
2631
2632
2635
2642
2643
