-0.89189
-0.888316
-0.892739
-0.897511
-0.901872
-0.902158
-0.902392
-0.890638
-0.890371
-0.894484
-0.900088
-0.899684
-0.902732
-0.89334
-0.878697
-0.892925
-0.900096
-0.902142
-0.897049
-0.894751
-0.892975
-0.896726
-0.891427
-0.897687
-0.900302
-0.903567
-0.898455
-0.897833
-0.901791
-0.890919
-0.893638
-0.90177
-0.901769
-0.902711
-0.901508
-0.90444
-0.881853
-0.884252
-0.874264
-0.872791
-0.898611
-0.897074
-0.893218
-0.897345
-0.898994
-0.890819
-0.887495
-0.881423
-0.889595
-0.898338
-0.901469
-0.897983
-0.896662
-0.88958
-0.888376
-0.89466
-0.897832
-0.903219
-0.897957
-0.892858
-0.895494
-0.895183
-0.884917
-0.889525
-0.898829
-0.903902
-0.903567
-0.898004
-0.900658
-0.892131
-0.90153
-0.900744
-0.899394
-0.89814
-0.890839
-0.904612
-0.867921
-0.872692
-0.880276
-0.883057
-0.889361
-0.897145
-0.898504
-0.903331
-0.895805
-0.894652
-0.902617
-0.897073
-0.891355
-0.889337
-0.894293
-0.899396
-0.900697
-0.8923
-0.896268
-0.900305
-0.894132
-0.897475
-0.902538
-0.903027
-0.902596
-0.906312
-0.905324
-0.905918
-0.876493
-0.888611
-0.898722
-0.90061
-0.890169
-0.877934
-0.883791
-0.893812
-0.901264
-0.891034
-0.889387
-0.898462
-0.901478
-0.908534
-0.905472
-0.907897
-0.909425
-0.908145
-0.909661
-0.908564
-0.906802
-0.907864
-0.90715
-0.909043
-0.90816
-0.879306
-0.898095
-0.897867
-0.883927
-0.891668
-0.903358
-0.904422
-0.905568
-0.906499
-0.906886
-0.905123
-0.874939
-0.878438
-0.902077
-0.901495
-0.90154
-0.891774
-0.90111
-0.90411
-0.900678
-0.893282
-0.905653
-0.907024
-0.902224
-0.888141
-0.884428
-0.891612
-0.901209
-0.894437
-0.891821
-0.883401
-0.880076
-0.882155
-0.879794
-0.885397
-0.903927
-0.902895
-0.902076
-0.891445
-0.885744
-0.892218
-0.905008
-0.885366
-0.886586
-0.893204
-0.900451
-0.897623
-0.90029
-0.886676
-0.883264
-0.884735
-0.889577
-0.899843
-0.90445
-0.898064
-0.890829
-0.900552
-0.88292
-0.887946
-0.905458
-0.896447
-0.8947
-0.90033
-0.902935
-0.887753
-0.905125
-0.900604
-0.900628
-0.905788
-0.90328
-0.89535
-0.887013
-0.892192
-0.905112
-0.906043
-0.906069
-0.894723
-0.899994
-0.902415
-0.891561
-0.90567
-0.906272
-0.904032
-0.885474
-0.90014
-0.88702
-0.892869
-0.89618
-0.897959
-0.901333
-0.902955
-0.903333
-0.903286
-0.87317
-0.864642
-0.882726
-0.886553
-0.897779
-0.901949
-0.899351
-0.903745
-0.893662
-0.904125
-0.906996
-0.908303
-0.906189
-0.902637
-0.908208
-0.908473
-0.907055
-0.891315
-0.887155
-0.907204
-0.906812
-0.908375
-0.909783
-0.909974
-0.910924
-0.910796
-0.909418
-0.909666
-0.908063
-0.909963
-0.907726
-0.909649
-0.908235
-0.908123
-0.908189
-0.90864
-0.908829
-0.908378
-0.909424
-0.909799
-0.908389
-0.908306
-0.909084
-0.908352
-0.909404
-0.907412
-0.908111
-0.90113
-0.906748
-0.908277
-0.909861
-0.907696
-0.910757
-0.909037
-0.908539
-0.90834
-0.910078
-0.908796
-0.90906
-0.910079
-0.909902
-0.9093
-0.908519
-0.909904
-0.909711
-0.91029
-0.910006
-0.910403
-0.909541
-0.909887
-0.909545
-0.890091
-0.89584
-0.897519
-0.883339
-0.898771
-0.895287
-0.901994
-0.904939
-0.906188
-0.898301
-0.894249
-0.899518
-0.883129
-0.897859
-0.898132
-0.895112
-0.902359
-0.909175
-0.908468
-0.905665
-0.904395
-0.89623
-0.892722
-0.881178
-0.89193
-0.907397
-0.907975
-0.899593
-0.896403
-0.893996
-0.900341
-0.896487
-0.89966
-0.900495
-0.899801
-0.897203
-0.886107
-0.885917
-0.901984
-0.884995
-0.903779
-0.901203
-0.905212
-0.889158
-0.902343
-0.906034
-0.901823
-0.878052
-0.896497
-0.902335
-0.901604
-0.894982
-0.89527
-0.904523
-0.90549
-0.86456
-0.906789
-0.907154
-0.907426
-0.906503
-0.883498
-0.905418
-0.90887
-0.908665
-0.908857
-0.896396
-0.884829
-0.904738
-0.90606
-0.905647
-0.907941
-0.9065
-0.906142
-0.90753
-0.90692
-0.904884
-0.907541
-0.907365
-0.907681
-0.908235
-0.907755
-0.847791
-0.898073
-0.904305
-0.904576
-0.907511
-0.907021
-0.908387
-0.90751
-0.908871
-0.907701
-0.908841
-0.906646
-0.904473
-0.902936
-0.903926
-0.901245
-0.898319
-0.898387
-0.902232
-0.906628
-0.89916
-0.896951
-0.90067
-0.897576
-0.896676
-0.897
-0.898188
-0.897707
-0.897199
-0.897587
-0.896701
-0.898808
-0.897739
-0.898043
-0.89794
-0.895695
-0.899462
-0.89825
-0.898287
-0.897747
-0.899658
-0.897702
-0.865255
-0.894897
-0.9065
-0.904756
-0.895326
-0.891965
-0.893097
-0.893499
-0.892468
-0.892137
-0.894669
-0.896733
-0.897968
-0.897113
-0.896695
-0.899723
-0.883246
-0.880234
-0.887612
-0.897649
-0.896007
-0.896018
-0.884229
-0.891731
-0.900132
-0.895645
-0.90504
-0.905703
-0.908245
-0.905787
-0.907724
-0.866828
-0.892189
-0.905191
-0.907492
-0.903907
-0.903606
-0.876571
-0.880705
-0.901969
-0.897636
-0.895432
-0.88914
-0.898957
-0.89566
-0.871828
-0.880367
-0.882772
-0.879887
-0.896956
-0.887574
-0.887863
-0.866627
-0.899018
-0.901474
-0.902612
-0.906213
-0.90022
-0.89997
-0.903202
-0.90323
-0.903474
-0.901664
-0.90108
-0.901871
-0.89946
-0.851538
-0.899388
-0.90391
-0.906156
-0.886612
-0.883252
-0.904212
-0.86444
-0.872998
-0.871934
-0.884323
-0.902897
-0.900799
-0.893711
-0.887433
-0.904843
-0.897913
-0.907102
-0.898093
-0.878494
-0.889517
-0.904009
-0.90468
-0.901487
-0.904761
-0.905831
-0.906367
-0.906428
-0.876627
-0.89666
-0.895781
-0.906318
-0.907538
-0.905851
-0.86961
-0.892724
-0.898892
-0.904554
-0.902168
-0.90371
-0.899341
-0.900758
-0.901579
-0.908791
-0.906558
-0.869463
-0.898301
-0.900321
-0.902044
-0.883496
-0.899475
-0.89787
-0.90304
-0.892133
-0.893184
-0.877762
-0.902799
-0.86521
-0.891565
-0.900316
-0.905666
-0.905299
-0.90337
-0.903115
-0.901007
-0.904201
-0.858789
-0.881501
-0.903889
-0.906126
-0.907041
-0.90712
-0.907004
-0.905595
-0.85657
-0.882772
-0.875945
-0.886127
-0.904958
-0.905414
-0.904537
-0.904567
-0.906013
-0.90352
-0.876697
-0.900402
-0.906942
-0.905215
-0.902555
-0.899531
-0.897449
-0.883421
-0.872012
-0.890792
-0.874898
-0.891361
-0.895676
-0.89439
-0.882434
-0.889693
-0.902795
-0.877003
-0.902548
-0.906448
-0.902994
-0.897205
-0.871609
-0.877762
-0.901444
-0.872652
-0.881165
-0.889497
-0.873892
-0.887719
-0.897367
-0.894288
-0.891609
-0.860772
-0.893978
-0.905004
-0.905292
-0.905195
-0.890084
-0.898568
-0.890756
-0.871205
-0.880246
-0.877736
-0.899577
-0.898652
-0.874964
-0.87784
-0.900864
-0.893719
-0.897019
-0.90412
-0.904626
-0.904788
-0.890109
-0.87929
-0.907534
-0.902329
-0.866706
-0.891569
-0.894695
-0.883073
-0.910098
-0.911241
-0.908352
-0.907343
-0.890343
-0.896832
-0.893121
-0.903893
-0.896048
-0.895937
-0.896442
-0.902262
-0.869591
-0.886522
-0.896908
-0.899256
-0.900279
-0.89876
-0.867255
-0.876934
-0.895285
-0.900242
-0.899854
-0.87384
-0.892568
-0.904302
-0.894898
-0.899149
-0.875497
-0.85711
-0.901604
-0.90384
-0.900435
-0.873098
-0.888472
-0.902456
-0.899454
-0.898933
-0.898924
-0.89265
-0.902874
-0.900699
-0.904057
-0.90398
-0.903046
-0.903901
-0.900993
-0.874897
-0.89577
-0.884602
-0.908324
-0.910003
-0.907584
-0.907324
-0.887093
-0.900869
-0.905953
-0.906187
-0.904344
-0.893737
-0.895921
-0.906016
-0.888668
-0.897845
-0.899055
-0.867508
-0.88679
-0.90024
-0.898337
-0.888149
-0.8932
-0.900264
-0.898601
-0.90495
-0.904338
-0.892781
-0.904892
-0.905221
-0.902047
-0.899219
-0.893658
-0.881672
-0.892135
-0.905806
-0.90553
-0.87498
-0.885452
-0.895746
-0.868221
-0.876976
-0.884473
-0.873973
-0.888454
-0.88871
-0.891089
-0.891341
-0.856244
-0.892508
-0.901589
-0.903531
-0.908059
-0.900616
-0.874309
-0.903746
-0.901985
-0.904449
-0.901066
-0.907441
-0.907438
-0.879683
-0.888209
-0.900047
-0.901199
-0.907032
-0.904145
-0.89775
-0.891105
-0.893208
-0.900515
-0.902309
-0.896092
-0.894107
-0.889958
-0.902071
-0.903178
-0.899536
-0.868862
-0.899873
-0.874552
-0.887723
-0.895703
-0.900088
-0.904474
-0.901766
-0.894515
-0.892003
-0.898057
-0.90162
-0.898218
-0.898928
-0.894829
-0.888375
-0.89851
-0.900554
-0.87671
-0.886373
-0.884135
-0.883354
-0.888328
-0.894301
-0.894814
-0.89865
-0.896807
-0.881734
-0.882171
-0.894624
-0.894477
-0.895134
-0.895551
-0.90168
-0.900041
-0.883798
-0.87674
-0.87436
-0.868219
-0.885509
-0.887816
-0.890772
-0.898263
-0.886589
-0.876701
-0.874943
-0.904328
-0.903064
-0.895514
-0.896262
-0.8845
-0.890181
-0.907752
-0.907097
-0.901532
-0.868705
-0.896531
-0.899595
-0.874815
-0.894967
-0.900593
-0.902346
-0.902769
-0.901588
-0.890473
-0.89791
-0.886408
-0.882055
-0.891938
-0.902111
-0.900274
-0.899146
-0.902214
-0.899681
-0.894521
-0.898056
-0.910299
-0.883212
-0.894509
-0.898776
-0.891217
-0.890612
-0.900456
-0.894102
-0.885327
-0.883704
-0.865177
-0.902428
-0.905864
-0.905401
-0.882479
-0.901129
-0.901802
-0.899868
-0.889027
-0.891028
-0.897256
-0.899125
-0.900406
-0.899131
-0.90164
-0.90682
-0.888811
-0.877823
-0.895958
-0.904517
-0.908617
-0.901182
-0.911225
-0.907505
-0.908514
-0.909945
-0.908276
-0.900494
-0.883441
-0.899077
-0.900868
-0.901109
-0.893687
-0.891018
-0.902475
-0.903975
-0.85867
-0.893809
-0.895078
-0.897353
-0.898242
-0.900241
-0.891764
-0.895384
-0.899468
-0.899093
-0.899528
-0.90112
-0.899858
-0.847598
-0.884299
-0.906194
-0.903436
-0.907751
-0.906688
-0.887066
-0.892732
-0.897807
-0.898567
-0.866193
-0.887211
-0.884805
-0.881613
-0.888042
-0.894471
-0.897994
-0.894272
-0.895059
-0.894653
-0.895017
-0.896978
-0.886928
-0.895386
-0.89426
-0.891449
-0.899196
-0.894855
-0.830853
-0.887298
-0.897083
-0.894252
-0.891667
-0.898027
-0.881276
-0.898736
-0.896098
-0.895362
-0.88643
-0.882233
-0.893565
-0.892317
-0.888047
-0.895366
-0.899375
-0.894629
-0.88275
-0.887933
-0.878315
-0.895629
-0.907891
-0.906635
-0.898731
-0.898722
-0.897196
-0.899164
-0.899184
-0.902126
-0.90399
-0.902938
-0.904699
-0.905343
-0.90162
-0.866728
-0.89376
-0.906224
-0.909185
-0.907373
-0.897225
-0.906294
-0.903987
-0.90731
-0.911272
-0.912324
-0.911068
-0.913203
-0.91222
-0.913076
-0.914248
-0.910258
-0.880955
-0.874522
-0.887231
-0.905044
-0.912228
-0.911834
-0.911505
-0.910999
-0.911296
-0.912812
-0.911364
-0.912212
-0.914604
-0.91282
-0.913857
-0.913275
-0.913197
-0.914199
-0.911863
-0.91273
-0.913431
-0.912263
-0.913526
-0.912748
-0.913431
-0.912512
-0.913755
-0.913824
-0.912946
-0.91063
-0.912734
-0.9126
-0.912528
-0.910763
-0.91151
-0.911537
-0.913876
-0.91135
-0.911961
-0.911169
-0.911055
-0.911456
-0.912861
-0.914494
-0.91382
-0.913192
-0.90927
-0.909422
-0.910433
-0.909826
-0.910172
-0.911574
-0.909617
-0.913022
-0.912642
-0.911287
-0.910597
-0.911405
-0.91207
-0.910035
-0.911333
-0.91133
-0.911441
-0.914176
-0.911273
-0.909131
-0.906455
-0.904482
-0.90394
-0.903317
-0.907416
-0.907025
-0.90664
-0.906586
-0.907982
-0.908807
-0.909622
-0.90995
-0.909033
-0.910652
-0.909769
-0.911364
-0.91272
-0.910914
-0.911068
-0.908797
-0.913124
-0.911196
-0.912672
-0.912302
-0.911577
-0.910174
-0.912609
-0.911694
-0.911409
-0.911822
-0.91071
-0.910616
-0.913414
-0.911546
-0.90987
-0.912358
-0.910073
-0.91061
-0.908736
-0.908058
-0.909092
-0.910158
-0.909194
-0.906671
-0.906713
-0.906734
-0.910672
-0.908613
-0.910372
-0.910774
-0.909124
-0.910188
-0.907812
-0.907814
-0.909083
-0.910449
-0.910786
-0.910012
-0.913405
-0.911325
-0.912056
-0.908364
-0.911853
-0.907087
-0.912052
-0.911066
-0.913317
-0.909808
-0.910584
-0.909558
-0.910238
-0.91187
-0.910789
-0.912133
-0.912122
-0.91136
-0.91219
-0.912302
-0.910922
-0.912013
-0.91099
-0.912466
-0.911882
-0.90864
-0.911399
-0.912413
-0.909003
-0.909016
-0.907866
-0.909056
-0.906204
-0.901337
-0.905765
-0.906792
-0.907382
-0.910769
-0.909055
-0.904883
-0.908568
-0.904201
-0.907826
-0.905818
-0.908366
-0.906579
-0.909559
-0.909948
-0.910282
-0.908804
-0.90623
-0.910367
-0.90863
-0.908934
-0.908614
-0.909515
-0.909581
-0.908305
-0.908192
-0.908527
-0.910359
-0.908171
-0.908489
-0.907826
-0.909389
-0.908514
-0.908589
-0.909418
-0.90958
-0.908865
-0.910566
-0.907521
-0.90989
-0.910384
-0.910311
-0.907341
-0.908636
-0.906732
-0.907165
-0.907798
-0.910851
-0.910548
-0.911338
-0.910914
-0.911187
-0.907669
-0.910706
-0.911939
-0.911499
-0.910581
-0.909763
-0.911268
-0.910049
-0.90991
-0.909406
-0.909546
-0.909303
-0.908826
-0.907547
-0.906266
-0.905855
-0.905342
-0.90683
-0.905138
-0.879923
-0.853547
-0.879311
-0.892023
-0.890174
-0.858767
-0.886338
-0.895112
-0.896126
-0.869977
-0.867509
-0.899891
-0.901949
-0.901721
-0.90506
-0.908484
-0.907803
-0.91107
-0.912217
-0.910322
-0.908745
-0.910528
-0.910126
-0.909421
-0.909627
-0.909447
-0.909144
-0.911191
-0.910689
-0.911827
-0.913414
-0.911059
-0.908899
-0.910575
-0.908299
-0.91142
-0.908211
-0.910696
-0.911644
-0.909821
-0.910519
-0.907522
-0.909339
-0.911897
-0.91004
-0.909557
-0.9081
-0.910689
-0.90805
-0.909605
-0.909226
-0.911716
-0.907939
-0.90916
-0.911255
-0.91099
-0.908033
-0.910577
-0.911373
-0.910528
-0.908055
-0.909166
-0.910337
-0.910433
-0.90908
-0.911242
-0.909288
-0.910525
-0.906501
-0.909082
-0.908069
-0.907846
-0.907861
-0.905535
-0.909157
-0.908614
-0.911083
-0.912308
-0.908292
-0.907332
-0.907117
-0.908732
-0.910831
-0.906647
-0.906102
-0.909572
-0.912746
-0.910303
-0.908984
-0.909181
-0.910145
-0.912652
-0.911146
-0.912459
-0.913542
-0.913344
-0.911638
-0.909351
-0.91181
-0.909963
-0.908565
-0.906983
-0.90672
-0.909383
-0.911909
-0.909902
-0.910973
-0.910358
-0.908996
-0.908211
-0.907797
-0.907082
-0.909581
-0.907496
-0.909842
-0.909541
-0.909379
-0.910277
-0.907241
-0.90911
-0.906274
-0.907728
-0.906878
-0.909534
-0.908063
-0.909284
-0.908235
-0.907234
-0.9109
-0.910279
-0.910238
-0.909518
-0.909509
-0.911671
-0.911595
-0.91071
-0.912021
-0.911667
-0.913347
-0.911717
-0.912562
-0.909259
-0.907827
-0.908696
-0.907587
-0.909271
-0.909887
-0.908199
-0.91025
-0.908845
-0.911236
-0.912403
-0.91161
-0.911806
-0.90863
-0.906567
-0.910602
-0.907249
-0.907562
-0.907626
-0.906338
-0.908673
-0.904767
-0.907613
-0.909588
-0.911686
-0.909898
-0.91095
-0.908856
-0.908782
-0.910122
-0.909155
-0.911911
-0.911028
-0.909087
-0.909882
-0.909792
-0.909529
-0.903246
-0.901166
-0.902988
-0.905471
-0.901075
-0.90293
-0.906874
-0.906047
-0.905371
-0.907683
-0.903165
-0.908005
-0.907901
-0.90824
-0.907854
-0.908099
-0.908581
-0.908283
-0.90844
-0.907377
-0.905726
-0.904983
-0.906625
-0.903588
-0.90581
-0.904591
-0.902933
-0.903563
-0.902591
-0.901647
-0.900782
-0.906461
-0.907588
-0.908067
-0.90834
-0.906762
-0.905233
-0.904123
-0.908644
-0.908377
-0.907387
-0.907481
-0.908457
-0.90614
-0.906739
-0.904712
-0.902766
-0.904615
-0.905891
-0.905412
-0.905345
-0.905572
-0.904353
-0.906259
-0.908175
-0.908817
-0.908054
-0.904234
-0.901777
-0.905265
-0.906488
-0.907036
-0.905307
-0.901333
-0.903421
-0.904017
-0.905815
-0.905814
-0.905996
-0.909062
-0.907349
-0.90607
-0.909458
-0.906974
-0.906703
-0.90533
-0.907265
-0.907519
-0.906935
-0.907013
-0.909107
-0.908467
-0.90785
-0.91017
-0.908695
-0.909187
-0.909217
-0.907807
-0.907849
-0.906633
-0.905664
-0.906877
-0.908188
-0.907369
-0.908538
-0.908183
-0.909064
-0.90777
-0.899744
-0.904671
-0.902115
-0.906933
-0.903698
-0.906787
-0.907323
-0.907495
-0.90647
-0.908357
-0.907875
-0.907209
-0.906344
-0.907506
-0.908099
-0.907625
-0.908049
-0.906179
-0.905323
-0.907999
-0.904406
-0.907524
-0.90634
-0.90538
-0.908351
-0.905445
-0.906304
-0.904965
-0.904587
-0.906
-0.905424
-0.905776
-0.902065
-0.898977
-0.898546
-0.900815
-0.900218
-0.901904
-0.899013
-0.897453
-0.904989
-0.906277
-0.905971
-0.908619
-0.903783
-0.902227
-0.90626
-0.907899
-0.908399
-0.906555
-0.909332
-0.906702
-0.90661
-0.907767
-0.905681
-0.907716
-0.90619
-0.904527
-0.90741
-0.905802
-0.905865
-0.905447
-0.906869
-0.90694
-0.909111
-0.907122
-0.906088
-0.905112
-0.906355
-0.89924
-0.901046
-0.900362
-0.899795
-0.901783
-0.899786
-0.898977
-0.900961
-0.900676
-0.900547
-0.902013
-0.903938
-0.903659
-0.905775
-0.904632
-0.904572
-0.90681
-0.905568
-0.903212
-0.90325
-0.901852
-0.902344
-0.903936
-0.907342
-0.908154
-0.905427
-0.906411
-0.904844
-0.907435
-0.900418
-0.901241
-0.905363
-0.905091
-0.90588
-0.903504
-0.902911
-0.902705
-0.90436
-0.906032
-0.905502
-0.900979
-0.904291
-0.903325
-0.902202
-0.905033
-0.905002
-0.904826
-0.902765
-0.905764
-0.901486
-0.904451
-0.901415
-0.901002
-0.899167
-0.904391
-0.903145
-0.901397
-0.905742
-0.904923
-0.904143
-0.903772
-0.903779
-0.904523
-0.905811
-0.905967
-0.903005
-0.904856
-0.908301
-0.904442
-0.90675
-0.905233
-0.903614
-0.906083
-0.907171
-0.907825
-0.905659
-0.906179
-0.907012
-0.905537
-0.906253
-0.902663
-0.906378
-0.907152
-0.904641
-0.906251
-0.902077
-0.90337
-0.902815
-0.904274
-0.905268
-0.90708
-0.906422
-0.905716
-0.907957
-0.907645
-0.906987
-0.908877
-0.904772
-0.898996
-0.902661
-0.901439
-0.901998
-0.902022
-0.899694
-0.903057
-0.905112
-0.904764
-0.820738
-0.835817
-0.846175
-0.864155
-0.880527
-0.874325
-0.874385
-0.850925
-0.865859
-0.889868
-0.841529
-0.863022
-0.860947
-0.863441
-0.863151
-0.864951
-0.866479
-0.867864
-0.872151
-0.867168
-0.870361
-0.837513
-0.857309
-0.876921
-0.872727
-0.883797
-0.881112
-0.849518
-0.824523
-0.857014
-0.865404
-0.871447
-0.8789
-0.867641
-0.862127
-0.851498
-0.860024
-0.841174
-0.868981
-0.88831
-0.897278
-0.900111
-0.892601
-0.863026
-0.893541
-0.854025
-0.891292
-0.892287
-0.886596
-0.880219
-0.893742
-0.887314
-0.859721
-0.885948
-0.891008
-0.897611
-0.896725
-0.89209
-0.898014
-0.900756
-0.895007
-0.886141
-0.885829
-0.89409
-0.893058
-0.891703
-0.894266
-0.898061
-0.897363
-0.898091
-0.898599
-0.905857
-0.900649
-0.901504
-0.902412
-0.906102
-0.903636
-0.902986
-0.864773
-0.85335
-0.885845
-0.911251
-0.903912
-0.90825
-0.904956
-0.904051
-0.905153
-0.902548
-0.906796
-0.909737
-0.905951
-0.90933
-0.90826
-0.910786
-0.90881
-0.911221
-0.909785
-0.909505
-0.909465
-0.911307
-0.908835
-0.909002
-0.914298
-0.912027
-0.910625
-0.913346
-0.910651
-0.913724
-0.914146
-0.913351
-0.910937
-0.911399
-0.911087
-0.912974
-0.908764
-0.907206
-0.902721
-0.909662
-0.900335
-0.904691
-0.905092
-0.907128
-0.903938
-0.901825
-0.907299
-0.904114
-0.905517
-0.909789
-0.901525
-0.905508
-0.904259
-0.905507
-0.907335
-0.907329
-0.908666
-0.906203
-0.906663
-0.906092
-0.909523
-0.907373
-0.904107
-0.906071
-0.906566
-0.908045
-0.90392
-0.908462
-0.906245
-0.910584
-0.908356
-0.906013
-0.909542
-0.905848
-0.908119
-0.909194
-0.907358
-0.906675
-0.907543
-0.907723
-0.902548
-0.901586
-0.903073
-0.905246
-0.899809
-0.906164
-0.903179
-0.902539
-0.899857
-0.904482
-0.905322
-0.906115
-0.903342
-0.904118
-0.902033
-0.906372
-0.898404
-0.905188
-0.90595
-0.904311
-0.905393
-0.906805
-0.889188
-0.847848
-0.857993
-0.846092
-0.880942
-0.894925
-0.901418
-0.904732
-0.903865
-0.902943
-0.903468
-0.903028
-0.9036
-0.905114
-0.904017
-0.903343
-0.906255
-0.905112
-0.905894
-0.903429
-0.907306
-0.906747
-0.905442
-0.903169
-0.906002
-0.907693
-0.906801
-0.908064
-0.910345
-0.910273
-0.912408
-0.91011
-0.913183
-0.910044
-0.910065
-0.909288
-0.910924
-0.909552
-0.91183
-0.907992
-0.908654
-0.910312
-0.910211
-0.908208
-0.909101
-0.908049
-0.909777
-0.908118
-0.908252
-0.906547
-0.910532
-0.908739
-0.91075
-0.907727
-0.911517
-0.9081
-0.905359
-0.912391
-0.911349
-0.910079
-0.906916
-0.905333
-0.91084
-0.909778
-0.9096
-0.907614
-0.910499
-0.911384
-0.912888
-0.913063
-0.914107
-0.914816
-0.91257
-0.910244
-0.912606
-0.910768
-0.910514
-0.910607
-0.909585
-0.913892
-0.909573
-0.914114
-0.913595
-0.912165
-0.912084
-0.912267
-0.912507
-0.912004
-0.91556
-0.913263
-0.914982
-0.914814
-0.914344
-0.911731
-0.908953
-0.908741
-0.910853
-0.910409
-0.911573
-0.912349
-0.910708
-0.909398
-0.909215
-0.91029
-0.909596
-0.911366
-0.912018
-0.911218
-0.912039
-0.91077
-0.911223
-0.913365
-0.915412
-0.914859
-0.91458
-0.912774
-0.913478
-0.913539
-0.913612
-0.90858
-0.910088
-0.912383
-0.912494
-0.911899
-0.909666
-0.909561
-0.910868
-0.908125
-0.906677
-0.910936
-0.91182
-0.911555
-0.909726
-0.913642
-0.910403
-0.912143
-0.911196
-0.913103
-0.912049
-0.914355
-0.912769
-0.914091
-0.914393
-0.912839
-0.915537
-0.915211
-0.915905
-0.912677
-0.912574
-0.913214
-0.910389
-0.912102
-0.913183
-0.914925
-0.910427
-0.907936
-0.911466
-0.911448
-0.912113
-0.911996
-0.912962
-0.913671
-0.913633
-0.912425
-0.914143
-0.912234
-0.912409
-0.912448
-0.910803
-0.911788
-0.903914
-0.902963
-0.9034
-0.903294
-0.907674
-0.910145
-0.909454
-0.909781
-0.90831
-0.906768
-0.909965
-0.911263
-0.91116
-0.910211
-0.909311
-0.908573
-0.904787
-0.908887
-0.912868
-0.91582
-0.912376
-0.912571
-0.911917
-0.909436
-0.910269
-0.910983
-0.906439
-0.910513
-0.910936
-0.908483
-0.911406
-0.910708
-0.911971
-0.909623
-0.910641
-0.91306
-0.91207
-0.911152
-0.909604
-0.910669
-0.90221
-0.899467
-0.897005
-0.894412
-0.896917
-0.899072
-0.898416
-0.895695
-0.894097
-0.898118
-0.902542
-0.904898
-0.904327
-0.902201
-0.897103
-0.90685
-0.908083
-0.908794
-0.906861
-0.907036
-0.79293
-0.827465
-0.830321
-0.847783
-0.861566
-0.878016
-0.890258
-0.889268
-0.829451
-0.865954
-0.863403
-0.861988
-0.87439
-0.882879
-0.890514
-0.892897
-0.872437
-0.854757
-0.872881
-0.859373
-0.869014
-0.865534
-0.867658
-0.878082
-0.861519
-0.861531
-0.875864
-0.890215
-0.889668
-0.885929
-0.842539
-0.816052
-0.839759
-0.840982
-0.843093
-0.8221
-0.822659
-0.823684
-0.830377
-0.810832
-0.819958
-0.823799
-0.864903
-0.874068
-0.877935
-0.879512
-0.882737
-0.88149
-0.88375
-0.891494
-0.896914
-0.896044
-0.896755
-0.89501
-0.893636
-0.891962
-0.889941
-0.886743
-0.897521
-0.895816
-0.88904
-0.886286
-0.894046
-0.896579
-0.89158
-0.88891
-0.890308
-0.883421
-0.884293
-0.884253
-0.89165
-0.874098
-0.82335
-0.852565
-0.84866
-0.850531
-0.809511
-0.800717
-0.816943
-0.827416
-0.825356
-0.830975
-0.854688
-0.87005
-0.87613
-0.878093
-0.873105
-0.884708
-0.890514
-0.88631
-0.889256
-0.885748
-0.888161
-0.872766
-0.838674
-0.841706
-0.864637
-0.874614
-0.873121
-0.847991
-0.822836
-0.820747
-0.831434
-0.830522
-0.856219
-0.875734
-0.875951
-0.879795
-0.882084
-0.873545
-0.871196
-0.873763
-0.87537
-0.876728
-0.877878
-0.843936
-0.830752
-0.852166
-0.860554
-0.863935
-0.842644
-0.825694
-0.840473
-0.820641
-0.824712
-0.831241
-0.855903
-0.874012
-0.868337
-0.876746
-0.874925
-0.883907
-0.889259
-0.893922
-0.889228
-0.894549
-0.893612
-0.896023
-0.894806
-0.893657
-0.892181
-0.893119
-0.892714
-0.888397
-0.89266
-0.893591
-0.898221
-0.891776
-0.893773
-0.893222
-0.884466
-0.890364
-0.889256
-0.888538
-0.8383
-0.864352
-0.882408
-0.887653
-0.848435
-0.833969
-0.830596
-0.829903
-0.811115
-0.863665
-0.890784
-0.885722
-0.88859
-0.891044
-0.888419
-0.856537
-0.821184
-0.826641
-0.832038
-0.847989
-0.870355
-0.870289
-0.845256
-0.82062
-0.852892
-0.894608
-0.900536
-0.904169
-0.909427
-0.908272
-0.907934
-0.906062
-0.898858
-0.908098
-0.906161
-0.904547
-0.895131
-0.878781
-0.843766
-0.821378
-0.812614
-0.82136
-0.794747
-0.776172
-0.834195
-0.869117
-0.889684
-0.890756
-0.889351
-0.894646
-0.903019
-0.898951
-0.903468
-0.882225
-0.874964
-0.888457
-0.900658
-0.900764
-0.901471
-0.901072
-0.904353
-0.902103
-0.898467
-0.8971
-0.900001
-0.901173
-0.89661
-0.900174
-0.898788
-0.896748
-0.896
-0.898735
-0.897772
-0.898159
-0.899138
-0.902325
-0.898665
-0.895159
-0.899328
-0.901575
-0.897251
-0.902241
-0.904195
-0.900041
-0.900123
-0.900229
-0.904049
-0.901289
-0.898206
-0.900248
-0.898169
-0.902304
-0.903032
-0.899364
-0.899767
-0.903358
-0.903815
-0.907105
-0.908423
-0.905479
-0.907487
-0.904883
-0.906809
-0.905901
-0.89713
-0.90139
-0.903132
-0.904324
-0.903418
-0.902497
-0.90582
-0.902791
-0.905327
-0.904373
-0.902588
-0.902037
-0.906031
-0.906024
-0.902273
-0.90134
-0.899098
-0.898304
-0.902625
-0.906115
-0.907445
-0.907333
-0.906451
-0.907212
-0.906577
-0.906644
-0.906723
-0.897165
-0.89761
-0.895843
-0.899635
-0.899696
-0.901131
-0.898797
-0.903462
-0.903552
-0.904659
-0.903754
-0.90661
-0.904023
-0.906975
-0.906036
-0.906292
-0.904452
-0.903027
-0.898091
-0.905278
-0.907769
-0.908476
-0.908533
-0.909497
-0.906223
-0.907979
-0.903404
-0.910726
-0.906224
-0.908444
-0.909077
-0.909056
-0.909531
-0.908107
-0.907093
-0.908681
-0.909072
-0.908478
-0.909462
-0.908491
-0.90769
-0.910807
-0.910251
-0.910908
-0.90982
-0.910434
-0.908703
-0.90719
-0.900793
-0.907251
-0.91079
-0.90624
-0.906937
-0.905851
-0.904889
-0.906884
-0.907831
-0.907291
-0.904953
-0.905813
-0.907292
-0.906139
-0.906873
-0.907828
-0.906494
-0.910368
-0.909356
-0.909432
-0.908866
-0.907662
-0.910257
-0.90982
-0.907752
-0.909391
-0.910693
-0.905661
-0.910832
-0.910751
-0.910118
-0.909488
-0.908478
-0.910609
-0.907969
-0.909215
-0.911711
-0.909059
-0.905638
-0.908381
-0.907614
-0.901938
-0.791661
-0.805776
-0.836773
-0.834582
-0.781177
-0.772283
-0.831114
-0.800649
-0.798329
-0.811002
-0.696437
-0.831008
-0.859056
-0.871888
-0.875177
-0.879773
-0.869661
-0.875379
-0.885155
-0.879484
-0.874208
-0.877458
-0.876898
-0.882188
-0.852021
-0.809231
-0.796335
-0.794832
-0.781729
-0.81344
-0.822252
-0.835953
-0.867208
-0.874338
-0.890064
-0.901735
-0.903777
-0.906157
-0.906145
-0.906899
-0.907969
-0.906082
-0.904037
-0.905228
-0.902358
-0.904233
-0.901626
-0.89978
-0.900078
-0.906613
-0.905066
-0.906336
-0.906626
-0.907148
-0.908955
-0.909222
-0.905422
-0.904447
-0.903066
-0.903506
-0.902433
-0.901708
-0.901207
-0.902374
-0.8995
-0.902234
-0.902339
-0.900656
-0.899159
-0.897933
-0.898665
-0.898486
-0.897933
-0.8974
-0.898801
-0.896421
-0.898906
-0.89446
-0.894646
-0.891982
-0.890612
-0.891429
-0.888865
-0.88831
-0.890845
-0.894406
-0.902694
-0.906686
-0.90551
-0.905377
-0.901746
-0.90675
-0.905669
-0.903492
-0.904526
-0.907751
-0.905014
-0.90046
-0.900347
-0.900635
-0.902405
-0.902359
-0.902694
-0.898111
-0.904838
-0.906041
-0.905562
-0.904934
-0.90386
-0.905527
-0.903482
-0.901692
-0.900192
-0.896875
-0.906738
-0.904084
-0.897453
-0.904815
-0.906402
-0.9076
-0.907683
-0.906853
-0.906968
-0.906742
-0.907412
-0.90701
-0.905168
-0.905614
-0.906414
-0.906154
-0.90379
-0.901498
-0.902929
-0.903498
-0.900699
-0.907397
-0.908518
-0.905189
-0.897025
-0.904291
-0.903913
-0.907158
-0.90464
-0.905084
-0.901814
-0.898323
-0.905474
-0.907778
-0.906653
-0.908456
-0.90631
-0.904815
-0.906383
-0.906042
-0.909161
-0.909368
-0.908017
-0.90181
-0.901741
-0.90301
-0.905795
-0.905023
-0.899086
-0.900834
-0.900592
-0.903092
-0.905017
-0.907402
-0.906817
-0.9058
-0.905581
-0.90603
-0.905755
-0.906665
-0.908027
-0.905375
-0.906636
-0.904732
-0.907658
-0.906175
-0.898238
-0.906075
-0.904658
-0.896796
-0.899038
-0.900377
-0.905497
-0.889469
-0.834386
-0.806518
-0.802221
-0.82314
-0.828539
-0.84295
-0.837554
-0.833157
-0.836293
-0.829142
-0.831884
-0.838081
-0.851567
-0.846081
-0.826258
-0.831607
-0.82808
-0.832452
-0.84446
-0.847427
-0.842202
-0.88389
-0.897362
-0.894269
-0.901299
-0.89777
-0.897111
-0.905991
-0.908668
-0.907505
-0.905001
-0.907666
-0.907246
-0.905397
-0.906126
-0.904681
-0.902787
-0.901333
-0.904667
-0.903586
-0.902263
