-0.90077
-0.88918
-0.886911
-0.892078
-0.904565
-0.904865
-0.897591
-0.889606
-0.887158
-0.897719
-0.907065
-0.904856
-0.901578
-0.890189
-0.895089
-0.889766
-0.905982
-0.905147
-0.896612
-0.901801
-0.896757
-0.895383
-0.8873
-0.901444
-0.901516
-0.899009
-0.892943
-0.901465
-0.898554
-0.886981
-0.894464
-0.904862
-0.904769
-0.904759
-0.905813
-0.906141
-0.872983
-0.891188
-0.881444
-0.897018
-0.903153
-0.898549
-0.891796
-0.895477
-0.902886
-0.885631
-0.899802
-0.897372
-0.900688
-0.903939
-0.903576
-0.89409
-0.895304
-0.898283
-0.896144
-0.902478
-0.902632
-0.899573
-0.892802
-0.892868
-0.897362
-0.892768
-0.883528
-0.89779
-0.902902
-0.901107
-0.899951
-0.897286
-0.895771
-0.893669
-0.896667
-0.899996
-0.903125
-0.894347
-0.890505
-0.901172
-0.878651
-0.895902
-0.901204
-0.895226
-0.900595
-0.903061
-0.904042
-0.900699
-0.893961
-0.901552
-0.903329
-0.896594
-0.888939
-0.899524
-0.903984
-0.904876
-0.900089
-0.896163
-0.900394
-0.891114
-0.896658
-0.903543
-0.904126
-0.90426
-0.902242
-0.905192
-0.904116
-0.903714
-0.875762
-0.900187
-0.901091
-0.897491
-0.886393
-0.898059
-0.902293
-0.900723
-0.898848
-0.883769
-0.892194
-0.897246
-0.900383
-0.901471
-0.902142
-0.904482
-0.904147
-0.901204
-0.90356
-0.903368
-0.905902
-0.904351
-0.906698
-0.903544
-0.897178
-0.88606
-0.892237
-0.89415
-0.90093
-0.897477
-0.898936
-0.900499
-0.900483
-0.902185
-0.902654
-0.89621
-0.894314
-0.895459
-0.90468
-0.901098
-0.900991
-0.883074
-0.898385
-0.901118
-0.900994
-0.886452
-0.899909
-0.903941
-0.895161
-0.892208
-0.891767
-0.893869
-0.903424
-0.899789
-0.902433
-0.88628
-0.898505
-0.889358
-0.892367
-0.900635
-0.901877
-0.90251
-0.898959
-0.891965
-0.889887
-0.900464
-0.897559
-0.876323
-0.891426
-0.894502
-0.900892
-0.901496
-0.899764
-0.891607
-0.897645
-0.888834
-0.898511
-0.902038
-0.902449
-0.893758
-0.886133
-0.899829
-0.876244
-0.891501
-0.898753
-0.887956
-0.900256
-0.901663
-0.902667
-0.899504
-0.890003
-0.887927
-0.891577
-0.897232
-0.897652
-0.887668
-0.896238
-0.899349
-0.894884
-0.901686
-0.90011
-0.884757
-0.891736
-0.887666
-0.895553
-0.893761
-0.900084
-0.90382
-0.878534
-0.892708
-0.893327
-0.902896
-0.900799
-0.899033
-0.903519
-0.902871
-0.903368
-0.902006
-0.89004
-0.887362
-0.896365
-0.893038
-0.8982
-0.895671
-0.889495
-0.896845
-0.897812
-0.900276
-0.902629
-0.9015
-0.900822
-0.900821
-0.901693
-0.903079
-0.900678
-0.890803
-0.88647
-0.895793
-0.900783
-0.902755
-0.902967
-0.902512
-0.904038
-0.904154
-0.903764
-0.905233
-0.902096
-0.902004
-0.903263
-0.903355
-0.905017
-0.904811
-0.904408
-0.900069
-0.902999
-0.899499
-0.903687
-0.904794
-0.903957
-0.904038
-0.905753
-0.905122
-0.906642
-0.904848
-0.906299
-0.88305
-0.902994
-0.905949
-0.905672
-0.902552
-0.90427
-0.904358
-0.894458
-0.903753
-0.90494
-0.903368
-0.904125
-0.902627
-0.903391
-0.903959
-0.903347
-0.905305
-0.903748
-0.904881
-0.904033
-0.906211
-0.905632
-0.905759
-0.906278
-0.886128
-0.883738
-0.896954
-0.899499
-0.900394
-0.892776
-0.889043
-0.888168
-0.893095
-0.894227
-0.900191
-0.896666
-0.882681
-0.89574
-0.902068
-0.893007
-0.894427
-0.900446
-0.897317
-0.893435
-0.900042
-0.893274
-0.889078
-0.899516
-0.893962
-0.899141
-0.901083
-0.890809
-0.897078
-0.897868
-0.90221
-0.901533
-0.90195
-0.9012
-0.902204
-0.897112
-0.882089
-0.895639
-0.89941
-0.885676
-0.89813
-0.896807
-0.896448
-0.885233
-0.894821
-0.902473
-0.889891
-0.887322
-0.894737
-0.893445
-0.898879
-0.898137
-0.886658
-0.89149
-0.902695
-0.876961
-0.893683
-0.897667
-0.902718
-0.898674
-0.884972
-0.899332
-0.904791
-0.904762
-0.90503
-0.894418
-0.877744
-0.903739
-0.904984
-0.906205
-0.898415
-0.903054
-0.905605
-0.896563
-0.89518
-0.904343
-0.90448
-0.905531
-0.904438
-0.906082
-0.904228
-0.875433
-0.891799
-0.900999
-0.904674
-0.904774
-0.904061
-0.905481
-0.905681
-0.905208
-0.904559
-0.906666
-0.904661
-0.903284
-0.904134
-0.904482
-0.902821
-0.902435
-0.902204
-0.901097
-0.900675
-0.899207
-0.901565
-0.898769
-0.901017
-0.89868
-0.900537
-0.900861
-0.899401
-0.900561
-0.901273
-0.901312
-0.904107
-0.90521
-0.893174
-0.899692
-0.899613
-0.900671
-0.902246
-0.902294
-0.902253
-0.902987
-0.89898
-0.871371
-0.882915
-0.902478
-0.904428
-0.884522
-0.898585
-0.901823
-0.902848
-0.900592
-0.899946
-0.902428
-0.903301
-0.903706
-0.901445
-0.903018
-0.903563
-0.88938
-0.890939
-0.89202
-0.88887
-0.900092
-0.90195
-0.881176
-0.898128
-0.89873
-0.886501
-0.897936
-0.902405
-0.905622
-0.904046
-0.903821
-0.873712
-0.88833
-0.901072
-0.899743
-0.900474
-0.896475
-0.870867
-0.894337
-0.894263
-0.89967
-0.898821
-0.889597
-0.892
-0.891656
-0.89395
-0.892324
-0.898188
-0.896911
-0.899989
-0.899813
-0.902092
-0.882573
-0.892014
-0.891237
-0.89751
-0.902274
-0.897544
-0.896873
-0.90217
-0.899991
-0.89943
-0.899633
-0.89827
-0.898541
-0.897374
-0.878734
-0.892228
-0.900185
-0.903143
-0.888562
-0.887405
-0.896262
-0.878152
-0.898299
-0.884642
-0.893298
-0.901359
-0.899238
-0.891719
-0.880098
-0.90054
-0.888796
-0.902128
-0.900501
-0.876975
-0.881565
-0.895849
-0.894691
-0.889434
-0.893977
-0.898225
-0.904181
-0.902824
-0.871174
-0.8851
-0.881205
-0.895468
-0.900621
-0.902505
-0.870385
-0.887669
-0.889339
-0.900377
-0.893049
-0.899526
-0.888007
-0.893547
-0.887469
-0.902169
-0.900962
-0.881276
-0.88461
-0.891868
-0.891605
-0.87499
-0.889521
-0.891234
-0.903124
-0.900497
-0.905054
-0.884588
-0.895158
-0.877288
-0.889441
-0.891219
-0.900433
-0.902002
-0.90161
-0.90212
-0.902624
-0.903155
-0.860502
-0.868323
-0.898968
-0.903393
-0.903838
-0.902714
-0.90486
-0.903738
-0.870414
-0.886247
-0.875502
-0.89195
-0.899495
-0.903711
-0.901432
-0.903735
-0.901181
-0.891071
-0.871835
-0.885078
-0.89975
-0.894894
-0.898242
-0.891815
-0.887085
-0.875267
-0.898668
-0.889738
-0.889809
-0.888015
-0.897709
-0.899636
-0.884073
-0.884623
-0.901127
-0.878438
-0.897596
-0.895023
-0.903886
-0.903937
-0.868451
-0.879278
-0.899432
-0.874046
-0.891157
-0.887177
-0.875935
-0.888352
-0.896793
-0.899515
-0.897394
-0.879404
-0.894701
-0.895178
-0.905571
-0.903413
-0.882558
-0.88973
-0.882794
-0.890943
-0.886618
-0.895424
-0.896424
-0.898874
-0.889714
-0.874722
-0.893691
-0.882031
-0.894703
-0.899679
-0.900488
-0.901923
-0.894159
-0.887658
-0.899806
-0.890134
-0.871102
-0.886781
-0.885161
-0.879932
-0.904049
-0.904562
-0.903005
-0.890715
-0.888568
-0.897106
-0.898196
-0.894196
-0.885361
-0.890394
-0.892134
-0.898587
-0.87287
-0.881202
-0.886023
-0.893918
-0.893112
-0.890958
-0.875425
-0.890098
-0.895926
-0.900619
-0.902905
-0.878693
-0.88517
-0.900416
-0.889243
-0.901993
-0.872907
-0.885145
-0.890586
-0.89274
-0.896766
-0.883269
-0.880228
-0.903364
-0.895398
-0.889156
-0.892783
-0.882232
-0.888537
-0.885928
-0.890879
-0.896697
-0.901251
-0.893575
-0.891682
-0.870239
-0.895973
-0.882707
-0.901292
-0.90334
-0.901443
-0.898883
-0.878949
-0.897015
-0.898323
-0.901893
-0.905142
-0.886042
-0.885298
-0.894957
-0.88802
-0.890637
-0.894974
-0.857867
-0.875417
-0.893905
-0.886787
-0.893026
-0.882792
-0.887728
-0.884176
-0.900094
-0.898995
-0.880204
-0.891062
-0.903436
-0.901258
-0.892398
-0.8917
-0.892354
-0.885681
-0.905001
-0.904825
-0.876662
-0.885785
-0.89669
-0.875173
-0.897572
-0.900311
-0.900262
-0.901666
-0.903242
-0.900375
-0.901399
-0.874082
-0.879109
-0.887212
-0.896326
-0.90429
-0.890631
-0.872361
-0.890439
-0.900839
-0.901949
-0.896062
-0.902717
-0.90357
-0.874041
-0.878847
-0.897241
-0.89485
-0.901667
-0.900647
-0.891637
-0.886515
-0.881133
-0.894442
-0.893081
-0.897415
-0.900324
-0.895896
-0.895191
-0.896906
-0.896882
-0.87922
-0.888401
-0.877002
-0.895899
-0.896601
-0.896386
-0.893462
-0.89267
-0.892172
-0.886508
-0.897091
-0.88914
-0.892964
-0.898778
-0.901289
-0.88556
-0.886603
-0.891366
-0.87795
-0.893061
-0.896399
-0.89581
-0.892627
-0.886446
-0.893041
-0.895446
-0.888386
-0.870773
-0.895037
-0.900965
-0.899856
-0.90247
-0.884861
-0.8908
-0.897301
-0.888895
-0.886703
-0.877737
-0.886703
-0.899259
-0.898248
-0.900657
-0.891369
-0.881484
-0.883963
-0.890257
-0.904041
-0.903424
-0.894811
-0.886741
-0.877224
-0.887997
-0.902079
-0.903013
-0.903381
-0.881182
-0.895656
-0.892756
-0.881491
-0.884337
-0.897713
-0.893903
-0.898742
-0.895727
-0.88212
-0.884945
-0.876832
-0.879609
-0.882553
-0.896828
-0.891844
-0.894903
-0.895696
-0.89224
-0.886224
-0.881393
-0.905755
-0.87616
-0.890135
-0.89296
-0.898138
-0.898765
-0.890891
-0.89002
-0.886846
-0.894736
-0.880831
-0.893817
-0.901773
-0.90104
-0.873831
-0.885591
-0.896708
-0.893103
-0.885881
-0.885505
-0.893051
-0.894938
-0.896988
-0.900407
-0.896452
-0.896092
-0.88748
-0.883214
-0.892028
-0.894979
-0.905527
-0.896459
-0.903921
-0.901465
-0.90031
-0.904604
-0.903333
-0.892679
-0.88057
-0.889046
-0.888962
-0.898701
-0.898379
-0.898058
-0.894708
-0.899679
-0.875028
-0.893979
-0.895231
-0.897374
-0.900734
-0.90455
-0.899844
-0.897213
-0.902462
-0.901667
-0.900847
-0.903173
-0.902536
-0.870324
-0.874759
-0.892057
-0.89353
-0.901699
-0.901656
-0.879795
-0.885823
-0.899163
-0.898129
-0.870143
-0.889564
-0.889815
-0.891468
-0.887935
-0.898577
-0.901456
-0.894241
-0.901983
-0.900027
-0.903156
-0.899609
-0.889797
-0.903144
-0.904178
-0.897056
-0.903606
-0.900198
-0.882722
-0.882843
-0.896601
-0.893396
-0.890227
-0.892946
-0.882341
-0.888327
-0.896909
-0.896128
-0.899974
-0.902813
-0.886809
-0.886636
-0.88009
-0.888673
-0.890989
-0.899779
-0.901525
-0.895554
-0.8924
-0.886751
-0.8984
-0.902502
-0.890012
-0.895102
-0.897498
-0.898919
-0.899187
-0.900264
-0.90128
-0.900779
-0.901639
-0.901654
-0.898296
-0.880662
-0.895632
-0.90194
-0.897003
-0.901825
-0.890686
-0.898435
-0.893638
-0.900954
-0.90352
-0.904107
-0.902156
-0.90414
-0.904418
-0.905003
-0.906596
-0.903169
-0.871955
-0.888293
-0.883583
-0.899548
-0.905207
-0.905594
-0.902246
-0.902996
-0.902601
-0.906326
-0.904274
-0.903455
-0.906326
-0.905093
-0.905513
-0.904743
-0.906975
-0.904546
-0.902785
-0.904576
-0.905321
-0.904288
-0.904244
-0.903123
-0.905008
-0.904444
-0.905076
-0.905595
-0.904818
-0.904411
-0.904979
-0.90573
-0.902885
-0.903822
-0.902627
-0.902652
-0.904556
-0.903145
-0.90427
-0.903979
-0.902382
-0.903429
-0.903768
-0.904494
-0.90401
-0.902363
-0.902419
-0.901595
-0.903153
-0.902767
-0.903396
-0.90265
-0.900859
-0.902325
-0.90239
-0.899937
-0.903186
-0.903248
-0.901555
-0.902459
-0.902431
-0.902382
-0.901931
-0.904651
-0.902477
-0.903893
-0.901414
-0.902903
-0.904185
-0.902757
-0.902339
-0.902782
-0.903152
-0.900862
-0.904191
-0.902903
-0.90039
-0.903635
-0.902081
-0.902015
-0.902321
-0.900929
-0.901804
-0.901162
-0.902143
-0.898465
-0.902923
-0.902544
-0.903185
-0.90299
-0.902298
-0.901201
-0.902435
-0.903188
-0.901928
-0.901279
-0.901446
-0.900762
-0.902491
-0.901648
-0.901511
-0.903053
-0.902171
-0.900982
-0.899272
-0.901535
-0.901696
-0.902196
-0.901453
-0.90277
-0.90004
-0.900924
-0.901216
-0.900165
-0.899055
-0.900127
-0.899667
-0.901745
-0.900041
-0.900741
-0.899924
-0.901425
-0.897684
-0.900539
-0.902709
-0.900897
-0.902093
-0.899723
-0.901584
-0.897388
-0.901801
-0.901995
-0.903439
-0.901188
-0.899496
-0.900177
-0.90001
-0.902461
-0.902378
-0.90222
-0.902821
-0.900014
-0.901364
-0.900487
-0.900865
-0.90135
-0.901092
-0.902353
-0.901486
-0.898373
-0.900399
-0.900493
-0.897749
-0.897178
-0.899548
-0.902417
-0.899017
-0.898756
-0.899612
-0.901618
-0.898918
-0.902418
-0.899644
-0.898392
-0.900246
-0.900967
-0.900806
-0.900799
-0.900873
-0.897897
-0.901741
-0.90141
-0.900262
-0.90102
-0.89995
-0.90076
-0.901506
-0.900612
-0.901247
-0.901095
-0.900196
-0.900072
-0.901603
-0.90091
-0.898885
-0.899325
-0.899885
-0.900542
-0.901514
-0.901031
-0.898649
-0.902654
-0.901614
-0.900939
-0.901282
-0.898565
-0.900831
-0.898732
-0.899547
-0.898486
-0.899469
-0.897027
-0.899586
-0.897843
-0.898762
-0.900075
-0.900313
-0.899889
-0.900363
-0.897172
-0.898934
-0.900053
-0.899758
-0.898334
-0.898681
-0.899662
-0.899186
-0.898797
-0.898035
-0.899387
-0.899898
-0.902806
-0.900083
-0.900465
-0.901938
-0.903443
-0.902863
-0.899765
-0.867314
-0.88593
-0.898625
-0.898787
-0.904866
-0.868502
-0.886269
-0.893847
-0.89172
-0.872665
-0.881334
-0.896
-0.899191
-0.898343
-0.896573
-0.896148
-0.902734
-0.905111
-0.905018
-0.905068
-0.905509
-0.906444
-0.903997
-0.9069
-0.9058
-0.906509
-0.904794
-0.905254
-0.905579
-0.906406
-0.906239
-0.905113
-0.904025
-0.904634
-0.901417
-0.905028
-0.900533
-0.90126
-0.901813
-0.902515
-0.900665
-0.899578
-0.901781
-0.901692
-0.902092
-0.901569
-0.900337
-0.900007
-0.898478
-0.901289
-0.899341
-0.901403
-0.898859
-0.89947
-0.901805
-0.901138
-0.898527
-0.901684
-0.900912
-0.900356
-0.898728
-0.897157
-0.897101
-0.899851
-0.902168
-0.901185
-0.898598
-0.898577
-0.895859
-0.898443
-0.895644
-0.896243
-0.89676
-0.896235
-0.898533
-0.896519
-0.899712
-0.896993
-0.895603
-0.89753
-0.897638
-0.89882
-0.898142
-0.896467
-0.89887
-0.899258
-0.898976
-0.900535
-0.897856
-0.896141
-0.898241
-0.89995
-0.898006
-0.898338
-0.90108
-0.899782
-0.898916
-0.897172
-0.899395
-0.900314
-0.899342
-0.899541
-0.899952
-0.900407
-0.897196
-0.899742
-0.896817
-0.898228
-0.898857
-0.898579
-0.899716
-0.899774
-0.898181
-0.895472
-0.897348
-0.898076
-0.899374
-0.896344
-0.895249
-0.89694
-0.894799
-0.896565
-0.894613
-0.899283
-0.89705
-0.89684
-0.896071
-0.894071
-0.899064
-0.898992
-0.895797
-0.895355
-0.89722
-0.898587
-0.899495
-0.898026
-0.897946
-0.897731
-0.897964
-0.89938
-0.899116
-0.896221
-0.895268
-0.894982
-0.895858
-0.898441
-0.895227
-0.894224
-0.896172
-0.896511
-0.8979
-0.899185
-0.898017
-0.898389
-0.897768
-0.894638
-0.899496
-0.895146
-0.898227
-0.896366
-0.897087
-0.896502
-0.895281
-0.896813
-0.897465
-0.896599
-0.89635
-0.897755
-0.896266
-0.896828
-0.895638
-0.89678
-0.898149
-0.89803
-0.896721
-0.898347
-0.895701
-0.898161
-0.89645
-0.899694
-0.898117
-0.898182
-0.896701
-0.897609
-0.897408
-0.896057
-0.895579
-0.897108
-0.891115
-0.894871
-0.895797
-0.894913
-0.895567
-0.895986
-0.897684
-0.897169
-0.896347
-0.89616
-0.895771
-0.894869
-0.897656
-0.894438
-0.898171
-0.896236
-0.896666
-0.897407
-0.896346
-0.898191
-0.897837
-0.897461
-0.89673
-0.898303
-0.899292
-0.896018
-0.896254
-0.895514
-0.89505
-0.894209
-0.894006
-0.895293
-0.896912
-0.894599
-0.896872
-0.895062
-0.893159
-0.894552
-0.893476
-0.894402
-0.894032
-0.896243
-0.896078
-0.894573
-0.896234
-0.897355
-0.896151
-0.895065
-0.895841
-0.895163
-0.896662
-0.899442
-0.898916
-0.893273
-0.896123
-0.898421
-0.895049
-0.895614
-0.895319
-0.896538
-0.89567
-0.893943
-0.897029
-0.895535
-0.895467
-0.896213
-0.894034
-0.897499
-0.895109
-0.89103
-0.895208
-0.896952
-0.895291
-0.896276
-0.895782
-0.896788
-0.896028
-0.896032
-0.896917
-0.895966
-0.894569
-0.894877
-0.893621
-0.894384
-0.894708
-0.894214
-0.895446
-0.894243
-0.894811
-0.898082
-0.893459
-0.898185
-0.89803
-0.898479
-0.895518
-0.899171
-0.895244
-0.896568
-0.895563
-0.894214
-0.892131
-0.89413
-0.896087
-0.894569
-0.897437
-0.895012
-0.893604
-0.895055
-0.894268
-0.894184
-0.893427
-0.893889
-0.89488
-0.893646
-0.895027
-0.8948
-0.895595
-0.89494
-0.893012
-0.89657
-0.896355
-0.895763
-0.89572
-0.898438
-0.896779
-0.897205
-0.897809
-0.896792
-0.896866
-0.898919
-0.893533
-0.896778
-0.895893
-0.891743
-0.896237
-0.895783
-0.897599
-0.896041
-0.894872
-0.894026
-0.894732
-0.898012
-0.8952
-0.895444
-0.894589
-0.892069
-0.895812
-0.896022
-0.893282
-0.895114
-0.894909
-0.894905
-0.896588
-0.895815
-0.895935
-0.896265
-0.895051
-0.891167
-0.895495
-0.896017
-0.893292
-0.894922
-0.895815
-0.894823
-0.896154
-0.895152
-0.89431
-0.895981
-0.894622
-0.896072
-0.896143
-0.89412
-0.895222
-0.898249
-0.898246
-0.896724
-0.898288
-0.897315
-0.89778
-0.897583
-0.897377
-0.896981
-0.895982
-0.894747
-0.892247
-0.897316
-0.89094
-0.893536
-0.895022
-0.893359
-0.89449
-0.89228
-0.891798
-0.89163
-0.892927
-0.89621
-0.894154
-0.892153
-0.894501
-0.895277
-0.894244
-0.896895
-0.893948
-0.895053
-0.894141
-0.896111
-0.896459
-0.897729
-0.89884
-0.899271
-0.897948
-0.896599
-0.896462
-0.894342
-0.896835
-0.896412
-0.896309
-0.891306
-0.89493
-0.894606
-0.895592
-0.895518
-0.893035
-0.891096
-0.894367
-0.892328
-0.894963
-0.894869
-0.892675
-0.890495
-0.894901
-0.894917
-0.892197
-0.895114
-0.895287
-0.893909
-0.894026
-0.891936
-0.894722
-0.896573
-0.892628
-0.895379
-0.895257
-0.893819
-0.893302
-0.892762
-0.894885
-0.89501
-0.896333
-0.893975
-0.895439
-0.895537
-0.898469
-0.893998
-0.896202
-0.89442
-0.896222
-0.897937
-0.896445
-0.895119
-0.892729
-0.893253
-0.89421
-0.893635
-0.868888
-0.88395
-0.888459
-0.894304
-0.891277
-0.893354
-0.895089
-0.87167
-0.881535
-0.890428
-0.883068
-0.896786
-0.898563
-0.897374
-0.896556
-0.891529
-0.896218
-0.894703
-0.898214
-0.893062
-0.897525
-0.864995
-0.886354
-0.892408
-0.890735
-0.89852
-0.892397
-0.868187
-0.893812
-0.896987
-0.899431
-0.8973
-0.900293
-0.889854
-0.89619
-0.892499
-0.898661
-0.880684
-0.882348
-0.895406
-0.900584
-0.903
-0.895136
-0.884921
-0.896631
-0.877906
-0.898953
-0.900908
-0.901563
-0.884222
-0.902613
-0.894699
-0.877899
-0.896135
-0.895803
-0.904039
-0.902933
-0.90058
-0.901544
-0.90283
-0.900657
-0.898882
-0.899366
-0.898598
-0.901121
-0.897002
-0.901198
-0.903929
-0.902949
-0.90168
-0.897018
-0.901078
-0.898003
-0.895918
-0.900247
-0.903383
-0.90208
-0.899874
-0.87413
-0.890687
-0.888445
-0.904285
-0.897503
-0.904231
-0.900086
-0.899882
-0.89828
-0.895195
-0.896457
-0.897064
-0.89464
-0.896035
-0.893624
-0.895771
-0.894511
-0.899916
-0.899753
-0.899531
-0.897699
-0.898992
-0.896927
-0.89891
-0.899159
-0.895061
-0.896839
-0.896035
-0.893537
-0.897251
-0.895749
-0.896877
-0.896562
-0.899075
-0.896081
-0.894248
-0.892694
-0.894122
-0.897266
-0.893764
-0.888683
-0.894628
-0.896813
-0.896844
-0.897637
-0.894543
-0.895946
-0.896526
-0.895713
-0.896454
-0.893066
-0.896624
-0.895568
-0.894125
-0.895939
-0.895875
-0.894045
-0.896
-0.894192
-0.897457
-0.894923
-0.895183
-0.893495
-0.896708
-0.896048
-0.895589
-0.894609
-0.89632
-0.894144
-0.895303
-0.895889
-0.895507
-0.89422
-0.891447
-0.893656
-0.894098
-0.89414
-0.897998
-0.897145
-0.894159
-0.891938
-0.892052
-0.892873
-0.893382
-0.895218
-0.896646
-0.89612
-0.89058
-0.890547
-0.89144
-0.894985
-0.895664
-0.894396
-0.893016
-0.891206
-0.893379
-0.890902
-0.892039
-0.892302
-0.895081
-0.893067
-0.894819
-0.881722
-0.884307
-0.880396
-0.890193
-0.888835
-0.893965
-0.901715
-0.902716
-0.898531
-0.901881
-0.901859
-0.90386
-0.901711
-0.903377
-0.900409
-0.899417
-0.900678
-0.89908
-0.897507
-0.896338
-0.898364
-0.896809
-0.89501
-0.894494
-0.895814
-0.896271
-0.895096
-0.897444
-0.896984
-0.897395
-0.895677
-0.895215
-0.896421
-0.896594
-0.896116
-0.894457
-0.895996
-0.893038
-0.896763
-0.896912
-0.895078
-0.89207
-0.895766
-0.894471
-0.895573
-0.891956
-0.896238
-0.892207
-0.895087
-0.892504
-0.894643
-0.89207
-0.893989
-0.893916
-0.894668
-0.89292
-0.89187
-0.892952
-0.89376
-0.894375
-0.89206
-0.889636
-0.893853
-0.896095
-0.894025
-0.891019
-0.892905
-0.893635
-0.893237
-0.894209
-0.89396
-0.896761
-0.893566
-0.89292
-0.893018
-0.892904
-0.892998
-0.893881
-0.893732
-0.894834
-0.891103
-0.896483
-0.89292
-0.894385
-0.894674
-0.891848
-0.894151
-0.893232
-0.895993
-0.895878
-0.896483
-0.895775
-0.896234
-0.89636
-0.893889
-0.895937
-0.895371
-0.892755
-0.893531
-0.896306
-0.895535
-0.892773
-0.892602
-0.895384
-0.89355
-0.893016
-0.893391
-0.894727
-0.894163
-0.893989
-0.895684
-0.894836
-0.895866
-0.894472
-0.895374
-0.894287
-0.897161
-0.89646
-0.89508
-0.895004
-0.895946
-0.894873
-0.895818
-0.894584
-0.893322
-0.895344
-0.894439
-0.892327
-0.897422
-0.893038
-0.894262
-0.894355
-0.889052
-0.895494
-0.893135
-0.896406
-0.892593
-0.894678
-0.894203
-0.89402
-0.893887
-0.893584
-0.894412
-0.892224
-0.896124
-0.895547
-0.89552
-0.894302
-0.895718
-0.894567
-0.893793
-0.894163
-0.894284
-0.896847
-0.893849
-0.893859
-0.895913
-0.895748
-0.895531
-0.895079
-0.894261
-0.893628
-0.894083
-0.893806
-0.895929
-0.894419
-0.891908
-0.894571
-0.894641
-0.896905
-0.895369
-0.895905
-0.895932
-0.896693
-0.895731
-0.895512
-0.894627
-0.895507
-0.893792
-0.893126
-0.89311
-0.891964
-0.893811
-0.894307
-0.895873
-0.892218
-0.895051
-0.895529
-0.893608
-0.894616
-0.895743
-0.895093
-0.895158
-0.89065
-0.891879
-0.892638
-0.89205
-0.895571
-0.896407
-0.893414
-0.893971
-0.894304
-0.894165
-0.892253
-0.89412
-0.893661
-0.893158
-0.893396
-0.892877
-0.895688
-0.893134
-0.894324
-0.896242
-0.894445
-0.897163
-0.897318
-0.897701
-0.89665
-0.896111
-0.899325
-0.898002
-0.898545
-0.89773
-0.897168
-0.892405
-0.894797
-0.891969
-0.89309
-0.891886
-0.892958
-0.873951
-0.88899
-0.886859
-0.889142
-0.890786
-0.899174
-0.892778
-0.892752
-0.869734
-0.890006
-0.89232
-0.888946
-0.893329
-0.898352
-0.902164
-0.903563
-0.891521
-0.880845
-0.891824
-0.880956
-0.892907
-0.897525
-0.898674
-0.893126
-0.880836
-0.893472
-0.892626
-0.903318
-0.903978
-0.892594
-0.873959
-0.883133
-0.890011
-0.894997
-0.895526
-0.871862
-0.878341
-0.887424
-0.888308
-0.885953
-0.886129
-0.861358
-0.888894
-0.894724
-0.896564
-0.889804
-0.893121
-0.893932
-0.89308
-0.897213
-0.895482
-0.893703
-0.897524
-0.894094
-0.89405
-0.89217
-0.897249
-0.891708
-0.890274
-0.89103
-0.892436
-0.889757
-0.893859
-0.896812
-0.894388
-0.893088
-0.890596
-0.888777
-0.888957
-0.886549
-0.892855
-0.890014
-0.88793
-0.900092
-0.899454
-0.900214
-0.883474
-0.894493
-0.870537
-0.893019
-0.894737
-0.871853
-0.888206
-0.895828
-0.898893
-0.899148
-0.89445
-0.890384
-0.892017
-0.893529
-0.898026
-0.892501
-0.894674
-0.894199
-0.868456
-0.885107
-0.887415
-0.900177
-0.896968
-0.881841
-0.87785
-0.898654
-0.890697
-0.88709
-0.882679
-0.895434
-0.898961
-0.899128
-0.893899
-0.89723
-0.901024
-0.898189
-0.897755
-0.893524
-0.895427
-0.888251
-0.892991
-0.890987
-0.898434
-0.898143
-0.874714
-0.873814
-0.893988
-0.896551
-0.885237
-0.878657
-0.886547
-0.897551
-0.894655
-0.895591
-0.893216
-0.896204
-0.892197
-0.895622
-0.89173
-0.900757
-0.899794
-0.897159
-0.900321
-0.898381
-0.900086
-0.89858
-0.896411
-0.896327
-0.898268
-0.899891
-0.895766
-0.896734
-0.893899
-0.896815
-0.894567
-0.894854
-0.896159
-0.894744
-0.882707
-0.887659
-0.900291
-0.904624
-0.878108
-0.877135
-0.889897
-0.893471
-0.869411
-0.88322
-0.89362
-0.892833
-0.895279
-0.898772
-0.897234
-0.880861
-0.881876
-0.875061
-0.871065
-0.879808
-0.889559
-0.893737
-0.863518
-0.876469
-0.886087
-0.887674
-0.895168
-0.894865
-0.895421
-0.897623
-0.893297
-0.895395
-0.888174
-0.897013
-0.892952
-0.895018
-0.886795
-0.889099
-0.87218
-0.879244
-0.883931
-0.886281
-0.870288
-0.842552
-0.877062
-0.890061
-0.89583
-0.897442
-0.896052
-0.892303
-0.890731
-0.890827
-0.891736
-0.89457
-0.894935
-0.893922
-0.893673
-0.893551
-0.896576
-0.890888
-0.892618
-0.891834
-0.894922
-0.895378
-0.894046
-0.895391
-0.893922
-0.894828
-0.891871
-0.896394
-0.894714
-0.894878
-0.894845
-0.89261
-0.895392
-0.895875
-0.894161
-0.891581
-0.894924
-0.895162
-0.893869
-0.894742
-0.897
-0.89204
-0.897075
-0.896307
-0.896484
-0.894541
-0.891972
-0.894253
-0.894938
-0.89737
-0.891887
-0.889263
-0.895669
-0.894958
-0.893201
-0.895434
-0.896085
-0.893822
-0.89681
-0.894276
-0.894058
-0.893863
-0.891666
-0.895979
-0.893148
-0.895012
-0.89582
-0.896135
-0.89657
-0.895258
-0.896597
-0.894961
-0.896717
-0.893753
-0.896323
-0.897215
-0.892774
-0.896956
-0.893685
-0.89371
-0.893679
-0.895675
-0.895248
-0.896917
-0.894852
-0.896046
-0.894778
-0.895131
-0.895083
-0.891235
-0.891859
-0.894614
-0.897318
-0.892323
-0.895215
-0.890542
-0.895195
-0.895283
-0.89443
-0.895778
-0.897401
-0.894548
-0.895187
-0.895171
-0.896183
-0.895319
-0.895361
-0.893925
-0.894602
-0.896819
-0.897947
-0.898454
-0.898749
-0.894463
-0.896413
-0.894548
-0.8956
-0.893633
-0.894615
-0.897848
-0.894728
-0.895209
-0.894917
-0.894351
-0.892348
-0.894311
-0.893266
-0.896192
-0.896722
-0.893842
-0.898934
-0.895947
-0.897163
-0.896899
-0.897965
-0.89572
-0.896991
-0.895679
-0.894064
-0.897396
-0.89525
-0.89418
-0.894957
-0.891155
-0.893239
-0.894668
-0.894917
-0.893529
-0.896087
-0.896173
-0.894778
-0.895639
-0.895538
-0.892288
-0.895866
-0.895615
-0.896634
-0.896885
-0.895807
-0.897861
-0.896542
-0.896943
-0.895728
-0.894183
-0.894193
-0.895911
-0.898181
-0.89475
-0.895876
-0.894658
-0.89632
-0.892233
-0.89573
-0.896166
-0.89489
-0.894353
-0.898474
-0.897681
-0.896417
-0.845575
-0.883443
-0.892998
-0.886387
-0.88355
-0.881554
-0.878761
-0.887854
-0.893649
-0.889905
-0.883337
-0.874764
-0.895774
-0.897194
-0.900968
-0.884154
-0.891491
-0.89259
-0.893452
-0.883806
-0.889877
-0.892671
-0.893863
-0.892862
-0.872029
-0.873104
-0.893117
-0.89825
-0.880385
-0.881357
-0.877985
-0.883029
-0.892768
-0.895541
-0.894582
-0.891975
-0.893453
-0.896032
-0.898989
-0.898972
-0.897944
-0.89685
-0.89519
-0.896544
-0.892909
-0.89731
-0.898481
-0.890746
-0.894724
-0.896831
-0.896724
-0.897969
-0.898485
-0.897093
-0.897081
-0.899117
-0.895623
-0.896185
-0.894042
-0.89612
-0.898882
-0.897438
-0.89519
-0.896507
-0.895609
-0.899201
-0.89692
-0.895929
-0.897079
-0.894412
-0.895706
-0.896641
-0.893389
-0.895729
-0.89777
-0.893941
-0.897462
-0.897217
-0.89795
-0.895923
-0.898412
-0.898569
-0.897805
-0.898557
-0.898995
-0.894329
-0.893931
-0.897195
-0.894889
-0.895412
-0.89299
-0.894781
-0.893323
-0.892828
-0.896697
-0.895261
-0.894023
-0.893466
-0.894461
-0.896498
-0.895974
-0.894582
-0.895969
-0.894301
-0.896659
-0.8953
-0.892976
-0.897164
-0.896285
-0.895244
-0.897385
-0.894168
-0.897399
-0.893596
-0.897273
-0.896617
-0.894735
-0.899227
-0.896851
-0.897999
-0.896217
-0.896459
-0.895469
-0.897545
-0.895358
-0.896084
-0.895557
-0.896334
-0.897009
-0.894966
-0.89515
-0.898237
-0.895004
-0.898046
-0.894701
-0.89458
-0.89704
-0.89748
-0.891961
-0.894539
-0.896129
-0.895864
-0.896351
-0.89675
-0.894386
-0.89788
-0.892985
-0.894569
-0.895335
-0.898089
-0.896382
-0.89569
-0.897168
-0.892868
-0.897549
-0.89727
-0.895614
-0.897125
-0.894861
-0.894544
-0.892433
-0.896311
-0.896373
-0.898475
-0.896532
-0.893839
-0.892555
-0.895138
-0.896257
-0.898143
-0.895615
-0.89409
-0.893668
-0.893839
-0.898742
-0.89743
-0.897756
-0.896088
-0.895901
-0.897686
-0.897663
-0.894211
-0.893083
-0.896255
-0.895953
-0.894322
-0.896265
-0.892754
-0.848469
-0.891244
-0.880337
-0.881829
-0.893121
-0.900036
-0.886627
-0.893114
-0.897998
-0.882137
-0.881779
-0.893165
-0.898581
-0.884449
-0.892125
-0.90111
-0.895307
-0.889019
-0.897414
-0.900292
-0.883225
-0.884595
-0.897462
-0.896465
-0.896937
-0.888476
-0.897446
-0.896651
-0.893753
-0.893578
-0.896772
-0.896036
-0.896545
-0.896176
-0.895967
-0.895398
-0.893647
-0.897462
-0.895164
-0.897298
-0.895481
