bad volumes, zero indexed (FSL style)
620
1104
1105
1223
1224
1225
1229
1230
1231
1246
1261
1262
1263
1309
1310
1311
1361
1362
1363
1370
1371
1372
1753
1754
1755
1762
1763
1768
1769
1770
1776
1777
1845
1846
1847
1848
1849
1850
1859
1860
1861
1862
1863
1864
1869
1870
1871
1872
1873
1874
1875
1876
1877
1878
1884
1885
1886
1887
1888
1889
1892
1893
1894
1895
1897
1898
1899
1900
1901
1903
1904
1905
1906
1907
1908
1918
2010
2015
2016
2017
2018
2019
2020
2021
2022
2023
2024
2025
2026
2027
2028
2029
2030
2031
2032
2033
2034
2035
2036
2037
2038
2039
2040
2041
2042
2043
2044
2045
2046
2047
2048
2049
2050
2051
2052
2053
2057
2058
2059
2060
2061
2062
2063
2072
2073
2074
2076
2077
2079
2134
2152
2153
2154
2155
2156
2157
2158
2159
2161
2413
2414
2415
2416
2417
2418
2419
2420
2440
2441
2442
2444
2445
2446
2447
2448
2449
2450
2461
2462
2463
2465
2466
2835
2836
2837
2838
2839
2840
2841
2842
2843
2844
2845
2846
2857
2858
2859
2860
2861
2866
2867
2868
2872
2873
