bad volumes, zero indexed (FSL style)
30
80
115
142
377
397
435
518
530
563
603
631
645
661
713
717
729
730
741
754
781
787
788
815
816
820
850
871
883
885
889
890
930
1110
1124
1125
1145
1148
1153
1154
1159
1185
1222
1225
1226
1238
1239
1244
1245
1246
1247
1249
1255
1261
1270
1273
1274
1275
1276
1289
1296
1297
1298
1308
1314
1319
1320
1321
1322
1323
1324
1325
1333
1343
1344
1345
1346
1347
1348
1349
1364
1367
1368
1369
1370
1371
1372
1373
1374
1746
1747
1756
1762
1764
1766
1767
1768
1769
1770
1771
1775
1776
1777
1778
1779
1784
1788
1790
1791
1792
1793
1794
1795
1796
1797
1798
1840
1844
1845
1846
1847
1848
1849
1850
1854
1864
1869
1870
1871
1872
1873
1874
2018
2027
2042
2043
2044
2045
2046
2047
2048
2049
2058
2059
2060
2061
2062
2063
2064
2065
2071
2075
2076
2077
2078
2079
2080
2081
2132
2133
2138
2147
2155
2156
2157
2158
2159
2160
2161
2162
2163
2293
2294
2300
2304
2340
2341
2413
2414
2415
2416
2417
2418
2419
2420
2421
2422
2425
2428
2429
2438
2439
2444
2445
2446
2447
2448
2449
2450
2451
2458
2459
2460
2461
2462
2463
2464
2465
2466
2467
2831
2832
2833
2834
2835
2836
2841
2842
2843
2844
2845
2846
2851
2852
2853
2855
2857
2858
2859
2860
2861
2862
2866
2867
2868
2872
2874
2876
2882
