-0.886852
-0.898707
-0.893905
-0.892872
-0.899021
-0.884494
-0.884099
-0.858304
-0.850558
-0.869554
-0.895495
-0.893884
-0.892299
-0.875786
-0.872718
-0.88581
-0.853718
-0.85812
-0.901155
-0.899574
-0.90172
-0.8418
-0.881814
-0.884973
-0.87238
-0.877774
-0.877778
-0.877626
-0.880989
-0.887306
-0.861506
-0.862053
-0.890121
-0.892342
-0.896067
-0.894113
-0.895984
-0.897804
-0.896049
-0.89684
-0.900048
-0.89171
-0.890894
-0.900687
-0.903951
-0.906004
-0.905347
-0.906033
-0.904498
-0.902747
-0.901267
-0.902866
-0.90192
-0.885865
-0.87887
-0.892714
-0.899908
-0.89148
-0.875657
-0.905523
-0.910473
-0.888871
-0.890593
-0.891511
-0.893485
-0.891302
-0.903861
-0.897613
-0.89945
-0.897667
-0.906633
-0.907715
-0.907742
-0.910069
-0.90938
-0.908899
-0.909136
-0.910305
-0.907574
-0.87784
-0.853733
-0.896046
-0.882609
-0.895627
-0.880414
-0.892611
-0.895704
-0.899341
-0.905438
-0.90548
-0.906686
-0.90692
-0.904473
-0.90276
-0.903991
-0.901536
-0.904825
-0.849826
-0.885401
-0.904157
-0.906769
-0.900691
-0.908156
-0.904078
-0.90662
-0.90794
-0.907358
-0.906798
-0.907588
-0.907448
-0.904486
-0.905951
-0.906756
-0.903877
-0.902401
-0.871956
-0.868532
-0.884882
-0.901282
-0.899582
-0.901262
-0.906669
-0.909819
-0.908588
-0.91132
-0.911997
-0.912187
-0.911466
-0.910874
-0.906833
-0.90837
-0.907992
-0.910955
-0.905669
-0.906509
-0.907625
-0.906452
-0.908484
-0.907405
-0.905714
-0.903891
-0.903938
-0.856785
-0.882497
-0.887215
-0.885417
-0.88258
-0.899076
-0.903246
-0.902898
-0.900285
-0.899942
-0.901034
-0.902224
-0.901733
-0.903011
-0.898755
-0.906323
-0.905064
-0.904095
-0.904129
-0.905168
-0.903549
-0.903722
-0.903148
-0.906451
-0.907701
-0.903145
-0.903853
-0.912203
-0.904709
-0.907369
-0.90843
-0.907205
-0.905192
-0.898719
-0.899833
-0.899638
-0.899452
-0.898796
-0.895836
-0.902515
-0.908103
-0.907022
-0.908076
-0.907552
-0.906831
-0.909615
-0.911235
-0.910313
-0.910554
-0.906636
-0.90334
-0.906822
-0.902866
-0.903348
-0.899893
-0.899176
-0.903801
-0.906373
-0.909871
-0.906659
-0.906731
-0.912462
-0.911423
-0.911862
-0.90912
-0.909645
-0.910802
-0.908053
-0.907963
-0.907715
-0.90926
-0.904643
-0.902406
-0.901515
-0.899622
-0.902099
-0.894891
-0.881644
-0.884568
-0.893824
-0.893177
-0.90429
-0.90379
-0.908108
-0.907987
-0.903458
-0.900986
-0.899485
-0.903665
-0.903476
-0.904851
-0.898554
-0.898498
-0.900062
-0.893982
-0.894012
-0.900386
-0.897843
-0.899512
-0.889593
-0.891152
-0.893557
-0.892559
-0.890815
-0.895181
-0.894963
-0.909941
-0.906182
-0.907062
-0.903645
-0.902846
-0.904672
-0.906024
-0.905908
-0.901698
-0.904432
-0.902483
-0.901723
-0.897105
-0.896018
-0.895926
-0.889208
-0.874507
-0.896841
-0.897598
-0.903101
-0.872977
-0.883153
-0.879062
-0.891129
-0.895231
-0.895664
-0.886265
-0.88253
-0.884778
-0.834128
-0.818365
-0.797791
-0.816271
-0.885603
-0.896542
-0.88793
-0.878343
-0.852853
-0.825754
-0.816237
-0.8416
-0.891995
-0.894794
-0.838653
-0.864303
-0.862254
-0.877497
-0.900216
-0.857633
-0.901579
-0.904041
-0.898263
-0.898573
-0.903709
-0.886104
-0.901854
-0.906239
-0.907096
-0.889433
-0.870679
-0.90326
-0.897511
-0.909395
-0.886069
-0.898902
-0.899464
-0.909473
-0.909695
-0.912467
-0.910004
-0.912942
-0.911469
-0.912746
-0.907424
-0.908631
-0.907644
-0.905963
-0.903667
-0.905035
-0.907429
-0.902347
-0.905275
-0.902549
-0.904611
-0.903901
-0.911164
-0.909491
-0.911399
-0.915247
-0.907214
-0.913553
-0.911645
-0.912503
-0.910944
-0.911315
-0.912809
-0.912299
-0.882367
-0.903189
-0.90447
-0.909938
-0.912414
-0.908855
-0.910314
-0.90998
-0.912865
-0.91304
-0.90672
-0.913215
-0.910841
-0.914704
-0.91216
-0.912059
-0.910104
-0.910507
-0.910739
-0.910958
-0.913526
-0.911551
-0.910023
-0.909662
-0.908861
-0.906023
-0.909916
-0.908071
-0.907707
-0.904869
-0.899898
-0.898614
-0.871939
-0.891526
-0.906051
-0.909827
-0.909134
-0.913381
-0.9119
-0.905052
-0.901638
-0.907819
-0.909544
-0.907208
-0.902163
-0.900695
-0.903973
-0.9007
-0.898518
-0.898756
-0.901195
-0.89901
-0.879475
-0.902389
-0.905949
-0.905275
-0.901505
-0.901182
-0.900747
-0.898475
-0.891627
-0.892946
-0.89927
-0.902759
-0.902299
-0.905221
-0.893347
-0.894725
-0.899578
-0.903474
-0.900687
-0.876234
-0.905406
-0.912474
-0.908022
-0.897505
-0.899013
-0.908587
-0.910163
-0.909676
-0.911761
-0.91171
-0.914121
-0.911471
-0.907228
-0.910987
-0.907577
-0.903016
-0.906885
-0.903215
-0.876495
-0.89496
-0.897565
-0.892319
-0.89563
-0.89817
-0.890837
-0.904465
-0.908316
-0.912045
-0.909034
-0.911978
-0.908793
-0.909661
-0.90892
-0.911807
-0.911749
-0.913693
-0.909996
-0.913299
-0.911431
-0.908968
-0.907101
-0.907658
-0.905942
-0.90539
-0.907672
-0.9097
-0.908327
-0.892375
-0.893344
-0.902409
-0.89937
-0.903419
-0.900752
-0.898536
-0.900745
-0.899776
-0.901409
-0.89797
-0.898407
-0.901713
-0.901712
-0.897329
-0.899032
-0.896223
-0.896955
-0.896306
-0.894913
-0.893922
-0.892729
-0.894504
-0.893806
-0.892714
-0.893934
-0.895299
-0.892998
-0.897143
-0.89445
-0.889366
-0.895753
-0.899136
-0.900253
-0.901248
-0.90104
-0.901132
-0.899508
-0.902961
-0.900939
-0.900056
-0.896169
-0.893825
-0.894404
-0.892968
-0.892407
-0.893336
-0.87263
-0.892146
-0.903237
-0.905947
-0.906417
-0.901425
-0.895888
-0.852322
-0.886469
-0.872836
-0.864165
-0.869485
-0.859455
-0.85165
-0.844727
-0.88305
-0.848731
-0.858145
-0.845116
-0.859437
-0.827396
-0.870955
-0.878242
-0.876759
-0.871283
-0.877222
-0.88549
-0.884537
-0.87216
-0.87991
-0.888973
-0.888069
-0.890505
-0.889606
-0.867321
-0.890149
-0.900296
-0.895575
-0.88381
-0.892506
-0.900148
-0.903579
-0.903195
-0.905046
-0.904589
-0.895258
-0.882226
-0.904273
-0.907407
-0.905951
-0.90207
-0.888834
-0.884634
-0.904783
-0.905999
-0.90648
-0.90826
-0.908852
-0.88563
-0.89095
-0.904659
-0.909674
-0.907262
-0.878261
-0.906662
-0.907466
-0.909945
-0.908036
-0.909598
-0.907535
-0.907542
-0.908961
-0.903185
-0.909042
-0.9058
-0.907316
-0.905949
-0.903653
-0.903858
-0.902926
-0.904507
-0.902121
-0.891536
-0.90213
-0.905092
-0.900629
-0.89908
-0.894731
-0.86115
-0.887676
-0.864661
-0.887834
-0.865437
-0.868954
-0.890444
-0.861813
-0.883114
-0.875865
-0.855344
-0.840253
-0.856343
-0.893008
-0.870867
-0.889484
-0.87288
-0.859819
-0.860102
-0.802155
-0.78792
-0.779305
-0.796552
-0.878457
-0.86832
-0.875244
-0.861389
-0.889683
-0.88712
-0.892881
-0.884696
-0.886632
-0.821582
-0.884127
-0.902174
-0.900992
-0.900534
-0.876505
-0.881222
-0.876185
-0.864065
-0.884419
-0.889439
-0.889475
-0.900474
-0.904492
-0.867503
-0.890354
-0.902837
-0.905082
-0.897978
-0.895827
-0.882459
-0.893076
-0.869451
-0.899708
-0.898981
-0.904536
-0.896592
-0.892067
-0.896476
-0.892754
-0.86513
-0.886264
-0.889596
-0.893953
-0.885373
-0.885147
-0.874058
-0.894852
-0.903636
-0.899492
-0.886791
-0.908102
-0.90925
-0.848239
-0.884285
-0.889797
-0.8956
-0.896473
-0.899026
-0.90562
-0.902476
-0.901765
-0.901828
-0.847191
-0.890559
-0.897821
-0.884494
-0.89861
-0.900703
-0.906766
-0.905118
-0.903718
-0.903519
-0.906949
-0.909171
-0.909436
-0.907349
-0.909223
-0.907096
-0.906182
-0.905342
-0.89172
-0.900044
-0.903819
-0.908572
-0.906719
-0.904612
-0.90506
-0.902712
-0.856488
-0.871568
-0.845713
-0.877342
-0.895877
-0.869774
-0.902064
-0.868887
-0.88223
-0.882738
-0.834259
-0.844757
-0.839202
-0.847164
-0.881666
-0.87731
-0.868501
-0.86698
-0.879215
-0.824798
-0.840424
-0.889985
-0.894861
-0.896993
-0.888035
-0.86139
-0.850794
-0.843166
-0.823948
-0.861009
-0.887808
-0.857107
-0.873717
-0.867291
-0.888455
-0.888982
-0.895447
-0.827712
-0.876082
-0.872308
-0.88879
-0.872291
-0.876082
-0.885499
-0.859419
-0.890542
-0.883775
-0.871931
-0.888303
-0.902599
-0.905622
-0.90828
-0.883812
-0.888209
-0.891356
-0.9007
-0.902134
-0.904053
-0.88596
-0.894078
-0.877027
-0.893821
-0.895432
-0.907911
-0.898909
-0.893894
-0.902648
-0.896671
-0.901955
-0.898234
-0.899249
-0.861777
-0.882451
-0.89226
-0.890176
-0.899826
-0.900818
-0.855467
-0.87099
-0.885008
-0.901209
-0.899031
-0.892483
-0.882523
-0.890175
-0.841953
-0.823698
-0.881112
-0.891138
-0.88467
-0.870427
-0.851711
-0.85028
-0.835757
-0.827742
-0.884001
-0.865892
-0.874424
-0.858019
-0.867235
-0.819766
-0.871627
-0.85327
-0.871247
-0.872524
-0.821895
-0.846396
-0.896163
-0.894835
-0.894435
-0.864528
-0.884183
-0.885662
-0.895369
-0.853184
-0.895247
-0.877715
-0.867635
-0.888955
-0.890976
-0.891328
-0.882422
-0.891863
-0.858929
-0.883179
-0.887329
-0.89319
-0.893227
-0.861816
-0.833944
-0.864683
-0.882998
-0.895481
-0.876114
-0.873982
-0.862877
-0.862674
-0.870916
-0.872186
-0.895179
-0.803909
-0.88694
-0.894316
-0.894436
-0.891888
-0.885943
-0.88363
-0.887242
-0.887789
-0.88557
-0.885846
-0.886526
-0.885389
-0.886097
-0.885632
-0.886873
-0.88553
-0.88562
-0.885707
-0.883661
-0.887594
-0.864368
-0.890315
-0.872253
-0.850055
-0.824953
-0.813129
-0.863992
-0.872949
-0.867984
-0.866068
-0.879699
-0.890669
-0.865752
-0.878211
-0.859971
-0.887495
-0.895385
-0.887906
-0.828297
-0.880247
-0.896216
-0.890717
-0.892543
-0.894315
-0.883922
-0.886019
-0.88598
-0.883448
-0.887486
-0.891235
-0.889534
-0.884371
-0.888112
-0.887842
-0.89066
-0.889063
-0.883995
-0.889501
-0.88577
-0.891997
-0.870266
-0.88487
-0.887878
-0.892368
-0.892111
-0.892393
-0.892376
-0.886687
-0.891866
-0.892037
-0.89695
-0.888933
-0.885499
-0.88414
-0.885976
-0.886269
-0.884849
-0.885817
-0.880183
-0.875043
-0.885887
-0.886891
-0.886823
-0.888426
-0.888369
-0.891338
-0.888848
-0.88786
-0.890495
-0.890439
-0.889191
-0.891454
-0.890774
-0.890791
-0.889832
-0.889167
-0.888993
-0.889194
-0.883553
-0.88592
-0.887573
-0.892705
-0.891183
-0.892334
-0.893359
-0.890306
-0.89302
-0.891996
-0.895865
-0.895081
-0.890738
-0.891359
-0.893936
-0.894262
-0.890664
-0.893136
-0.893076
-0.894261
-0.891233
-0.88297
-0.885492
-0.89191
-0.889318
-0.888995
-0.888992
-0.888773
-0.891456
-0.888612
-0.893611
-0.893693
-0.892592
-0.892638
-0.896041
-0.894566
-0.893846
-0.894292
-0.894924
-0.892653
-0.894227
-0.893329
-0.893468
-0.894274
-0.896635
-0.891363
-0.892549
-0.893727
-0.893719
-0.892808
-0.893357
-0.892785
-0.891027
-0.892382
-0.892546
-0.893138
-0.891615
-0.89147
-0.894719
-0.896111
-0.8929
-0.892959
-0.894901
-0.894226
-0.8911
-0.89238
-0.892981
-0.889688
-0.894338
-0.890177
-0.896544
-0.894941
-0.893418
-0.893302
-0.894026
-0.893999
-0.896341
-0.897051
-0.896942
-0.896463
-0.895438
-0.893856
-0.896795
-0.895506
-0.896921
-0.894099
-0.89444
-0.895502
-0.894818
-0.894152
-0.895494
-0.868652
-0.894221
-0.88921
-0.885846
-0.867509
-0.862817
-0.890227
-0.89832
-0.887782
-0.886187
-0.891552
-0.893809
-0.898823
-0.885022
-0.89092
-0.891607
-0.890995
-0.895235
-0.894133
-0.893869
-0.892148
-0.895871
-0.897543
-0.896789
-0.898395
-0.898816
-0.893155
-0.898273
-0.890268
-0.890785
-0.892859
-0.889452
-0.892859
-0.889674
-0.892142
-0.891011
-0.888768
-0.895756
-0.893427
-0.893658
-0.890901
-0.886013
-0.892488
-0.89626
-0.895587
-0.893791
-0.897309
-0.895526
-0.891467
-0.891393
-0.884283
-0.87994
-0.888895
-0.882171
-0.887517
-0.888067
-0.886488
-0.862909
-0.888401
-0.890746
-0.879588
-0.869613
-0.861281
-0.801015
-0.729656
-0.768671
-0.863891
-0.871314
-0.864527
-0.836707
-0.844961
-0.848355
-0.812073
-0.818617
-0.798526
-0.793356
-0.826616
-0.864234
-0.889442
-0.847148
-0.864542
-0.859846
-0.853386
-0.862098
-0.789076
-0.846505
-0.881131
-0.884044
-0.881963
-0.886158
-0.886088
-0.892263
-0.884236
-0.884185
-0.87714
-0.88397
-0.880869
-0.882791
-0.887126
-0.884866
-0.885732
-0.886476
-0.879306
-0.879208
-0.884966
-0.830467
-0.847885
-0.85153
-0.846079
-0.863971
-0.8654
-0.874865
-0.876067
-0.840428
-0.84352
-0.848291
-0.852016
-0.851837
-0.853816
-0.851335
-0.873339
-0.883489
-0.886028
-0.885736
-0.87139
-0.87195
-0.867689
-0.877471
-0.817548
-0.78955
-0.786083
-0.850869
-0.881002
-0.875522
-0.887391
-0.87142
-0.879325
-0.884562
-0.87757
-0.879201
-0.875968
-0.876051
-0.880053
-0.880769
-0.881646
-0.854282
-0.883147
-0.881502
-0.883879
-0.877871
-0.875581
-0.88461
-0.886005
-0.878218
-0.879596
-0.874249
-0.873409
-0.87168
-0.83618
-0.812109
-0.787416
-0.800481
-0.862763
-0.87833
-0.874321
-0.78703
-0.841475
-0.860983
-0.880936
-0.865877
-0.858954
-0.878724
-0.880552
-0.849453
-0.799855
-0.786907
-0.793408
-0.858676
-0.873432
-0.881218
-0.865482
-0.87548
-0.822577
-0.75581
-0.742567
-0.768259
-0.857809
-0.84931
-0.840808
-0.78294
-0.76632
-0.765269
-0.839595
-0.832018
-0.840429
-0.84299
-0.860513
-0.840496
-0.799101
-0.869691
-0.876333
-0.876583
-0.85941
-0.847138
-0.834404
-0.790723
-0.78171
-0.825356
-0.866314
-0.832625
-0.866825
-0.878976
-0.875813
-0.863651
-0.852981
-0.842424
-0.858326
-0.862304
-0.847196
-0.866122
-0.846135
-0.783877
-0.742431
-0.738819
-0.813915
-0.846948
-0.832446
-0.856255
-0.872913
-0.870373
-0.854976
-0.854993
-0.856283
-0.827536
-0.814534
-0.793209
-0.817595
-0.872488
-0.883826
-0.886089
-0.890097
-0.880474
-0.878987
-0.881374
-0.877452
-0.8183
-0.795451
-0.787093
-0.855133
-0.799631
-0.809895
-0.823512
-0.83562
-0.792851
-0.798614
-0.833312
-0.822445
-0.810461
-0.848351
-0.87258
-0.863467
-0.86284
-0.867227
-0.866078
-0.87093
-0.868145
-0.838563
-0.84659
-0.817746
-0.777465
-0.742979
-0.751034
-0.807873
-0.849667
-0.813314
-0.833893
-0.848604
-0.822661
-0.842958
-0.846905
-0.784933
-0.788711
-0.806655
-0.800489
-0.806554
-0.848929
-0.885488
-0.881293
-0.877838
-0.877391
-0.878474
-0.878466
-0.878566
-0.872865
-0.83801
-0.821581
-0.858672
-0.845138
-0.856836
-0.86373
-0.865932
-0.865315
-0.871166
-0.839728
-0.820278
-0.791291
-0.788824
-0.796575
-0.816109
-0.836103
-0.872796
-0.878443
-0.878882
-0.879581
-0.883027
-0.881918
-0.882208
-0.87426
-0.816315
-0.81277
-0.805424
-0.770404
-0.782113
-0.772785
-0.801343
-0.833409
-0.838589
-0.79616
-0.831275
-0.787635
-0.775744
-0.769215
-0.76092
-0.784331
-0.815815
-0.880235
-0.882743
-0.884052
-0.884258
-0.883523
-0.881257
-0.884531
-0.887055
-0.881483
-0.888906
-0.874078
-0.885971
-0.886252
-0.890353
-0.883883
-0.88799
-0.88439
-0.887512
-0.884939
-0.889109
-0.883519
-0.88977
-0.88923
-0.889453
-0.890512
-0.891069
-0.890633
-0.885104
-0.88774
-0.887005
-0.886814
-0.889248
-0.888472
-0.88997
-0.888522
-0.892456
-0.888472
-0.888366
-0.888559
-0.893049
-0.888634
-0.887285
-0.888843
-0.890262
-0.889613
-0.887958
-0.885041
-0.881587
-0.878308
-0.884056
-0.89384
-0.893471
-0.890993
-0.893393
-0.886832
-0.890916
-0.89053
-0.892069
-0.891602
-0.895088
-0.889306
-0.892609
-0.893399
-0.894001
-0.892365
-0.891376
-0.88953
-0.89293
-0.889602
-0.887993
-0.892376
-0.892777
-0.891234
-0.889314
-0.892658
-0.893294
-0.895426
-0.892686
-0.89343
-0.894517
-0.897063
-0.894348
-0.891232
-0.894402
-0.893561
-0.89316
-0.889592
-0.895843
-0.888766
-0.894325
-0.893769
-0.893129
-0.890085
-0.895173
-0.894436
-0.893713
-0.889938
-0.890601
-0.890505
-0.892763
-0.895998
-0.893563
-0.892087
-0.893012
-0.893976
-0.894197
-0.894227
-0.893535
-0.895192
-0.889772
-0.893133
-0.895643
-0.895044
-0.892485
-0.890533
-0.889109
-0.89244
-0.88758
-0.892763
-0.890488
-0.888921
-0.891344
-0.889408
-0.890966
-0.891572
-0.887352
-0.888675
-0.8887
-0.891086
-0.889172
-0.891164
-0.889303
-0.88611
-0.888373
-0.891402
-0.889792
-0.89196
-0.891591
-0.89498
-0.89574
-0.892491
-0.89403
-0.893562
-0.893317
-0.891752
-0.891239
-0.897455
-0.897794
-0.89563
-0.894948
-0.897377
-0.896017
-0.898233
-0.894214
-0.895336
-0.891626
-0.896471
-0.895103
-0.897354
-0.894334
-0.891369
-0.896284
-0.897986
-0.895738
-0.891096
-0.893065
-0.896374
-0.896169
-0.895984
-0.892883
-0.893479
-0.897925
-0.890263
-0.89615
-0.89253
-0.887902
-0.893612
-0.890308
-0.89343
-0.894238
-0.894691
-0.894141
-0.893156
-0.889377
-0.893752
-0.890993
-0.898483
-0.89136
-0.89249
-0.894774
-0.893057
-0.89445
-0.890481
-0.891883
-0.896475
-0.894182
-0.896441
-0.889325
-0.892903
-0.897103
-0.89936
-0.898341
-0.896211
-0.89228
-0.894018
-0.894096
-0.896967
-0.892611
-0.894129
-0.893612
-0.890279
-0.888823
-0.892062
-0.889755
-0.89136
-0.889655
-0.890757
-0.890278
-0.889117
-0.885644
-0.890894
-0.894459
-0.894584
-0.893739
-0.894645
-0.892818
-0.895054
-0.890081
-0.895781
-0.898764
-0.890311
-0.891554
-0.891654
-0.894
-0.894734
-0.895409
-0.898073
-0.893124
-0.895301
-0.891476
-0.894843
-0.893933
-0.894531
-0.894525
-0.896542
-0.890378
-0.895353
-0.895399
-0.893593
-0.896318
-0.897526
-0.893776
-0.895401
-0.898206
-0.893176
-0.893365
-0.896808
-0.895847
-0.896275
-0.896358
-0.896564
-0.899933
-0.894849
-0.899106
-0.894109
-0.898003
-0.89823
-0.899641
-0.901982
-0.894044
-0.897258
-0.896895
-0.89833
-0.900548
-0.89539
-0.897569
-0.897227
-0.896998
-0.899972
-0.895644
-0.897098
-0.897395
-0.895462
-0.895628
-0.895493
-0.891131
-0.890361
-0.889309
-0.891567
-0.890093
-0.892167
-0.884462
-0.886246
-0.891474
-0.889193
-0.893138
-0.89476
-0.897837
-0.897095
-0.894499
-0.894111
-0.897078
-0.897209
-0.892485
-0.889418
-0.893273
-0.898487
-0.894393
-0.899046
-0.900375
-0.893861
-0.897011
-0.898105
-0.896628
-0.901499
-0.898007
-0.898236
-0.897163
-0.898601
-0.89703
-0.889902
-0.89266
-0.898462
-0.899893
-0.892037
-0.89508
-0.89496
-0.89765
-0.893938
-0.894338
-0.89283
-0.893914
-0.894742
-0.895696
-0.897034
-0.899602
-0.896256
-0.894311
-0.90063
-0.89969
-0.899429
-0.889579
-0.894782
-0.898053
-0.898305
-0.89108
-0.890996
-0.892698
-0.896549
-0.890063
-0.891625
-0.893887
-0.895433
-0.896114
-0.891828
-0.89341
-0.893401
-0.894766
-0.89313
-0.899182
-0.898801
-0.897508
-0.896776
-0.895415
-0.896687
-0.898568
-0.880806
-0.890706
-0.893226
-0.853027
-0.859185
-0.824082
-0.832967
-0.848859
-0.845753
-0.844332
-0.833824
-0.825937
-0.775014
-0.754706
-0.759116
-0.829883
-0.841202
-0.838001
-0.845878
-0.838802
-0.847446
-0.770719
-0.777763
-0.81328
-0.838608
-0.822963
-0.799638
-0.753917
-0.738319
-0.758148
-0.7981
-0.861876
-0.854377
-0.855767
-0.791295
-0.723821
-0.71185
-0.815176
-0.856141
-0.865149
-0.870219
-0.867378
-0.86663
-0.824873
-0.843966
-0.845762
-0.826402
-0.804908
-0.806062
-0.825369
-0.792036
-0.786007
-0.801912
-0.793804
-0.824943
-0.786515
-0.815454
-0.856056
-0.86884
-0.862086
-0.873049
-0.86758
-0.866192
-0.868608
-0.868309
-0.869945
-0.86868
-0.871015
-0.872953
-0.869753
-0.877103
-0.865081
-0.870721
-0.866852
-0.869028
-0.875815
-0.874659
-0.870889
-0.872165
-0.871332
-0.872981
-0.866931
-0.874022
-0.871224
-0.867644
-0.868128
-0.866152
-0.867031
-0.874378
-0.875991
-0.86849
-0.865579
-0.863018
-0.863372
-0.868129
-0.867301
-0.870761
-0.871433
-0.86485
-0.822576
-0.802027
-0.813744
-0.815877
-0.802676
-0.758975
-0.768016
-0.779802
-0.737943
-0.764057
-0.776489
-0.820604
-0.816425
-0.824885
-0.809152
-0.800178
-0.803325
-0.804649
-0.787591
-0.782961
-0.762156
-0.749168
-0.742768
-0.756108
-0.769417
-0.819655
-0.827796
-0.833123
-0.816915
-0.770758
-0.752065
-0.724132
-0.690378
-0.65639
-0.70263
-0.766475
-0.770349
-0.778063
-0.779379
-0.78471
-0.790773
-0.786447
-0.787236
-0.785331
-0.776696
-0.780737
-0.781092
-0.780808
-0.780024
-0.78233
-0.785792
-0.788428
-0.773044
-0.779501
-0.775725
-0.775714
-0.784925
-0.781254
-0.774652
-0.777384
-0.775168
-0.783891
-0.78474
-0.775638
-0.778688
-0.780412
-0.776433
-0.778303
-0.78367
-0.787042
-0.790259
-0.789356
-0.794773
-0.801139
-0.790036
-0.791516
-0.790542
-0.78736
-0.78227
-0.7874
-0.791219
-0.79193
-0.789283
-0.786502
-0.784544
-0.793072
-0.794479
-0.791194
-0.794391
-0.793305
-0.786556
-0.78988
-0.786996
-0.786296
-0.786156
-0.794279
-0.790314
-0.787595
-0.789913
-0.785167
-0.791086
-0.785469
-0.789944
-0.785411
-0.789831
-0.791031
-0.793158
-0.788279
-0.786455
-0.785444
-0.795357
-0.795236
-0.794135
-0.794883
-0.798115
-0.796164
-0.797127
-0.796166
-0.796078
-0.794058
-0.789177
-0.795262
-0.792679
-0.794979
-0.794868
-0.793167
-0.790849
-0.790892
-0.794525
-0.792602
-0.794105
-0.792555
-0.793388
-0.795219
-0.788135
-0.790546
-0.786499
-0.79052
-0.790963
-0.792088
-0.791834
-0.797033
-0.795488
-0.792026
-0.791849
-0.788537
-0.792744
-0.790474
-0.796216
-0.794901
-0.79412
-0.791745
-0.793986
-0.78877
-0.794515
-0.793902
-0.797447
-0.797569
-0.797325
-0.796358
-0.797018
-0.794851
-0.794784
-0.796054
-0.800765
-0.794721
-0.790803
-0.795742
-0.801311
-0.800715
-0.782177
-0.790402
-0.788525
-0.790394
-0.789428
-0.781159
-0.78142
-0.775769
-0.738668
-0.752282
-0.73817
-0.735572
-0.748007
-0.762933
-0.77354
-0.773118
-0.781322
-0.745398
-0.73734
-0.757668
-0.762494
-0.755555
-0.759887
-0.752465
-0.755389
-0.718548
-0.69048
-0.688094
-0.708117
-0.719497
-0.722911
-0.746347
-0.726434
-0.664611
-0.703656
-0.727976
-0.766245
-0.783248
-0.706384
-0.720078
-0.754105
-0.775086
-0.776469
-0.751296
-0.791185
-0.802279
-0.794211
-0.779859
-0.746419
-0.698106
-0.736904
-0.757947
-0.737962
-0.736677
-0.785043
-0.825668
-0.877955
-0.89499
-0.892378
-0.88986
-0.885065
-0.800728
-0.732038
-0.753045
-0.754402
-0.813951
-0.758394
-0.757219
-0.786471
-0.768955
-0.826166
-0.878206
-0.894162
-0.89872
-0.899139
-0.890269
-0.89178
-0.889812
-0.888283
-0.887291
-0.890993
-0.88911
-0.88605
-0.880411
-0.891077
-0.890467
-0.887406
-0.895223
-0.890461
-0.892368
-0.893363
-0.898118
-0.898291
-0.896572
-0.902035
-0.904752
-0.896252
-0.896771
-0.893742
-0.898945
-0.902624
-0.89765
-0.898504
-0.895744
-0.89667
-0.894668
-0.896766
-0.89935
-0.892164
-0.882039
-0.884702
-0.883667
-0.88127
-0.889275
-0.893366
-0.886482
-0.89511
-0.892695
-0.90014
-0.896304
-0.89524
-0.889075
-0.872944
-0.838699
-0.771321
-0.815966
-0.850922
-0.833949
-0.851544
-0.841547
-0.850055
-0.844339
-0.833911
-0.837973
-0.845736
-0.857828
-0.851986
-0.836077
-0.828658
-0.810732
-0.839677
-0.820078
-0.750921
-0.730797
-0.745134
-0.696646
-0.766458
-0.731479
-0.761364
-0.769753
-0.78468
-0.762784
-0.822774
-0.869306
-0.888248
-0.885344
-0.891098
-0.884219
-0.891141
-0.89039
-0.887922
-0.888599
-0.894489
-0.891536
-0.89005
-0.890065
-0.888972
-0.890277
-0.886673
-0.88915
-0.893879
-0.89707
-0.892299
-0.892161
-0.889441
-0.893664
-0.887476
-0.886212
-0.892516
-0.895392
-0.895102
-0.895692
-0.893454
-0.878967
-0.893484
-0.894759
-0.891953
-0.887904
-0.890244
-0.886006
-0.890009
-0.889755
-0.89017
-0.890409
-0.89044
-0.892588
-0.890196
-0.889202
-0.889816
-0.88975
-0.891453
-0.891973
-0.892187
-0.892187
-0.891693
-0.89582
-0.889879
-0.891268
-0.890466
-0.893222
-0.893899
-0.894098
-0.897586
-0.897291
-0.900613
-0.905245
-0.902319
-0.902334
-0.902961
-0.897595
-0.900267
-0.898189
-0.895123
-0.893037
-0.903929
-0.903992
-0.898398
-0.901045
-0.903058
-0.900923
-0.896913
-0.895876
-0.902124
-0.902251
-0.901716
-0.902931
-0.895824
-0.904888
-0.902313
-0.899544
-0.900363
-0.90139
-0.899707
-0.896066
-0.898771
-0.9004
-0.896923
-0.899698
-0.894521
-0.898176
-0.894737
-0.8968
-0.897957
-0.898669
-0.899045
-0.899721
-0.898017
-0.900344
-0.900553
-0.901098
-0.901187
-0.896364
-0.900269
-0.898851
-0.898333
-0.895698
-0.896222
-0.896618
-0.900224
-0.900606
-0.90034
-0.906268
-0.903171
-0.904239
-0.896525
-0.899219
-0.895843
-0.900145
-0.896388
-0.895261
-0.896984
-0.894454
-0.901317
-0.849072
-0.858156
-0.858244
-0.860039
-0.865172
-0.861191
-0.860965
-0.851237
-0.852382
-0.856547
-0.854841
-0.854383
-0.871451
-0.867041
-0.864681
-0.86771
-0.865872
-0.864977
-0.865352
-0.867977
-0.865537
-0.863494
-0.86553
-0.865419
-0.861974
-0.869169
-0.866421
-0.865842
-0.863819
-0.86471
-0.863856
-0.861495
-0.855089
-0.86296
-0.864153
-0.864656
-0.864414
-0.86801
-0.862968
-0.866724
-0.868421
-0.868652
-0.865968
-0.864575
-0.859886
-0.862846
-0.857037
-0.843145
-0.856992
-0.886582
-0.888559
-0.887507
-0.886589
-0.887563
-0.883579
-0.885554
-0.887871
-0.893901
-0.894589
-0.890763
-0.896482
-0.887236
-0.891305
-0.892079
-0.896483
-0.895293
-0.893397
-0.895388
-0.893748
-0.900394
-0.896199
-0.896634
-0.891536
-0.891684
-0.896266
-0.895842
-0.901454
-0.900596
-0.90003
-0.898023
-0.894976
-0.895963
-0.897893
-0.892124
-0.895113
-0.894035
-0.897709
-0.899272
-0.896021
-0.896941
-0.89948
-0.89925
-0.895822
-0.89815
-0.899953
-0.892357
-0.897057
-0.903773
-0.898093
-0.902445
-0.90099
-0.895098
-0.89643
-0.899872
-0.896753
-0.898636
-0.895859
-0.893986
-0.894832
-0.902067
-0.896774
-0.893867
-0.89706
-0.899088
-0.896927
-0.898589
-0.895684
-0.8922
-0.891246
-0.896464
-0.754823
-0.708074
-0.763455
-0.772508
-0.703217
-0.719835
-0.729408
-0.772302
-0.816169
-0.849901
-0.865368
-0.862049
-0.849336
-0.793586
-0.796409
-0.804762
-0.828322
-0.863166
-0.872693
-0.87864
-0.881683
-0.872276
-0.864801
-0.869847
-0.871446
-0.863022
-0.790181
-0.757177
-0.675923
-0.749284
-0.803433
-0.770209
-0.754682
-0.725193
-0.766346
-0.664369
-0.754172
-0.769205
-0.843378
-0.845908
-0.853813
-0.856044
-0.864143
-0.85656
-0.859892
-0.832945
-0.792981
-0.786902
-0.763125
-0.760078
-0.779229
-0.793925
-0.778556
-0.761395
-0.857045
-0.885722
-0.89554
-0.900909
-0.902341
-0.898133
-0.895798
-0.893053
-0.897374
-0.898245
-0.893481
-0.892783
-0.899516
-0.891457
-0.898537
-0.897972
-0.890607
-0.895282
-0.895989
-0.897925
-0.89263
-0.895038
-0.893685
-0.896376
-0.895591
-0.898203
-0.895298
-0.89396
-0.895308
-0.896414
-0.894949
-0.901596
-0.902122
-0.900464
-0.899086
-0.895719
-0.889975
-0.87744
-0.87417
-0.877114
-0.895469
-0.895502
-0.891557
-0.897243
-0.896651
-0.90034
-0.897905
-0.897359
-0.901172
-0.896314
-0.888975
-0.886079
-0.887964
-0.885318
-0.883166
-0.885998
-0.889744
-0.894725
-0.893277
-0.899736
-0.901083
-0.901206
-0.898836
-0.900097
-0.894325
-0.901454
-0.902006
-0.900996
-0.903437
-0.900991
-0.904372
-0.896784
-0.904325
-0.903125
-0.900873
-0.899141
-0.902019
-0.901197
-0.901292
-0.90144
-0.899797
-0.897098
-0.895835
-0.898695
-0.90162
-0.901907
-0.89868
-0.901543
-0.900683
-0.89511
-0.900254
-0.902328
-0.902022
-0.902604
-0.90235
-0.900359
-0.900834
-0.8996
-0.901267
-0.901536
-0.90057
-0.903599
-0.904549
-0.901876
-0.903283
-0.90109
-0.900701
-0.902064
-0.897149
-0.90028
-0.90262
-0.901966
-0.898926
-0.900057
-0.899312
-0.901223
-0.893068
-0.899118
-0.903611
-0.903532
-0.900887
-0.90527
-0.901369
-0.900769
-0.902176
-0.896197
-0.901729
-0.899735
-0.900272
-0.899667
-0.898117
-0.89929
-0.898669
-0.898654
-0.896727
-0.896745
-0.899364
-0.894347
-0.897078
-0.894114
-0.898131
-0.895649
-0.897199
-0.894773
-0.900305
-0.90202
-0.90075
-0.899261
-0.903355
-0.893535
-0.898249
-0.899588
-0.897947
-0.897741
-0.896462
-0.900817
-0.891253
-0.897797
-0.89636
-0.9
-0.899599
-0.896917
-0.897442
-0.89941
-0.89948
-0.899524
-0.898327
-0.895626
-0.895283
-0.895852
-0.893211
-0.897014
-0.899105
-0.899125
-0.8964
-0.898856
-0.896961
-0.899511
-0.90138
-0.902928
-0.903475
-0.902792
-0.903336
-0.897597
-0.90311
-0.898487
-0.897009
-0.899942
-0.901398
-0.901207
-0.899314
-0.897903
-0.901127
-0.89981
-0.900779
-0.900018
-0.899285
-0.90423
-0.89607
-0.892784
-0.899894
-0.899651
-0.90301
-0.900747
-0.898743
-0.891812
-0.897493
-0.894456
-0.894818
-0.892029
-0.900853
-0.89715
-0.89556
-0.898843
-0.898884
-0.90442
-0.902085
-0.900755
-0.901171
-0.896672
-0.901503
-0.902086
-0.895862
-0.90024
-0.899455
-0.89946
-0.900309
-0.900487
-0.904221
-0.905502
-0.903392
-0.893587
-0.903895
-0.902455
-0.899483
-0.899159
-0.90052
-0.901408
-0.897474
-0.902729
-0.899662
-0.899499
-0.902562
-0.893623
-0.897834
-0.899766
-0.902688
-0.902096
-0.899211
-0.897548
-0.8946
-0.895737
-0.901117
-0.898419
-0.896021
-0.899479
-0.898648
-0.890989
-0.892437
-0.896658
-0.898021
-0.899666
-0.894334
-0.895361
-0.897299
-0.895703
-0.887051
-0.892419
-0.885846
-0.895592
-0.888992
-0.888538
-0.890184
-0.889549
-0.892293
-0.894501
-0.897472
-0.882004
-0.882078
-0.884981
-0.885133
-0.894055
-0.897849
-0.89301
-0.893097
-0.85263
-0.866438
-0.878326
-0.888419
-0.882787
-0.886187
-0.887728
-0.891825
-0.897701
-0.897194
-0.899035
-0.894848
-0.887418
-0.878909
-0.878539
-0.86083
-0.864292
-0.872604
-0.869259
-0.881964
-0.885006
-0.879069
-0.880549
-0.882024
-0.876958
-0.879398
-0.881804
-0.878125
-0.883958
-0.882311
-0.883425
-0.875872
-0.878884
-0.88026
-0.876205
-0.878606
-0.876734
-0.880572
-0.884407
-0.882009
-0.877818
-0.880567
-0.886213
-0.89397
-0.894011
-0.897486
-0.8973
-0.899058
-0.897305
-0.894105
-0.892842
-0.893705
-0.893946
-0.892948
-0.890043
-0.892307
-0.895154
-0.897022
-0.89181
-0.88624
-0.879928
-0.883922
-0.882796
-0.880167
-0.884545
-0.884874
-0.880223
-0.881938
-0.883817
-0.882825
-0.884909
-0.887727
-0.880608
-0.879077
-0.880903
-0.87799
-0.886602
-0.883724
-0.885813
-0.873715
-0.831459
-0.831228
-0.829784
-0.780107
-0.721399
-0.737545
-0.745051
-0.768547
-0.762996
-0.770072
-0.756785
-0.760329
-0.744883
-0.717007
-0.743716
-0.812657
-0.818739
-0.819482
-0.830336
-0.796264
-0.825082
-0.835103
-0.809062
-0.810058
-0.808079
-0.775409
-0.746214
-0.745872
-0.743907
-0.727757
-0.807506
-0.892316
-0.89996
-0.856669
-0.753039
-0.660901
-0.74141
-0.796519
-0.798108
-0.796995
-0.74841
-0.760414
-0.804151
-0.820158
-0.820987
-0.818682
-0.806623
-0.82332
-0.829101
-0.822956
-0.813381
-0.813866
-0.818832
-0.823711
-0.823346
-0.824256
-0.825983
-0.821465
-0.826453
-0.825888
-0.828435
-0.826545
