-0.896627
-0.896022
-0.89349
-0.903492
-0.897066
-0.882466
-0.890362
-0.891833
-0.892557
-0.891168
-0.889677
-0.885993
-0.892018
-0.890529
-0.891327
-0.886558
-0.882187
-0.884668
-0.888499
-0.903666
-0.902787
-0.879944
-0.890334
-0.879596
-0.891119
-0.904143
-0.906427
-0.906069
-0.903811
-0.905494
-0.852872
-0.868827
-0.897492
-0.904411
-0.903757
-0.901032
-0.903966
-0.902185
-0.902601
-0.900686
-0.902474
-0.885452
-0.901892
-0.90055
-0.892671
-0.894407
-0.892392
-0.893387
-0.892002
-0.891718
-0.888495
-0.892383
-0.893373
-0.871181
-0.888564
-0.894079
-0.892178
-0.882923
-0.882433
-0.894672
-0.89941
-0.881782
-0.893531
-0.894379
-0.8937
-0.883937
-0.89274
-0.897281
-0.888066
-0.888448
-0.898439
-0.89928
-0.89817
-0.898228
-0.898567
-0.89655
-0.896039
-0.895493
-0.893363
-0.872237
-0.86315
-0.896902
-0.895876
-0.896438
-0.887171
-0.901338
-0.902735
-0.898911
-0.898081
-0.897932
-0.897841
-0.900412
-0.901855
-0.900653
-0.902189
-0.899229
-0.899593
-0.877265
-0.875254
-0.89608
-0.890693
-0.890361
-0.89484
-0.892468
-0.892685
-0.896636
-0.896921
-0.894177
-0.891663
-0.89453
-0.890882
-0.891067
-0.8911
-0.892983
-0.890802
-0.861798
-0.8788
-0.892345
-0.893472
-0.888707
-0.892094
-0.89319
-0.896014
-0.893688
-0.897021
-0.897253
-0.8933
-0.896026
-0.893025
-0.889141
-0.89239
-0.890755
-0.893176
-0.889859
-0.890405
-0.891777
-0.890275
-0.892825
-0.891458
-0.891314
-0.890728
-0.889045
-0.855596
-0.888098
-0.90365
-0.90015
-0.891755
-0.902897
-0.903692
-0.901179
-0.900419
-0.89997
-0.902547
-0.903581
-0.9024
-0.900424
-0.891591
-0.897234
-0.899261
-0.897857
-0.897161
-0.897172
-0.894273
-0.895929
-0.894576
-0.893634
-0.891985
-0.893872
-0.89339
-0.894978
-0.891493
-0.886735
-0.891404
-0.892533
-0.892777
-0.890134
-0.891684
-0.892668
-0.888986
-0.893016
-0.891252
-0.890348
-0.891382
-0.888825
-0.89413
-0.889945
-0.891438
-0.889883
-0.889513
-0.889864
-0.890014
-0.888912
-0.893888
-0.891987
-0.892292
-0.893256
-0.888821
-0.888686
-0.884241
-0.887603
-0.890368
-0.884588
-0.886845
-0.891554
-0.893279
-0.892067
-0.890022
-0.888387
-0.888572
-0.890199
-0.892173
-0.891564
-0.893715
-0.890365
-0.893615
-0.890535
-0.891491
-0.89231
-0.888614
-0.887086
-0.888164
-0.886434
-0.877443
-0.887668
-0.884916
-0.889537
-0.892789
-0.895154
-0.893257
-0.891256
-0.889728
-0.891127
-0.89501
-0.893964
-0.893387
-0.895115
-0.895998
-0.894796
-0.893505
-0.891505
-0.882169
-0.889132
-0.893803
-0.895929
-0.896476
-0.89514
-0.872144
-0.880944
-0.889223
-0.892379
-0.882205
-0.884899
-0.894107
-0.894926
-0.893845
-0.894663
-0.892649
-0.896734
-0.894355
-0.895346
-0.893678
-0.894083
-0.895472
-0.892716
-0.870591
-0.893893
-0.895761
-0.898412
-0.880858
-0.883568
-0.889993
-0.87872
-0.888544
-0.888783
-0.878424
-0.888058
-0.887364
-0.891316
-0.892527
-0.890913
-0.892769
-0.876349
-0.892658
-0.879538
-0.880105
-0.882368
-0.893627
-0.892835
-0.890249
-0.884861
-0.891344
-0.865065
-0.869514
-0.892718
-0.879142
-0.893623
-0.881535
-0.878045
-0.894476
-0.891625
-0.890431
-0.898355
-0.885503
-0.887319
-0.896432
-0.898077
-0.887984
-0.873792
-0.875676
-0.878888
-0.891121
-0.872827
-0.883626
-0.878521
-0.888283
-0.887554
-0.891155
-0.888019
-0.891529
-0.889505
-0.89206
-0.890274
-0.891054
-0.889408
-0.88971
-0.879946
-0.887035
-0.887555
-0.885639
-0.889756
-0.884115
-0.892123
-0.883263
-0.890378
-0.888616
-0.890082
-0.889772
-0.891155
-0.888642
-0.890282
-0.889815
-0.888845
-0.886763
-0.890662
-0.890956
-0.881625
-0.887917
-0.890188
-0.887529
-0.888949
-0.885921
-0.889853
-0.889726
-0.889049
-0.890299
-0.879875
-0.888138
-0.886248
-0.890168
-0.887905
-0.889052
-0.88735
-0.888883
-0.885888
-0.890713
-0.891682
-0.887109
-0.889497
-0.887901
-0.888188
-0.890971
-0.88317
-0.885214
-0.888348
-0.889575
-0.893887
-0.893541
-0.857341
-0.869305
-0.88794
-0.888552
-0.885785
-0.892513
-0.890517
-0.88411
-0.882788
-0.886479
-0.888761
-0.888638
-0.889991
-0.88938
-0.891319
-0.89285
-0.893383
-0.891134
-0.892453
-0.893263
-0.861832
-0.886126
-0.885227
-0.886053
-0.888701
-0.888435
-0.885893
-0.877977
-0.89122
-0.893215
-0.89127
-0.89058
-0.888991
-0.890092
-0.874112
-0.876114
-0.884223
-0.891219
-0.892031
-0.875354
-0.886214
-0.891216
-0.884846
-0.88213
-0.874795
-0.88897
-0.89023
-0.891522
-0.890712
-0.890342
-0.888852
-0.888877
-0.886599
-0.889215
-0.890516
-0.892072
-0.891663
-0.888641
-0.861794
-0.87761
-0.87954
-0.874169
-0.896355
-0.896273
-0.882679
-0.891551
-0.889872
-0.887395
-0.883378
-0.888599
-0.887823
-0.885765
-0.887115
-0.888693
-0.891299
-0.890298
-0.889356
-0.89093
-0.890604
-0.888769
-0.888583
-0.888779
-0.887337
-0.887591
-0.892101
-0.891152
-0.890616
-0.878377
-0.880636
-0.88782
-0.89058
-0.885754
-0.890495
-0.893582
-0.889076
-0.889724
-0.891649
-0.889092
-0.888807
-0.883032
-0.893033
-0.8933
-0.892964
-0.891957
-0.89278
-0.893729
-0.892456
-0.893224
-0.891735
-0.892261
-0.89256
-0.895082
-0.883966
-0.891563
-0.889155
-0.88599
-0.888062
-0.890732
-0.886938
-0.887453
-0.889672
-0.891954
-0.890265
-0.893329
-0.891856
-0.891602
-0.890225
-0.894933
-0.892885
-0.891577
-0.893285
-0.891937
-0.890068
-0.892597
-0.873534
-0.889903
-0.886505
-0.885293
-0.887486
-0.885314
-0.883433
-0.862696
-0.881038
-0.889425
-0.885439
-0.889014
-0.88849
-0.893024
-0.867725
-0.888244
-0.868922
-0.882319
-0.867909
-0.861789
-0.875185
-0.890373
-0.886404
-0.897012
-0.891833
-0.890444
-0.893558
-0.888873
-0.872402
-0.891277
-0.894576
-0.893755
-0.893172
-0.897119
-0.870999
-0.887046
-0.891441
-0.894328
-0.884842
-0.870458
-0.87836
-0.882537
-0.889017
-0.887107
-0.890679
-0.879893
-0.879351
-0.886747
-0.891069
-0.890533
-0.888263
-0.875672
-0.8611
-0.889728
-0.892099
-0.89376
-0.892584
-0.891218
-0.869155
-0.870668
-0.886665
-0.888974
-0.890792
-0.876116
-0.88503
-0.888717
-0.893342
-0.890604
-0.890618
-0.89075
-0.892838
-0.89122
-0.886738
-0.889947
-0.890383
-0.893029
-0.889366
-0.890161
-0.88633
-0.88759
-0.889944
-0.890561
-0.86617
-0.885772
-0.888486
-0.885134
-0.887364
-0.878497
-0.887484
-0.882397
-0.865449
-0.885098
-0.861414
-0.88812
-0.890433
-0.876621
-0.893172
-0.895382
-0.88803
-0.888328
-0.881845
-0.886556
-0.875284
-0.878474
-0.878849
-0.874213
-0.886025
-0.882522
-0.896125
-0.89617
-0.879978
-0.881822
-0.881258
-0.881862
-0.877373
-0.888425
-0.881982
-0.8948
-0.887582
-0.889509
-0.854423
-0.879408
-0.887394
-0.889516
-0.888788
-0.871942
-0.878387
-0.874333
-0.883434
-0.880519
-0.893645
-0.887575
-0.88186
-0.889814
-0.858758
-0.87832
-0.887649
-0.889051
-0.886304
-0.888796
-0.889164
-0.887911
-0.868118
-0.882109
-0.884692
-0.887763
-0.883088
-0.886887
-0.878438
-0.891897
-0.863171
-0.879234
-0.890251
-0.890785
-0.892452
-0.886378
-0.881761
-0.876438
-0.888873
-0.883108
-0.888586
-0.888304
-0.892029
-0.870796
-0.875586
-0.884844
-0.889024
-0.893214
-0.890092
-0.888806
-0.887659
-0.88895
-0.885969
-0.8657
-0.86662
-0.886043
-0.878222
-0.879714
-0.885288
-0.890629
-0.890458
-0.889449
-0.887389
-0.888781
-0.894623
-0.892902
-0.891416
-0.891227
-0.889945
-0.891012
-0.889735
-0.879225
-0.889836
-0.888293
-0.890832
-0.888637
-0.89039
-0.887133
-0.887843
-0.869854
-0.871028
-0.88169
-0.859218
-0.88053
-0.876338
-0.887013
-0.863079
-0.883656
-0.886572
-0.880766
-0.889549
-0.893646
-0.892721
-0.881833
-0.877821
-0.882633
-0.888037
-0.89342
-0.852601
-0.84673
-0.877724
-0.880049
-0.885327
-0.87673
-0.880252
-0.886777
-0.893471
-0.885823
-0.871749
-0.88856
-0.86138
-0.884175
-0.873291
-0.882445
-0.888564
-0.88948
-0.871214
-0.878477
-0.887731
-0.892165
-0.87436
-0.885747
-0.889793
-0.854683
-0.881068
-0.880676
-0.881985
-0.885554
-0.887908
-0.893676
-0.892666
-0.876748
-0.884337
-0.890059
-0.88911
-0.886643
-0.88888
-0.881437
-0.884043
-0.873647
-0.883893
-0.883687
-0.893214
-0.886051
-0.88711
-0.888018
-0.884658
-0.888124
-0.889884
-0.88909
-0.859174
-0.868441
-0.889616
-0.889612
-0.889694
-0.886578
-0.85229
-0.864517
-0.879358
-0.889889
-0.888006
-0.880758
-0.875415
-0.880647
-0.883633
-0.876292
-0.869108
-0.88802
-0.88376
-0.880477
-0.868688
-0.884766
-0.887054
-0.888847
-0.875559
-0.885801
-0.876056
-0.887028
-0.889828
-0.874672
-0.877697
-0.872581
-0.8765
-0.893152
-0.846527
-0.824886
-0.884509
-0.888813
-0.892249
-0.86353
-0.865038
-0.883154
-0.886383
-0.876798
-0.881163
-0.883281
-0.882986
-0.884862
-0.879649
-0.887465
-0.873509
-0.886244
-0.872062
-0.875153
-0.879067
-0.885931
-0.890267
-0.867268
-0.877887
-0.872303
-0.875095
-0.888687
-0.870444
-0.873655
-0.881476
-0.874359
-0.881408
-0.878454
-0.885974
-0.861499
-0.866328
-0.882569
-0.884991
-0.874594
-0.875965
-0.883927
-0.893765
-0.876327
-0.88684
-0.884522
-0.893225
-0.887226
-0.887125
-0.88981
-0.888678
-0.869776
-0.879959
-0.879148
-0.875544
-0.891506
-0.855873
-0.882209
-0.880881
-0.88248
-0.886477
-0.885608
-0.866631
-0.890782
-0.887843
-0.880198
-0.878431
-0.886173
-0.857362
-0.871337
-0.863701
-0.887165
-0.88902
-0.8864
-0.86248
-0.860522
-0.8848
-0.884157
-0.88394
-0.884526
-0.870506
-0.887282
-0.886054
-0.883965
-0.88248
-0.888036
-0.888257
-0.881073
-0.887436
-0.891999
-0.889911
-0.884444
-0.86873
-0.887816
-0.880531
-0.888246
-0.867506
-0.882923
-0.885044
-0.890843
-0.887331
-0.889228
-0.889229
-0.873588
-0.888043
-0.886583
-0.891786
-0.886919
-0.880093
-0.880498
-0.884357
-0.8854
-0.886827
-0.885708
-0.882808
-0.863887
-0.883055
-0.88747
-0.887338
-0.886663
-0.887201
-0.890068
-0.888104
-0.885723
-0.889535
-0.886726
-0.887647
-0.890945
-0.888658
-0.889132
-0.887401
-0.88376
-0.887936
-0.888286
-0.881586
-0.884175
-0.88809
-0.886462
-0.890288
-0.888768
-0.88667
-0.887624
-0.889311
-0.888767
-0.892202
-0.890586
-0.889277
-0.892362
-0.892536
-0.892599
-0.881423
-0.889204
-0.89056
-0.891796
-0.887636
-0.883122
-0.886274
-0.888011
-0.884796
-0.887555
-0.887659
-0.888161
-0.89073
-0.890076
-0.890026
-0.892014
-0.891575
-0.893291
-0.892262
-0.895095
-0.892227
-0.89276
-0.891419
-0.890496
-0.888857
-0.889477
-0.891586
-0.890121
-0.891714
-0.888778
-0.891699
-0.889954
-0.891635
-0.889597
-0.891839
-0.889376
-0.890686
-0.888528
-0.889275
-0.890582
-0.889489
-0.891084
-0.889195
-0.890854
-0.890843
-0.890934
-0.889804
-0.891904
-0.883436
-0.891368
-0.887676
-0.887267
-0.890842
-0.886976
-0.893233
-0.890797
-0.891361
-0.886378
-0.888053
-0.888716
-0.891621
-0.89191
-0.892151
-0.888202
-0.88935
-0.886601
-0.89082
-0.888267
-0.891514
-0.886622
-0.889377
-0.890687
-0.888037
-0.890033
-0.889665
-0.874773
-0.889409
-0.89152
-0.8891
-0.870549
-0.881087
-0.882767
-0.88991
-0.879223
-0.874396
-0.876484
-0.879364
-0.892306
-0.87592
-0.891952
-0.888408
-0.884945
-0.886561
-0.889916
-0.890607
-0.883598
-0.885426
-0.890146
-0.8847
-0.887981
-0.887269
-0.880326
-0.887194
-0.882171
-0.882041
-0.88711
-0.872595
-0.8866
-0.882416
-0.8857
-0.883635
-0.872918
-0.887516
-0.885482
-0.886197
-0.88854
-0.881499
-0.88756
-0.892531
-0.891098
-0.883391
-0.887765
-0.887069
-0.885257
-0.885957
-0.879905
-0.879706
-0.877435
-0.885702
-0.885399
-0.890502
-0.882029
-0.867172
-0.879294
-0.887007
-0.87469
-0.88062
-0.878382
-0.869078
-0.88225
-0.8841
-0.874678
-0.887859
-0.881643
-0.868249
-0.846028
-0.887105
-0.872467
-0.883843
-0.883265
-0.888588
-0.872795
-0.886966
-0.891116
-0.872514
-0.873312
-0.88457
-0.878226
-0.883792
-0.80966
-0.820815
-0.880136
-0.885236
-0.885871
-0.88858
-0.886804
-0.889673
-0.881627
-0.888764
-0.871898
-0.874734
-0.874519
-0.887262
-0.885255
-0.884119
-0.883161
-0.885796
-0.881771
-0.881838
-0.887708
-0.837299
-0.880108
-0.885233
-0.863613
-0.872056
-0.87699
-0.885161
-0.885786
-0.860181
-0.864337
-0.878912
-0.885891
-0.876837
-0.873484
-0.856381
-0.865825
-0.878115
-0.884703
-0.885644
-0.873946
-0.875123
-0.871757
-0.87484
-0.87497
-0.884971
-0.88451
-0.870943
-0.876875
-0.866744
-0.880983
-0.870709
-0.876941
-0.882696
-0.870984
-0.883143
-0.880687
-0.87036
-0.883049
-0.884363
-0.88675
-0.854188
-0.874451
-0.872188
-0.887447
-0.87343
-0.870249
-0.878164
-0.878445
-0.873598
-0.881318
-0.873251
-0.869211
-0.874573
-0.872745
-0.88098
-0.887351
-0.888828
-0.877303
-0.881819
-0.878152
-0.879172
-0.88149
-0.868078
-0.875186
-0.867895
-0.866192
-0.872558
-0.875311
-0.87253
-0.879169
-0.882665
-0.882195
-0.877369
-0.878295
-0.874799
-0.870928
-0.877369
-0.863605
-0.878789
-0.888155
-0.857157
-0.864745
-0.865063
-0.87986
-0.87774
-0.885387
-0.886312
-0.868304
-0.883603
-0.887036
-0.885247
-0.887884
-0.872546
-0.860481
-0.864565
-0.881696
-0.887396
-0.870282
-0.86978
-0.854516
-0.813797
-0.821282
-0.843611
-0.869546
-0.863501
-0.879392
-0.880664
-0.879902
-0.887287
-0.886423
-0.848517
-0.875934
-0.880668
-0.874569
-0.882951
-0.875296
-0.863943
-0.87737
-0.884536
-0.878678
-0.882983
-0.882299
-0.868155
-0.887254
-0.884592
-0.860374
-0.873833
-0.88046
-0.862307
-0.844683
-0.829418
-0.831746
-0.867263
-0.888959
-0.885935
-0.888439
-0.881231
-0.876858
-0.883542
-0.878288
-0.868081
-0.875891
-0.883299
-0.872827
-0.84997
-0.882347
-0.871254
-0.885188
-0.869793
-0.882497
-0.876954
-0.861296
-0.847709
-0.853607
-0.881048
-0.884961
-0.886722
-0.885531
-0.883498
-0.885793
-0.867708
-0.866738
-0.866869
-0.85545
-0.872654
-0.885861
-0.886045
-0.873734
-0.872496
-0.831343
-0.869367
-0.883149
-0.87606
-0.885598
-0.863229
-0.842403
-0.857068
-0.845971
-0.831892
-0.841438
-0.846227
-0.882049
-0.881571
-0.883414
-0.883919
-0.884996
-0.88404
-0.879494
-0.859794
-0.876383
-0.882588
-0.869573
-0.872819
-0.872464
-0.878307
-0.885064
-0.882885
-0.881693
-0.862137
-0.860725
-0.862277
-0.828851
-0.830086
-0.844123
-0.853829
-0.877356
-0.885242
-0.884084
-0.88372
-0.883535
-0.880572
-0.881282
-0.871683
-0.872252
-0.865515
-0.873381
-0.879701
-0.880018
-0.870496
-0.86283
-0.87614
-0.87913
-0.863907
-0.85561
-0.839356
-0.845272
-0.808466
-0.830779
-0.834281
-0.852926
-0.873846
-0.880725
-0.884465
-0.886002
-0.881096
-0.880805
-0.882134
-0.887957
-0.881462
-0.882367
-0.87353
-0.882335
-0.884043
-0.882608
-0.879736
-0.883161
-0.881205
-0.882618
-0.879318
-0.882353
-0.88184
-0.884067
-0.882719
-0.881518
-0.879973
-0.879116
-0.879972
-0.883581
-0.884232
-0.881121
-0.881685
-0.883792
-0.882756
-0.881715
-0.882534
-0.88469
-0.88303
-0.879814
-0.882768
-0.885922
-0.880557
-0.879772
-0.883329
-0.881327
-0.879139
-0.884045
-0.885607
-0.88205
-0.880326
-0.880358
-0.885794
-0.88287
-0.880797
-0.882501
-0.882103
-0.884307
-0.882074
-0.884961
-0.886408
-0.88389
-0.88102
-0.88614
-0.885402
-0.887341
-0.882994
-0.883951
-0.880995
-0.883165
-0.882193
-0.881075
-0.88006
-0.885232
-0.882525
-0.882364
-0.88415
-0.883007
-0.887127
-0.883952
-0.883944
-0.882321
-0.886413
-0.882618
-0.882089
-0.883531
-0.884438
-0.883636
-0.881969
-0.882127
-0.881387
-0.885898
-0.885335
-0.881241
-0.882727
-0.881241
-0.883583
-0.881968
-0.882029
-0.884524
-0.882121
-0.885425
-0.88692
-0.884477
-0.883011
-0.88228
-0.884692
-0.884973
-0.885665
-0.885651
-0.886737
-0.885104
-0.882713
-0.885174
-0.886552
-0.884798
-0.882492
-0.884237
-0.884858
-0.882593
-0.886893
-0.882498
-0.882589
-0.883126
-0.883453
-0.882317
-0.883002
-0.885532
-0.883544
-0.88247
-0.885152
-0.883513
-0.883514
-0.884168
-0.882493
-0.886225
-0.884999
-0.887521
-0.8834
-0.884127
-0.880879
-0.885297
-0.883835
-0.885677
-0.885318
-0.882233
-0.883645
-0.882354
-0.8841
-0.888862
-0.885388
-0.885414
-0.883795
-0.884325
-0.887969
-0.885259
-0.887775
-0.881727
-0.884784
-0.885433
-0.886225
-0.884521
-0.884448
-0.88522
-0.887305
-0.887134
-0.88117
-0.882794
-0.886258
-0.884348
-0.885904
-0.885319
-0.886874
-0.887077
-0.883987
-0.889114
-0.885257
-0.882686
-0.887543
-0.884928
-0.885778
-0.884379
-0.88472
-0.886757
-0.885342
-0.883092
-0.884091
-0.884743
-0.885871
-0.883186
-0.88255
-0.884836
-0.885373
-0.881692
-0.882522
-0.883499
-0.88349
-0.883682
-0.886434
-0.881826
-0.881827
-0.884532
-0.887903
-0.889454
-0.88466
-0.884047
-0.885688
-0.88358
-0.886079
-0.881548
-0.882991
-0.881217
-0.881761
-0.880139
-0.882975
-0.882263
-0.884429
-0.881931
-0.884124
-0.879148
-0.881317
-0.879041
-0.882919
-0.885972
-0.884832
-0.880237
-0.884752
-0.886271
-0.885077
-0.878551
-0.883386
-0.884709
-0.879276
-0.879256
-0.878739
-0.883816
-0.88079
-0.882886
-0.882902
-0.884899
-0.882716
-0.880666
-0.877347
-0.883054
-0.880593
-0.880595
-0.880413
-0.879689
-0.883251
-0.884205
-0.881447
-0.884535
-0.883818
-0.8802
-0.883346
-0.884555
-0.880987
-0.879523
-0.881221
-0.883485
-0.883421
-0.881511
-0.883466
-0.883303
-0.879943
-0.883261
-0.883717
-0.88056
-0.881592
-0.882232
-0.886151
-0.882942
-0.882119
-0.879561
-0.882872
-0.882998
-0.885831
-0.886381
-0.880619
-0.882761
-0.884441
-0.880864
-0.882903
-0.880976
-0.882268
-0.88462
-0.883185
-0.88103
-0.878646
-0.877585
-0.877114
-0.878875
-0.880375
-0.875187
-0.877802
-0.881256
-0.882338
-0.884
-0.88541
-0.882594
-0.881163
-0.886353
-0.883397
-0.884317
-0.881657
-0.876895
-0.874157
-0.877015
-0.881947
-0.878826
-0.880981
-0.883108
-0.879024
-0.883306
-0.88151
-0.879424
-0.884717
-0.884125
-0.882641
-0.882845
-0.884154
-0.882485
-0.880521
-0.883027
-0.883762
-0.884043
-0.880347
-0.884289
-0.881907
-0.884385
-0.878529
-0.880783
-0.879336
-0.883626
-0.880156
-0.878585
-0.886004
-0.882884
-0.875897
-0.882262
-0.883696
-0.882052
-0.883571
-0.879695
-0.879602
-0.881798
-0.88217
-0.877154
-0.876091
-0.878414
-0.883962
-0.876285
-0.87593
-0.883419
-0.883725
-0.88094
-0.883839
-0.880879
-0.882593
-0.884349
-0.883932
-0.882717
-0.887283
-0.885567
-0.884647
-0.885375
-0.883649
-0.883329
-0.87043
-0.870236
-0.880556
-0.868866
-0.868834
-0.84157
-0.860134
-0.876269
-0.877783
-0.876066
-0.879263
-0.88152
-0.880934
-0.880476
-0.881992
-0.864601
-0.873638
-0.875851
-0.877331
-0.883109
-0.870146
-0.841266
-0.866794
-0.864649
-0.886475
-0.857988
-0.828833
-0.793973
-0.784096
-0.814143
-0.82412
-0.873961
-0.876365
-0.86905
-0.840238
-0.789831
-0.789899
-0.840327
-0.858323
-0.880115
-0.879247
-0.883113
-0.879809
-0.855212
-0.876262
-0.880286
-0.866529
-0.864082
-0.87762
-0.863849
-0.842365
-0.860676
-0.849398
-0.840744
-0.864284
-0.851729
-0.836822
-0.859093
-0.878512
-0.872232
-0.882019
-0.875454
-0.878347
-0.88065
-0.879233
-0.880538
-0.878861
-0.880091
-0.880893
-0.878976
-0.883531
-0.876523
-0.88139
-0.875826
-0.880681
-0.88344
-0.883549
-0.878643
-0.881737
-0.881426
-0.883707
-0.876287
-0.882092
-0.879442
-0.877741
-0.877992
-0.880719
-0.876465
-0.880985
-0.88336
-0.879283
-0.877495
-0.877406
-0.87783
-0.880448
-0.878092
-0.885218
-0.87733
-0.86664
-0.855738
-0.874092
-0.881818
-0.885175
-0.847097
-0.824085
-0.832611
-0.833739
-0.812741
-0.849675
-0.8563
-0.876205
-0.876726
-0.877273
-0.862755
-0.882488
-0.882581
-0.871685
-0.866156
-0.875068
-0.876382
-0.881082
-0.879705
-0.879911
-0.863989
-0.876625
-0.882484
-0.877253
-0.874658
-0.855195
-0.843919
-0.841246
-0.796275
-0.837858
-0.815071
-0.869559
-0.882035
-0.88221
-0.881524
-0.879299
-0.883838
-0.883583
-0.883218
-0.881632
-0.877618
-0.879264
-0.881881
-0.88094
-0.880508
-0.880099
-0.883231
-0.881159
-0.87195
-0.882221
-0.881838
-0.880609
-0.884852
-0.876905
-0.871428
-0.878784
-0.879307
-0.88363
-0.881031
-0.88078
-0.878229
-0.881293
-0.875574
-0.878636
-0.881156
-0.882025
-0.881279
-0.881065
-0.881082
-0.878734
-0.879342
-0.88135
-0.881542
-0.879926
-0.880602
-0.877762
-0.881622
-0.881634
-0.884289
-0.884413
-0.87956
-0.882967
-0.882844
-0.883577
-0.881404
-0.882283
-0.879612
-0.885022
-0.881662
-0.880795
-0.881777
-0.884117
-0.883938
-0.882974
-0.880451
-0.876155
-0.883414
-0.88553
-0.883163
-0.879729
-0.879826
-0.883294
-0.883589
-0.881318
-0.881595
-0.879514
-0.884739
-0.882712
-0.879749
-0.885425
-0.882013
-0.882037
-0.882058
-0.883259
-0.879555
-0.883403
-0.884179
-0.886221
-0.883664
-0.884442
-0.884304
-0.882111
-0.882331
-0.884519
-0.882132
-0.882339
-0.880328
-0.884556
-0.883665
-0.88634
-0.88301
-0.881293
-0.880914
-0.881425
-0.883301
-0.881918
-0.88021
-0.884861
-0.883239
-0.878887
-0.883506
-0.882106
-0.883902
-0.882999
-0.881844
-0.882984
-0.881845
-0.881313
-0.883584
-0.880405
-0.881717
-0.882535
-0.888032
-0.884847
-0.884333
-0.887784
-0.885453
-0.887006
-0.884143
-0.884706
-0.882779
-0.885503
-0.882788
-0.879115
-0.875327
-0.876978
-0.882178
-0.879094
-0.869367
-0.882939
-0.88076
-0.8777
-0.879951
-0.87249
-0.859298
-0.879306
-0.876926
-0.881521
-0.870305
-0.879707
-0.884285
-0.87897
-0.876039
-0.863318
-0.875342
-0.868335
-0.882809
-0.875286
-0.877881
-0.880229
-0.877012
-0.87201
-0.876359
-0.879935
-0.870231
-0.87049
-0.876361
-0.878875
-0.844475
-0.802953
-0.794424
-0.824353
-0.818902
-0.853704
-0.814897
-0.854263
-0.870026
-0.884795
-0.88402
-0.866803
-0.879257
-0.866843
-0.886127
-0.877555
-0.843546
-0.856369
-0.840737
-0.851509
-0.841056
-0.798997
-0.826517
-0.848156
-0.867607
-0.882524
-0.880956
-0.883346
-0.877423
-0.805553
-0.868541
-0.882907
-0.880268
-0.854962
-0.821427
-0.794809
-0.83744
-0.839588
-0.847335
-0.857457
-0.881264
-0.884341
-0.886689
-0.883874
-0.881886
-0.881397
-0.884923
-0.879841
-0.883523
-0.883036
-0.882907
-0.880823
-0.876995
-0.881058
-0.880591
-0.882818
-0.882301
-0.878934
-0.882803
-0.878488
-0.881355
-0.880425
-0.881592
-0.884743
-0.879719
-0.880841
-0.881768
-0.884159
-0.885568
-0.881806
-0.881786
-0.884261
-0.886842
-0.880865
-0.880225
-0.880349
-0.882314
-0.875378
-0.875926
-0.883883
-0.883847
-0.882856
-0.882532
-0.881289
-0.882849
-0.881049
-0.882437
-0.880918
-0.879666
-0.8815
-0.860231
-0.859354
-0.86906
-0.867114
-0.876032
-0.865466
-0.862026
-0.866663
-0.879804
-0.869219
-0.873145
-0.881282
-0.867963
-0.881167
-0.87411
-0.862394
-0.872934
-0.87159
-0.873128
-0.875203
-0.875096
-0.879968
-0.873529
-0.827339
-0.829629
-0.813511
-0.836394
-0.825043
-0.85678
-0.82566
-0.855405
-0.862585
-0.874141
-0.879129
-0.880895
-0.876442
-0.879938
-0.880202
-0.877326
-0.878241
-0.87845
-0.879134
-0.878378
-0.880204
-0.880556
-0.880529
-0.877392
-0.878182
-0.87802
-0.881221
-0.880662
-0.8827
-0.88106
-0.882609
-0.875479
-0.877936
-0.88261
-0.884629
-0.882208
-0.882564
-0.875711
-0.87581
-0.882668
-0.881456
-0.87882
-0.878871
-0.882899
-0.879072
-0.880653
-0.882183
-0.881579
-0.879902
-0.881261
-0.880685
-0.880047
-0.881271
-0.879833
-0.87891
-0.880902
-0.882975
-0.883021
-0.879834
-0.882324
-0.885196
-0.879523
-0.881872
-0.879541
-0.882681
-0.883773
-0.884428
-0.879562
-0.883073
-0.886271
-0.885559
-0.883464
-0.882259
-0.887162
-0.882355
-0.880276
-0.884915
-0.882422
-0.877496
-0.885155
-0.882906
-0.881489
-0.879174
-0.883257
-0.879511
-0.882635
-0.878411
-0.882128
-0.882363
-0.884444
-0.883968
-0.875852
-0.884621
-0.883273
-0.881185
-0.880796
-0.881936
-0.879785
-0.876356
-0.882556
-0.878281
-0.879399
-0.878651
-0.877072
-0.876519
-0.878203
-0.877442
-0.879802
-0.878182
-0.880712
-0.880683
-0.879949
-0.880425
-0.879567
-0.876344
-0.878639
-0.876462
-0.878298
-0.876607
-0.875827
-0.879784
-0.87494
-0.877639
-0.881907
-0.878274
-0.880763
-0.883677
-0.884612
-0.879899
-0.87949
-0.883198
-0.883134
-0.884647
-0.882072
-0.884821
-0.878748
-0.878752
-0.880335
-0.85908
-0.863195
-0.876132
-0.870324
-0.882334
-0.88518
-0.886188
-0.859523
-0.873189
-0.880877
-0.877993
-0.863627
-0.884306
-0.868779
-0.888402
-0.885674
-0.879427
-0.879008
-0.883793
-0.881565
-0.881351
-0.876089
-0.881356
-0.883114
-0.881278
-0.882557
-0.877623
-0.8812
-0.876265
-0.879601
-0.875647
-0.871478
-0.875622
-0.877672
-0.881986
-0.882176
-0.880888
-0.878113
-0.877626
-0.881182
-0.881384
-0.884081
-0.877802
-0.882716
-0.876414
-0.880102
-0.874603
-0.848797
-0.859145
-0.882439
-0.882546
-0.880257
-0.881567
-0.879554
-0.882477
-0.882789
-0.876567
-0.883248
-0.883164
-0.883696
-0.886391
-0.883268
-0.880698
-0.883146
-0.884915
-0.88252
-0.882324
-0.881667
-0.881105
-0.886338
-0.88479
-0.881029
-0.881994
-0.882582
-0.885296
-0.883643
-0.885111
-0.884686
-0.885268
-0.883958
-0.882057
-0.883224
-0.883832
-0.882532
-0.883729
-0.880042
-0.883688
-0.886893
-0.885636
-0.883094
-0.883013
-0.884706
-0.881831
-0.880325
-0.880401
-0.880658
-0.881833
-0.883286
-0.879716
-0.885939
-0.882381
-0.880816
-0.880947
-0.883903
-0.881085
-0.883314
-0.881817
-0.879345
-0.880048
-0.883935
-0.879375
-0.882986
-0.880756
-0.882548
-0.878625
-0.882639
-0.880973
-0.870729
-0.882057
-0.879029
-0.83809
-0.858865
-0.846624
-0.825351
-0.796614
-0.79143
-0.804173
-0.831226
-0.860046
-0.860436
-0.876242
-0.878407
-0.86224
-0.865449
-0.868108
-0.853521
-0.838129
-0.871908
-0.883616
-0.876358
-0.87623
-0.874131
-0.877606
-0.871928
-0.873681
-0.855886
-0.861919
-0.871233
-0.873824
-0.873922
-0.866908
-0.853082
-0.834561
-0.798347
-0.82265
-0.809268
-0.823462
-0.821298
-0.864413
-0.878521
-0.878394
-0.880506
-0.881471
-0.878751
-0.877738
-0.855084
-0.864514
-0.846969
-0.813277
-0.806287
-0.816827
-0.843276
-0.82502
-0.80488
-0.854885
-0.878062
-0.877015
-0.883588
-0.880375
-0.877691
-0.880242
-0.877403
-0.879696
-0.886086
-0.877404
-0.873938
-0.878864
-0.871917
-0.87876
-0.874985
-0.876049
-0.880141
-0.876379
-0.880252
-0.874264
-0.877894
-0.87848
-0.880376
-0.878015
-0.87783
-0.874111
-0.87573
-0.880316
-0.87949
-0.880391
-0.881372
-0.876396
-0.876888
-0.87637
-0.878181
-0.875612
-0.878755
-0.876266
-0.876947
-0.876381
-0.884388
-0.881763
-0.88033
-0.877342
-0.875945
-0.879148
-0.877546
-0.879203
-0.87531
-0.874309
-0.876089
-0.877967
-0.878621
-0.877463
-0.876493
-0.87774
-0.877694
-0.878366
-0.882037
-0.878761
-0.877972
-0.879174
-0.880911
-0.877538
-0.876837
-0.87755
-0.87932
-0.880801
-0.882249
-0.883938
-0.876985
-0.879221
-0.878779
-0.877403
-0.87809
-0.87989
-0.87631
-0.879767
-0.878437
-0.878409
-0.876656
-0.875753
-0.879333
-0.87936
-0.880765
-0.878358
-0.880669
-0.879701
-0.877492
-0.877262
-0.881261
-0.879
-0.878934
-0.879308
-0.880797
-0.884568
-0.88093
-0.87733
-0.882218
-0.876882
-0.881101
-0.88171
-0.876485
-0.880376
-0.876691
-0.876795
-0.877823
-0.874052
-0.878718
-0.878082
-0.878678
-0.877023
-0.88083
-0.881882
-0.878395
-0.878016
-0.877916
-0.878991
-0.879346
-0.878276
-0.883182
-0.880336
-0.878048
-0.877035
-0.881711
-0.88012
-0.874761
-0.874776
-0.877603
-0.873681
-0.876324
-0.876501
-0.87729
-0.872905
-0.875373
-0.878308
-0.880302
-0.875996
-0.874506
-0.877549
-0.877699
-0.878859
-0.876517
-0.879817
-0.880303
-0.877565
-0.876541
-0.879824
-0.874014
-0.876399
-0.875943
-0.876914
-0.878417
-0.874795
-0.880681
-0.879879
-0.879327
-0.879391
-0.880526
-0.879293
-0.881937
-0.879273
-0.87844
-0.878598
-0.879479
-0.878068
-0.878931
-0.879562
-0.87957
-0.879063
-0.876704
-0.878885
-0.880431
-0.876689
-0.876924
-0.876608
-0.87636
-0.879297
-0.878152
-0.87796
-0.876719
-0.879639
-0.875414
-0.877784
-0.875026
-0.877906
-0.87768
-0.881777
-0.879713
-0.878733
-0.878523
-0.875287
-0.876435
-0.876216
-0.87914
-0.876167
-0.882322
-0.87845
-0.877903
-0.876081
-0.882102
-0.87732
-0.877946
-0.880331
-0.879314
-0.880239
-0.878161
-0.88249
-0.882316
-0.882193
-0.88187
-0.876603
-0.878436
-0.880608
-0.877044
-0.879008
-0.877349
-0.878973
-0.87678
-0.877707
-0.878574
-0.877548
-0.880149
-0.874997
-0.876108
-0.87805
-0.876015
-0.880307
-0.879283
-0.87986
-0.874207
-0.879359
-0.880314
-0.882512
-0.878474
-0.877891
-0.876791
-0.876531
-0.88138
-0.879789
-0.880889
-0.880368
-0.877355
-0.879328
-0.881509
-0.879882
-0.878907
-0.878419
-0.880626
-0.876243
-0.881868
-0.879827
-0.879522
-0.875517
-0.877836
-0.879119
-0.876363
-0.875716
-0.879825
-0.878874
-0.877823
-0.874703
-0.879969
-0.880179
-0.876989
-0.880239
-0.881265
-0.879024
-0.877925
-0.881227
-0.877317
-0.87986
-0.879809
-0.879386
-0.880438
-0.882064
-0.881459
-0.880878
-0.88074
-0.87719
-0.880609
-0.87831
-0.878412
-0.881051
-0.869828
-0.871075
-0.87763
-0.883724
-0.87777
-0.880371
-0.875525
-0.87831
-0.877225
-0.878221
-0.878245
-0.879675
-0.876965
-0.879296
-0.87796
-0.870519
-0.878097
-0.877561
-0.877743
-0.879621
-0.878708
-0.88315
-0.880138
-0.8775
-0.882598
-0.876958
-0.879311
-0.879843
-0.881997
-0.87971
-0.881542
-0.879773
-0.881673
-0.878736
-0.877496
-0.877966
-0.873391
-0.879639
-0.876232
-0.878249
-0.879775
-0.876492
-0.880427
-0.876062
-0.880652
-0.877233
-0.881296
-0.875914
-0.877253
-0.8747
-0.878593
-0.87721
-0.879229
-0.877345
-0.87847
-0.87772
-0.877892
-0.87694
-0.883091
-0.879981
-0.881802
-0.881026
-0.879707
-0.878552
-0.8779
-0.881796
-0.878513
-0.879029
-0.878739
-0.880036
-0.880359
-0.880282
-0.880892
-0.877111
-0.879858
-0.881154
-0.881087
-0.877528
-0.879147
-0.86477
-0.853351
-0.851971
-0.855447
-0.862993
-0.856867
-0.87234
-0.875692
-0.879641
-0.876632
-0.838555
-0.817487
-0.828857
-0.816818
-0.807537
-0.811247
-0.876511
-0.879231
-0.878117
-0.87185
-0.856785
-0.858919
-0.858147
-0.869241
-0.863668
-0.869883
-0.8407
-0.832353
-0.818799
-0.816488
-0.796516
-0.847303
-0.870242
-0.879703
-0.869174
-0.788854
-0.836916
-0.860893
-0.878742
-0.880327
-0.879882
-0.853722
-0.867869
-0.864371
-0.874177
-0.857127
-0.865376
-0.873394
-0.867519
-0.879923
-0.88122
-0.858415
-0.875534
-0.879943
-0.873187
-0.876517
-0.877951
-0.881224
-0.877038
-0.873131
-0.877667
-0.880108
-0.878293
