        0.00
        0.00
        0.00
     1012.97
     3727.89
     6162.57
    10825.24
    15863.37
    21542.49
    26264.77
    32579.85
    39549.86
    46852.74
    57375.30
    67597.09
    77144.22
    84503.24
    95987.28
   104996.76
   113695.05
   119007.61
   122796.66
   126807.11
   130810.60
   129890.14
   129522.42
   126313.59
   127140.77
   124185.08
   121814.27
   113578.15
   104547.37
    96300.42
    87241.77
    74242.73
    59554.51
    45129.89
    31166.26
    17924.53
     5853.69
      586.80
        0.00
