bad volumes, zero indexed (FSL style)
539
616
938
1128
1131
1132
1144
1145
1146
1148
1149
1153
1157
1158
1159
1160
1203
1204
1205
1218
1220
1221
1222
1317
1453
1610
1611
1631
1632
1633
1634
1639
1643
1644
1646
1652
1653
1654
1657
1658
1659
1663
1664
1665
1666
1667
1669
1683
1684
1688
1689
1690
1691
1709
1710
1711
1712
1713
1714
1715
1875
1876
1877
1878
1879
1880
1881
1882
1883
1884
1885
1886
1887
1888
1889
1890
1891
1892
1893
1894
1895
1896
1897
1898
1899
1900
1901
1902
1903
1904
1905
1906
1907
2024
2025
2026
2027
2029
2030
2031
2032
2033
2035
2037
2038
2039
2040
2041
2042
2043
2044
2045
2046
2047
2048
2049
2050
2051
2052
2057
2058
2059
2060
2061
2062
2063
2064
2065
2066
2241
2242
2247
2248
2249
2250
2266
2267
2268
2269
2270
2271
2272
2273
2274
2276
2277
2278
2279
2411
2422
2423
2424
2425
2426
2427
2428
2429
2430
2431
2432
2433
2434
2451
2625
