bad volumes, zero indexed (FSL style)
4
17
18
25
35
45
47
58
60
68
75
77
84
85
86
88
104
131
148
149
156
163
169
187
195
196
200
201
240
263
270
285
286
289
328
341
349
351
363
364
370
371
382
383
388
390
391
407
411
424
437
462
463
466
470
477
481
486
488
493
494
496
502
504
505
509
510
516
517
518
519
522
528
542
548
554
555
560
561
563
568
570
580
582
583
584
590
591
592
604
606
607
608
617
623
624
626
630
640
644
645
650
653
654
657
658
669
670
677
685
686
747
748
753
754
755
756
757
883
884
890
891
905
906
910
918
919
936
996
997
1000
1002
1004
1005
1006
1008
1017
1092
1093
1095
1097
1098
1099
1102
1109
1110
1111
1112
1117
1119
1121
1125
1126
1128
1132
1133
1134
1136
1142
1143
1144
1150
1152
1160
1161
1163
1165
1166
1167
1170
1187
1199
1202
1209
1212
1213
1217
1218
1219
1220
1222
1223
1224
1225
1226
1227
1229
1231
1233
1316
1317
1318
1323
1326
1333
1445
1446
1449
1451
1452
1453
1454
1462
1471
1474
1507
1610
1614
1617
1618
1622
1623
1624
1625
1626
1631
1632
1633
1634
1635
1636
1639
1640
1641
1642
1643
1644
1645
1646
1647
1648
1651
1652
1653
1654
1655
1656
1657
1664
1665
1666
1667
1668
1669
1670
1674
1677
1681
1682
1684
1687
1688
1689
1691
1692
1706
1707
1708
1709
1711
1712
1713
1714
1715
1716
1722
1730
1873
1874
1875
1880
1881
1882
1884
1886
1893
1894
1895
1896
1897
1898
1899
1900
1901
1902
1904
1905
1906
1907
1908
1909
1918
2024
2027
2029
2034
2035
2036
2037
2038
2040
2041
2044
2045
2046
2047
2048
2050
2051
2052
2056
2057
2058
2059
2062
2066
2067
2068
2240
2241
2242
2244
2245
2247
2248
2249
2250
2265
2266
2267
2274
2275
2276
2277
2278
2281
2291
2302
2411
2412
2413
2418
2419
2421
2422
2423
2424
2427
2428
2429
2430
2431
2432
2433
2434
2435
2438
2443
2448
2451
2467
2471
2483
2485
2491
2495
2496
2497
2499
2501
2549
2556
2574
2578
2581
2624
2625
2626
