-0.910106
-0.903803
-0.90646
-0.911012
-0.897523
-0.903136
-0.904179
-0.900329
-0.894038
-0.891275
-0.89685
-0.905248
-0.893529
-0.888248
-0.887506
-0.890178
-0.914124
-0.882966
-0.882001
-0.887328
-0.89906
-0.8878
-0.878632
-0.878957
-0.890591
-0.87518
-0.904865
-0.901255
-0.89155
-0.90167
-0.903384
-0.894423
-0.881559
-0.877166
-0.889327
-0.88499
-0.908454
-0.898722
-0.891891
-0.880511
-0.887958
-0.882675
-0.883816
-0.881695
-0.890629
-0.895356
-0.910917
-0.898161
-0.901048
-0.893018
-0.881185
-0.889282
-0.889871
-0.884645
-0.901453
-0.916327
-0.911932
-0.894773
-0.893214
-0.905106
-0.897379
-0.896723
-0.894991
-0.914995
-0.916641
-0.899764
-0.911492
-0.905272
-0.88779
-0.886689
-0.904157
-0.897148
-0.898501
-0.895863
-0.898325
-0.905727
-0.917134
-0.896811
-0.898131
-0.894034
-0.878909
-0.887488
-0.88377
-0.887122
-0.872337
-0.903432
-0.897999
-0.895067
-0.878224
-0.893346
-0.893145
-0.894938
-0.897952
-0.916776
-0.915095
-0.861865
-0.904987
-0.913461
-0.912816
-0.912181
-0.912379
-0.911226
-0.910555
-0.913156
-0.893908
-0.901599
-0.885892
-0.911137
-0.917992
-0.919321
-0.91412
-0.914703
-0.88829
-0.903402
-0.901416
-0.88672
-0.902808
-0.893439
-0.898876
-0.907513
-0.918523
-0.910278
-0.907513
-0.888852
-0.888652
-0.889547
-0.89739
-0.901227
-0.90454
-0.876911
-0.889411
-0.867062
-0.890062
-0.865829
-0.864045
-0.875918
-0.872815
-0.890667
-0.888372
-0.875673
-0.872449
-0.873141
-0.892401
-0.888252
-0.890484
-0.899285
-0.893088
-0.885089
-0.891504
-0.878105
-0.87497
-0.887179
-0.893493
-0.899049
-0.875591
-0.897729
-0.895662
-0.914338
-0.910889
-0.915718
-0.913509
-0.881145
-0.904353
-0.885876
-0.90435
-0.91477
-0.90825
-0.912974
-0.908579
-0.891988
-0.915473
-0.896353
-0.884436
-0.909313
-0.912919
-0.908991
-0.911128
-0.915907
-0.91394
-0.914072
-0.908624
-0.900189
-0.883269
-0.879301
-0.905424
-0.917801
-0.913951
-0.870821
-0.906305
-0.901157
-0.91001
-0.913561
-0.912238
-0.912747
-0.913289
-0.870104
-0.898363
-0.906323
-0.912454
-0.909593
-0.8853
-0.902308
-0.912402
-0.9017
-0.910132
-0.913753
-0.912445
-0.912485
-0.913782
-0.912457
-0.913738
-0.913115
-0.915183
-0.915102
-0.912131
-0.91412
-0.911199
-0.912637
-0.910057
-0.911968
-0.913176
-0.915107
-0.913735
-0.916882
-0.919094
-0.918783
-0.920983
-0.919351
-0.919709
-0.919607
-0.919273
-0.922748
-0.922184
-0.921357
-0.920317
-0.920471
-0.920662
-0.920494
-0.920081
-0.919201
-0.896204
-0.914061
-0.912623
-0.920973
-0.920713
-0.921548
-0.921652
-0.921466
-0.92307
-0.92273
-0.921098
-0.923157
-0.922162
-0.919775
-0.919115
-0.921765
-0.922681
-0.92134
-0.921794
-0.922223
-0.922312
-0.921439
-0.919471
-0.875952
-0.910589
-0.914634
-0.9158
-0.91237
-0.913732
-0.913213
-0.90684
-0.908378
-0.913605
-0.918838
-0.918344
-0.91805
-0.910446
-0.912959
-0.920567
-0.911096
-0.920319
-0.922235
-0.921643
-0.920671
-0.921829
-0.884384
-0.903018
-0.915545
-0.919712
-0.910153
-0.918469
-0.917277
-0.919807
-0.920257
-0.919156
-0.91932
-0.921202
-0.922425
-0.920137
-0.922374
-0.923059
-0.922463
-0.920243
-0.920829
-0.921332
-0.920815
-0.921414
-0.920426
-0.921862
-0.923696
-0.923031
-0.924209
-0.923052
-0.923076
-0.92128
-0.920594
-0.92353
-0.921115
-0.919921
-0.918702
-0.918566
-0.918662
-0.917257
-0.918219
-0.918489
-0.894333
-0.913643
-0.895506
-0.907448
-0.913734
-0.913782
-0.909492
-0.910457
-0.912261
-0.906802
-0.912048
-0.916736
-0.915981
-0.917715
-0.917495
-0.892332
-0.873309
-0.916619
-0.902668
-0.887896
-0.916847
-0.913526
-0.91221
-0.905626
-0.909316
-0.914012
-0.904608
-0.915728
-0.914624
-0.913385
-0.916549
-0.919467
-0.920463
-0.9186
-0.905442
-0.923136
-0.917908
-0.92342
-0.884163
-0.908075
-0.923003
-0.924096
-0.921139
-0.918514
-0.916572
-0.90848
-0.895819
-0.917945
-0.911012
-0.912809
-0.910099
-0.909745
-0.907352
-0.912943
-0.909513
-0.908961
-0.910196
-0.894116
-0.901468
-0.906614
-0.919666
-0.918442
-0.920719
-0.911012
-0.908801
-0.889504
-0.908597
-0.922487
-0.922344
-0.909554
-0.921199
-0.922849
-0.92073
-0.920308
-0.917873
-0.916708
-0.91715
-0.916998
-0.918601
-0.916039
-0.915566
-0.91635
-0.876483
-0.90791
-0.908223
-0.902499
-0.903901
-0.905071
-0.904685
-0.905647
-0.908722
-0.903856
-0.905851
-0.905484
-0.907386
-0.905104
-0.906457
-0.908697
-0.908867
-0.892282
-0.906624
-0.912227
-0.916981
-0.911928
-0.914628
-0.918556
-0.918379
-0.917035
-0.908055
-0.920389
-0.921636
-0.920894
-0.911588
-0.922113
-0.923248
-0.921541
-0.92452
-0.923849
-0.922803
-0.922054
-0.922712
-0.920925
-0.919401
-0.922901
-0.92115
-0.918624
-0.916644
-0.916695
-0.91656
-0.917019
-0.915474
-0.916234
-0.918775
-0.919248
-0.92084
-0.920454
-0.920543
-0.903388
-0.895715
-0.91218
-0.902917
-0.897477
-0.913665
-0.91598
-0.911698
-0.903621
-0.910252
-0.898707
-0.894452
-0.8934
-0.886809
-0.882725
-0.895872
-0.901367
-0.900053
-0.881882
-0.891582
-0.889664
-0.879891
-0.86705
-0.86935
-0.873773
-0.893472
-0.886018
-0.883776
-0.89422
-0.886862
-0.891805
-0.87836
-0.881602
-0.90491
-0.900522
-0.887512
-0.894131
-0.902695
-0.901593
-0.889064
-0.880905
-0.913479
-0.905654
-0.904107
-0.907246
-0.90611
-0.904956
-0.886514
-0.909604
-0.905509
-0.903923
-0.898393
-0.901364
-0.90341
-0.878495
-0.907458
-0.876134
-0.901178
-0.899772
-0.908423
-0.903039
-0.906213
-0.903556
-0.906064
-0.909528
-0.910252
-0.880188
-0.904593
-0.914415
-0.910761
-0.914728
-0.901198
-0.890096
-0.900452
-0.879815
-0.867414
-0.855059
-0.850316
-0.88763
-0.915331
-0.903884
-0.877262
-0.888493
-0.864224
-0.859997
-0.881387
-0.895764
-0.885261
-0.877171
-0.873365
-0.873839
-0.876766
-0.863176
-0.883191
-0.883864
-0.876672
-0.895385
-0.897234
-0.884527
-0.906064
-0.907522
-0.906832
-0.887538
-0.871765
-0.883502
-0.910254
-0.904947
-0.895671
-0.885849
-0.909978
-0.900667
-0.899706
-0.901981
-0.877897
-0.889498
-0.895776
-0.880431
-0.891459
-0.892194
-0.901088
-0.875405
-0.888553
-0.885996
-0.871027
-0.883194
-0.884248
-0.887225
-0.90163
-0.871216
-0.895126
-0.903587
-0.903745
-0.9054
-0.905467
-0.900903
-0.907077
-0.907991
-0.903637
-0.904941
-0.909768
-0.903857
-0.905282
-0.898305
-0.905401
-0.90256
-0.912958
-0.894473
-0.911387
-0.90306
-0.878348
-0.875764
-0.885899
-0.873861
-0.910134
-0.851132
-0.876654
-0.892045
-0.900933
-0.899665
-0.898365
-0.897096
-0.871417
-0.896985
-0.90074
-0.899703
-0.907109
-0.904263
-0.906888
-0.898186
-0.906816
-0.909775
-0.911145
-0.905404
-0.907123
-0.909571
-0.909941
-0.911718
-0.911037
-0.876263
-0.895024
-0.907711
-0.902618
-0.876596
-0.869789
-0.870389
-0.861744
-0.861632
-0.879001
-0.883463
-0.903198
-0.911647
-0.867552
-0.900119
-0.909823
-0.902345
-0.898885
-0.888118
-0.906397
-0.902477
-0.905587
-0.900995
-0.899348
-0.90217
-0.898829
-0.90784
-0.906849
-0.910337
-0.905582
-0.903736
-0.908195
-0.904971
-0.90671
-0.905417
-0.90986
-0.906565
-0.878192
-0.89661
-0.908689
-0.900455
-0.902153
-0.905082
-0.896987
-0.899254
-0.877323
-0.871732
-0.904231
-0.883509
-0.891514
-0.907865
-0.906683
-0.907683
-0.910296
-0.907916
-0.905193
-0.906122
-0.903208
-0.906201
-0.906962
-0.908274
-0.904687
-0.907751
-0.907153
-0.908207
-0.906594
-0.907674
-0.905858
-0.909708
-0.910082
-0.912425
-0.912465
-0.911128
-0.912419
-0.914322
-0.913106
-0.911292
-0.911688
-0.914338
-0.910037
-0.914422
-0.914446
-0.913615
-0.913573
-0.914618
-0.909775
-0.915342
-0.913876
-0.912768
-0.913247
-0.915397
-0.914603
-0.91574
-0.917638
-0.916264
-0.918798
-0.919634
-0.916467
-0.916245
-0.913693
-0.914924
-0.915784
-0.914539
-0.91677
-0.916471
-0.915112
-0.915652
-0.896819
-0.877033
-0.906691
-0.911438
-0.912414
-0.908881
-0.889043
-0.905863
-0.89149
-0.902213
-0.895701
-0.898918
-0.905323
-0.906348
-0.908874
-0.908878
-0.910641
-0.910929
-0.908276
-0.910288
-0.909409
-0.909735
-0.911312
-0.909506
-0.909309
-0.910309
-0.90992
-0.911413
-0.911763
-0.911843
-0.909269
-0.911389
-0.910753
-0.913456
-0.913123
-0.913954
-0.912459
-0.911426
-0.913435
-0.912904
-0.914366
-0.913381
-0.915229
-0.915355
-0.9125
-0.91136
-0.912568
-0.911221
-0.912106
-0.91374
-0.912668
-0.91199
-0.912864
-0.912645
-0.911577
-0.911972
-0.91161
-0.912285
-0.909345
-0.911154
-0.908366
-0.910986
-0.909793
-0.911078
-0.913835
-0.913094
-0.912946
-0.915031
-0.914448
-0.913242
-0.913467
-0.913144
-0.913495
-0.912662
-0.913313
-0.911107
-0.911599
-0.910946
-0.910327
-0.911269
-0.909984
-0.910245
-0.908482
-0.909517
-0.911745
-0.906779
-0.903136
-0.90611
-0.902614
-0.907287
-0.911999
-0.910858
-0.911269
-0.908905
-0.909476
-0.913435
-0.911695
-0.912815
-0.909963
-0.909767
-0.91299
-0.911665
-0.910137
-0.910784
-0.911238
-0.911739
-0.911876
-0.912533
-0.913154
-0.914011
-0.913213
-0.914252
-0.91375
-0.913995
-0.912064
-0.912343
-0.911307
-0.911492
-0.912736
-0.912826
-0.914068
-0.913301
-0.911352
-0.913595
-0.91127
-0.910541
-0.904116
-0.898319
-0.89703
-0.899172
-0.903491
-0.905248
-0.903123
-0.902389
-0.905893
-0.908662
-0.897626
-0.8711
-0.888314
-0.887836
-0.87833
-0.870999
-0.871198
-0.860402
-0.868055
-0.880745
-0.874211
-0.865104
-0.86166
-0.868627
-0.884978
-0.869099
-0.872838
-0.878462
-0.878605
-0.873199
-0.877511
-0.875143
-0.862072
-0.8977
-0.902563
-0.904968
-0.900997
-0.906351
-0.903332
-0.902766
-0.902137
-0.906115
-0.904411
-0.90789
-0.906449
-0.891077
-0.900321
-0.903561
-0.909515
-0.913896
-0.906836
-0.913989
-0.916157
-0.91243
-0.915327
-0.915195
-0.912668
-0.916387
-0.916128
-0.916474
-0.913675
-0.912676
-0.917439
-0.882279
-0.860528
-0.844212
-0.868748
-0.906549
-0.912519
-0.905621
-0.913768
-0.911819
-0.915313
-0.911658
-0.916949
-0.914852
-0.915164
-0.911331
-0.913981
-0.913527
-0.914957
-0.916277
-0.914843
-0.912127
-0.916992
-0.916316
-0.916915
-0.917986
-0.919186
-0.918386
-0.920038
-0.915818
-0.915246
-0.9115
-0.915368
-0.916944
-0.919012
-0.915939
-0.919384
-0.909249
-0.915056
-0.916371
-0.91968
-0.919062
-0.918336
-0.917555
-0.919991
-0.919059
-0.918218
-0.918023
-0.918151
-0.919618
-0.918977
-0.920444
-0.921003
-0.918856
-0.917901
-0.91803
-0.916596
-0.916693
-0.919428
-0.919103
-0.918122
-0.909996
-0.877434
-0.901576
-0.900117
-0.902771
-0.901125
-0.881444
-0.899314
-0.863647
-0.894215
-0.90513
-0.90524
-0.901515
-0.901863
-0.907261
-0.910475
-0.911487
-0.909247
-0.908797
-0.908081
-0.912566
-0.90837
-0.917053
-0.916151
-0.90631
-0.914053
-0.91385
-0.908308
-0.916019
-0.911747
-0.911439
-0.916089
-0.915167
-0.91401
-0.917088
-0.903319
-0.917801
-0.91543
-0.913915
-0.917184
-0.917395
-0.916856
-0.916507
-0.917629
-0.918675
-0.914155
-0.913218
-0.913861
-0.918843
-0.915393
-0.910469
-0.913514
-0.913597
-0.913482
-0.903544
-0.909977
-0.909275
-0.915609
-0.918388
-0.918026
-0.919247
-0.917742
-0.919978
-0.92121
-0.922677
-0.920484
-0.923671
-0.917959
-0.920866
-0.923239
-0.921831
-0.917213
-0.916754
-0.921145
-0.91761
-0.922687
-0.921489
-0.919891
-0.921617
-0.91969
-0.918846
-0.91875
-0.918547
-0.917351
-0.915757
-0.918215
-0.917076
-0.916892
-0.919548
-0.918428
-0.916233
-0.918719
-0.917468
-0.914308
-0.915111
-0.913109
-0.904197
-0.880337
-0.896887
-0.897976
-0.902561
-0.889021
-0.873325
-0.890189
-0.879253
-0.874008
-0.892186
-0.905903
-0.908373
-0.91017
-0.905521
-0.911306
-0.907954
-0.895621
-0.877551
-0.894966
-0.885734
-0.902441
-0.891312
-0.888915
-0.901159
-0.891124
-0.904521
-0.902035
-0.904833
-0.893371
-0.89005
-0.900073
-0.903693
-0.900003
-0.863978
-0.866388
-0.849777
-0.866728
-0.870839
-0.827646
-0.845807
-0.88474
-0.853927
-0.885265
-0.877844
-0.862428
-0.868093
-0.870663
-0.871575
-0.87584
-0.87064
-0.883388
-0.834786
-0.841621
-0.845697
-0.851948
-0.847486
-0.846317
-0.854325
-0.859507
-0.852771
-0.851325
-0.857227
-0.862078
-0.85582
-0.84928
-0.832872
-0.822362
-0.84509
-0.891033
-0.892855
-0.888666
-0.883043
-0.879281
-0.874258
-0.863439
-0.861707
-0.860031
-0.872523
-0.881732
-0.888971
-0.89144
-0.891475
-0.893768
-0.89384
-0.899746
-0.900032
-0.896904
-0.897723
-0.8902
-0.888949
-0.891302
-0.891634
-0.892019
-0.897592
-0.889719
-0.8921
-0.891212
-0.892471
-0.891757
-0.897458
-0.896363
-0.892816
-0.907718
-0.903629
-0.898665
-0.898255
-0.893417
-0.89865
-0.893296
-0.864689
-0.82582
-0.82661
-0.817677
-0.861689
-0.867958
-0.86328
-0.868745
-0.884082
-0.874416
-0.871705
-0.896163
-0.892654
-0.891191
-0.8889
-0.874293
-0.837834
-0.852815
-0.838834
-0.847661
-0.85019
-0.867764
-0.868592
-0.874031
-0.872487
-0.873657
-0.864289
-0.878204
-0.885195
-0.88151
-0.883835
-0.878347
-0.882765
-0.87927
-0.888298
-0.885586
-0.886275
-0.882455
-0.887539
-0.887493
-0.883308
-0.885775
-0.881266
-0.883506
-0.881221
-0.886002
-0.884758
-0.8829
-0.888458
-0.889664
-0.887469
-0.889213
-0.886518
-0.887814
-0.889217
-0.890686
-0.891834
-0.889189
-0.892669
-0.892832
-0.889056
-0.889163
-0.879467
-0.884768
-0.891705
-0.89237
-0.887598
-0.891363
-0.892209
-0.886834
-0.890936
-0.897446
-0.899105
-0.892536
-0.892021
-0.892132
-0.890651
-0.894026
-0.896235
-0.894098
-0.894238
-0.896879
-0.897556
-0.892639
-0.893322
-0.896008
-0.894241
-0.893637
-0.895434
-0.8918
-0.892326
-0.885632
-0.881566
-0.883332
-0.883809
-0.885244
-0.889079
-0.885133
-0.887568
-0.88598
-0.889442
-0.890485
-0.885955
-0.88497
-0.885818
-0.886961
-0.888299
-0.892955
-0.895162
-0.896609
-0.897994
-0.892555
-0.895034
-0.898232
-0.877206
-0.850142
-0.877198
-0.879153
-0.899653
-0.907175
-0.903186
-0.90975
-0.909132
-0.911943
-0.907582
-0.908053
-0.906385
-0.907062
-0.90096
-0.896694
-0.899098
-0.890351
-0.899849
-0.907278
-0.897087
-0.900216
-0.906249
-0.901402
-0.905317
-0.904231
-0.90661
-0.904432
-0.902867
-0.907028
-0.909685
-0.905855
-0.904253
-0.908776
-0.907989
-0.905063
-0.901061
-0.905552
-0.904384
-0.906978
-0.902811
-0.905336
-0.905615
-0.90441
-0.909511
-0.908305
-0.909299
-0.907122
-0.90588
-0.903484
-0.897133
-0.903999
-0.907771
-0.907835
-0.903645
-0.903555
-0.903061
-0.905895
-0.906166
-0.906094
-0.90738
-0.909085
-0.905019
-0.905438
-0.905285
-0.907166
-0.907739
-0.90587
-0.906525
-0.907304
-0.90566
-0.906195
-0.910729
-0.905664
-0.902845
-0.901358
-0.90354
-0.905598
-0.907157
-0.90438
-0.906233
-0.907086
-0.908283
-0.906405
-0.908174
-0.908828
-0.907447
-0.905439
-0.902675
-0.903206
-0.89893
-0.90017
-0.896445
-0.893377
-0.895531
-0.894741
-0.896521
-0.894103
-0.902946
-0.905495
-0.907029
-0.907513
-0.901316
-0.907176
-0.906286
-0.904795
-0.904713
-0.903852
-0.902724
-0.907462
-0.90668
-0.903083
-0.906379
-0.904958
-0.903783
-0.901335
-0.90317
-0.906357
-0.901973
-0.901047
-0.9006
-0.899469
-0.900936
-0.903016
-0.902923
-0.897855
-0.895714
-0.897552
-0.895919
-0.878438
-0.872765
-0.874026
-0.88261
-0.872383
-0.873671
-0.879572
-0.882161
-0.8507
-0.893626
-0.903161
-0.901581
-0.906012
-0.904107
-0.905827
-0.906099
-0.912813
-0.905118
-0.909201
-0.909783
-0.906317
-0.912924
-0.910213
-0.910941
-0.912189
-0.912693
-0.909444
-0.90971
-0.913863
-0.906329
-0.910105
-0.910422
-0.909657
-0.910643
-0.903463
-0.90687
-0.900554
-0.90573
-0.908328
-0.907728
-0.911368
-0.906866
-0.912601
-0.911573
-0.912461
-0.910194
-0.914053
-0.912725
-0.912433
-0.91306
-0.913233
-0.916206
-0.914404
-0.914038
-0.913564
-0.917265
-0.914872
-0.912423
-0.911797
-0.912521
-0.907718
-0.9071
-0.901776
-0.897062
-0.895839
-0.901208
-0.903892
-0.90492
-0.907347
-0.90572
-0.906345
-0.907694
-0.911109
-0.909869
-0.909666
-0.91256
-0.909166
-0.909884
-0.909991
-0.912015
-0.908165
-0.905922
-0.911647
-0.912016
-0.91038
-0.913137
-0.912329
-0.913001
-0.913429
-0.913786
-0.912839
-0.914994
-0.913602
-0.910665
-0.912306
-0.909968
-0.912893
-0.913473
-0.912479
-0.912233
-0.91154
-0.912233
-0.910859
-0.907749
-0.909719
-0.909826
-0.912274
-0.910733
-0.90645
-0.909074
-0.906863
-0.907272
-0.907803
-0.910468
-0.907588
-0.907256
-0.909426
-0.91405
-0.912161
-0.910324
-0.906181
-0.908861
-0.908234
-0.907087
-0.905269
-0.908202
-0.909876
-0.908568
-0.912753
-0.915294
-0.915163
-0.910159
-0.913181
-0.909651
-0.912014
-0.913411
-0.911292
-0.907051
-0.904844
-0.908472
-0.911096
-0.911906
-0.911166
-0.910371
-0.910602
-0.908595
-0.90979
-0.910272
-0.909681
-0.907225
-0.909073
-0.910343
-0.904902
-0.908895
-0.910627
-0.910049
-0.908974
-0.909677
-0.91252
-0.912324
-0.914178
-0.910289
-0.908325
-0.910336
-0.902776
-0.848004
-0.845207
-0.862284
-0.858599
-0.854611
-0.860417
-0.86308
-0.85469
-0.85451
-0.870444
-0.858255
-0.876209
-0.872591
-0.866841
-0.864336
-0.859349
-0.863449
-0.870164
-0.873052
-0.862816
-0.85639
-0.842549
-0.815368
-0.840143
-0.840555
-0.864703
-0.865569
-0.870966
-0.865627
-0.849734
-0.869402
-0.868369
-0.853049
-0.837292
-0.839209
-0.861627
-0.849287
-0.85208
-0.883218
-0.885813
-0.887334
-0.860318
-0.828887
-0.837075
-0.846577
-0.87668
-0.873982
-0.840618
-0.83314
-0.843775
-0.863017
-0.855622
-0.854447
-0.84622
-0.813535
-0.845043
-0.846301
-0.8449
-0.854882
-0.838459
-0.887286
-0.892382
-0.890973
-0.89529
-0.888924
-0.891996
-0.891913
-0.890347
-0.891401
-0.893388
-0.8944
-0.882163
-0.852025
-0.831364
-0.847185
-0.884817
-0.888498
-0.863314
-0.838302
-0.845423
-0.835239
-0.784092
-0.865802
-0.889466
-0.897795
-0.902315
-0.902471
-0.901659
-0.90214
-0.904878
-0.904609
-0.906102
-0.906145
-0.907359
-0.908904
-0.911706
-0.882351
-0.853736
-0.856044
-0.842554
-0.817407
-0.827655
-0.838276
-0.789557
-0.786801
-0.842263
-0.864524
-0.881867
-0.884267
-0.880808
-0.889174
-0.903222
-0.885243
-0.871871
-0.874908
-0.884291
-0.89434
-0.899487
-0.899527
-0.895824
-0.899888
-0.891281
-0.888811
-0.885299
-0.888527
-0.907527
-0.910312
-0.904824
-0.906327
-0.912036
-0.906098
-0.909752
-0.908765
-0.911441
-0.909935
-0.910426
-0.908232
-0.90786
-0.906182
-0.911079
-0.911013
-0.912598
-0.912908
-0.908418
-0.913133
-0.912837
-0.909578
-0.910048
-0.912306
-0.911663
-0.91369
-0.912593
-0.914176
-0.914862
-0.910778
-0.911513
-0.913223
-0.915634
-0.915356
-0.914077
-0.916798
-0.914901
-0.917262
-0.913013
-0.914492
-0.912585
-0.914984
-0.912898
-0.914071
-0.91501
-0.911819
-0.912401
-0.914514
-0.912247
-0.912874
-0.910569
-0.912852
-0.916487
-0.9128
-0.913502
-0.911545
-0.911569
-0.913006
-0.910131
-0.909692
-0.910279
-0.912611
-0.911124
-0.905908
-0.905163
-0.906147
-0.905507
-0.909917
-0.907334
-0.909396
-0.910096
-0.909076
-0.913235
-0.908546
-0.908033
-0.915381
-0.915057
-0.914966
-0.91594
-0.911971
-0.913831
-0.914266
-0.917295
-0.911653
-0.917935
-0.917635
-0.913339
-0.912874
-0.915693
-0.915589
-0.916013
-0.915945
-0.913113
-0.912687
-0.914275
-0.915882
-0.916582
-0.917727
-0.915994
-0.916768
-0.915906
-0.915178
-0.913607
-0.911932
-0.91365
-0.915248
-0.911739
-0.912897
-0.913321
-0.912493
-0.913602
-0.912392
-0.918328
-0.916264
-0.914401
-0.910852
-0.918056
-0.912264
-0.920349
-0.917803
-0.916246
-0.914504
-0.919273
-0.917785
-0.913689
-0.913477
-0.913647
-0.915986
-0.917096
-0.917932
-0.917853
-0.91976
-0.911297
-0.90979
-0.907168
-0.896176
-0.897546
-0.909843
-0.901441
-0.875868
-0.827498
-0.830607
-0.832455
-0.837232
-0.836686
-0.81141
-0.830605
-0.820336
-0.827815
-0.825672
-0.832558
-0.834557
-0.835137
-0.831128
-0.819011
-0.81872
-0.800802
-0.826971
-0.814928
-0.833139
-0.819095
-0.80602
-0.829134
-0.848603
-0.832453
-0.850125
-0.836409
-0.790034
-0.795231
-0.825634
-0.82958
-0.811377
-0.749819
-0.855587
-0.888103
-0.896772
-0.906879
-0.907666
-0.905321
-0.897935
-0.902987
-0.904914
-0.905139
-0.905946
-0.909173
-0.909682
-0.910095
-0.909799
-0.904307
-0.908831
-0.909602
-0.908895
-0.908152
-0.9127
-0.915192
-0.913501
-0.914155
-0.914713
-0.914954
-0.916668
-0.91545
-0.916044
-0.916605
-0.914657
-0.916742
-0.915021
-0.912456
-0.91361
-0.913308
-0.913862
-0.912034
-0.910817
-0.911188
-0.913534
-0.91341
-0.909958
-0.908588
-0.913889
-0.916889
-0.914781
-0.919076
-0.918336
-0.917218
-0.916482
-0.912927
-0.9151
-0.912435
-0.914935
-0.910759
-0.911188
-0.911523
-0.912241
-0.912979
-0.914187
-0.915564
-0.9143
-0.914702
-0.917942
-0.917239
-0.915775
-0.912593
-0.909516
-0.915652
-0.91925
-0.919695
-0.918887
-0.919625
-0.916244
-0.915171
-0.918479
-0.917347
-0.919425
-0.918499
-0.919268
-0.919352
-0.917918
-0.920669
-0.921692
-0.920469
-0.919664
-0.91465
-0.918037
-0.918069
-0.917881
-0.917128
-0.918001
-0.915885
-0.916793
-0.916557
-0.916228
-0.915435
-0.913735
-0.915416
-0.913462
-0.909801
-0.912431
-0.912687
-0.912302
-0.91358
-0.915222
-0.915484
-0.916592
-0.913048
-0.90528
-0.917753
-0.919194
-0.913191
-0.91144
-0.905085
-0.839546
-0.840993
-0.838394
-0.839542
-0.853217
-0.835824
-0.833549
-0.827723
-0.827619
-0.826372
-0.852925
-0.841535
-0.858191
-0.837065
-0.820188
-0.806967
-0.833203
-0.816687
-0.808331
-0.797457
-0.766834
-0.802622
-0.826268
-0.836737
-0.823391
-0.824083
-0.813749
-0.726269
-0.849522
-0.871977
-0.884711
-0.888377
-0.898797
-0.834846
-0.665602
-0.784084
-0.796015
-0.817764
-0.812751
-0.814799
-0.825817
-0.842558
-0.837485
-0.873135
-0.886877
-0.900242
-0.906873
-0.907467
-0.901062
-0.906714
-0.907244
-0.913139
-0.916631
-0.919923
-0.918791
-0.922584
-0.922036
-0.918869
-0.91526
-0.916833
-0.916141
-0.913328
-0.912226
-0.912217
-0.910064
-0.914888
-0.917042
-0.91729
-0.916722
-0.919709
-0.915547
-0.922662
-0.922026
-0.924841
-0.924344
-0.924572
-0.924508
-0.923123
-0.920099
-0.922184
-0.921741
-0.919015
-0.92084
-0.918409
-0.924814
-0.923546
-0.920479
-0.921034
-0.918965
-0.919102
-0.918686
-0.917236
-0.917317
-0.916969
-0.921661
-0.914226
-0.918335
-0.914287
-0.914922
-0.919077
-0.91921
-0.920849
-0.919668
-0.916781
-0.914673
-0.914267
-0.913182
-0.912722
-0.915175
-0.917185
-0.917598
-0.914597
-0.914645
-0.913315
-0.915301
-0.913149
-0.911887
-0.91573
-0.917113
-0.919068
-0.918829
-0.913829
-0.921726
-0.91936
-0.91528
-0.912786
-0.911593
-0.910871
-0.913859
-0.914237
-0.912412
-0.911546
-0.909611
-0.913641
-0.911097
-0.910038
-0.910588
-0.908924
-0.914016
-0.910381
-0.916111
-0.918712
-0.923148
-0.921839
-0.917929
-0.921385
-0.921236
-0.919232
-0.917186
-0.919238
-0.914557
-0.913796
-0.915017
-0.914539
-0.912015
-0.909995
-0.909833
-0.912446
-0.912435
-0.912277
-0.908094
-0.904868
-0.904045
-0.905999
-0.905564
-0.904362
-0.908917
-0.907808
-0.911795
-0.915295
-0.914648
-0.915495
-0.915917
-0.915008
-0.916894
-0.917276
-0.917266
-0.915349
-0.91727
-0.918587
-0.91609
-0.917006
-0.917222
-0.918332
-0.916558
-0.91802
-0.919133
-0.918976
-0.917327
-0.918748
-0.918485
-0.915518
-0.917462
-0.920461
-0.92146
-0.919175
-0.919856
-0.915981
-0.917082
-0.920537
-0.919735
-0.91955
-0.916294
-0.915136
-0.905608
-0.908235
-0.90883
-0.906621
-0.910165
-0.91008
-0.908992
-0.91205
-0.913562
-0.914357
-0.914869
-0.9145
-0.893988
-0.819853
-0.844225
-0.857663
-0.864492
-0.859917
-0.861635
-0.841788
-0.844334
-0.820304
-0.849686
-0.85489
-0.862751
-0.860347
-0.857423
-0.895379
-0.914103
-0.906474
-0.910876
-0.91754
-0.896703
-0.883689
-0.891664
-0.881939
-0.877634
-0.872796
-0.803532
-0.795083
-0.795671
-0.796579
-0.757131
-0.800331
-0.801216
-0.801063
-0.82675
-0.851962
-0.820416
-0.751719
-0.838525
-0.850931
-0.857856
-0.867163
-0.886594
-0.88844
-0.896557
-0.902641
-0.900832
-0.904459
-0.903745
-0.905005
-0.904937
-0.889874
-0.899388
-0.907782
-0.907574
-0.909414
-0.917969
-0.914619
-0.909553
-0.906089
-0.921158
-0.918651
-0.91143
-0.917532
-0.919907
-0.922406
-0.922273
-0.924769
-0.911922
-0.918239
-0.916537
-0.9223
-0.924832
-0.925247
-0.920695
-0.922979
-0.922548
-0.922717
-0.918774
-0.923269
-0.918071
-0.922535
-0.918171
-0.925393
-0.922237
-0.927721
-0.927492
-0.925818
-0.92484
-0.929858
-0.928256
-0.928057
-0.928847
-0.923873
-0.925729
-0.926792
-0.928289
-0.927267
-0.924577
-0.926115
-0.928383
-0.925352
-0.923837
-0.928393
-0.926172
-0.926888
-0.926337
-0.923863
-0.926765
-0.925708
-0.924048
-0.923286
-0.921935
-0.923525
-0.924132
-0.921259
-0.928741
-0.920745
-0.924445
-0.926141
-0.924709
-0.925345
-0.918614
-0.917447
-0.925328
-0.927061
-0.925065
-0.926537
-0.926597
-0.928926
-0.921996
-0.927896
-0.929349
-0.924789
-0.925217
-0.922178
-0.923221
-0.923505
-0.925307
-0.924001
-0.920955
-0.920075
-0.92078
-0.921354
-0.920337
-0.922252
-0.91881
-0.926796
-0.928638
-0.926394
-0.923428
-0.920825
-0.925797
-0.927701
-0.926402
-0.927293
-0.927508
-0.923239
-0.920746
-0.918574
-0.923384
-0.924802
-0.925433
-0.923483
-0.925406
-0.922259
-0.919798
-0.918396
-0.921404
-0.92189
-0.918416
-0.837749
-0.853212
-0.864249
-0.887158
-0.891518
-0.891106
-0.885496
-0.880516
-0.876891
-0.876766
-0.876283
-0.828631
-0.720129
-0.78899
-0.807473
-0.810102
-0.797479
-0.785014
-0.807064
-0.807419
-0.803187
-0.787525
-0.736381
-0.795687
-0.857141
-0.867722
-0.871227
-0.880281
-0.897106
-0.905995
-0.911186
-0.910123
-0.895733
-0.884705
-0.881334
-0.878704
-0.886934
-0.897596
-0.897125
-0.894324
-0.850612
-0.860704
-0.874333
-0.875952
-0.871517
-0.86946
-0.87451
-0.895236
-0.893858
-0.900601
-0.905954
-0.911909
-0.91065
-0.910575
-0.908304
-0.913137
-0.904384
-0.91118
-0.914366
-0.884607
-0.897763
-0.909024
-0.917327
-0.915245
-0.923099
-0.919158
-0.919974
-0.91943
-0.926202
-0.922778
-0.919832
-0.915963
-0.908074
-0.921676
-0.911952
-0.918694
-0.925335
-0.915554
-0.891081
-0.8913
-0.898516
-0.915727
-0.910373
-0.912638
-0.893207
-0.887384
-0.887272
-0.90143
-0.902229
-0.915653
-0.895749
-0.903523
-0.90779
-0.91313
-0.913948
-0.921944
-0.91963
-0.922031
-0.923564
-0.917638
-0.923172
-0.912584
-0.909318
-0.917924
-0.911411
-0.914787
-0.909668
-0.920831
-0.917064
-0.920429
-0.913064
-0.912105
-0.907439
-0.919244
-0.922936
-0.922637
-0.91576
-0.924226
-0.92295
-0.922138
-0.919944
-0.924363
-0.922297
-0.926622
-0.925127
-0.919533
-0.919978
-0.925756
-0.921532
-0.92086
-0.921752
-0.922357
-0.923998
-0.923719
-0.923599
-0.92658
-0.922823
-0.926111
-0.918896
-0.922373
-0.918097
-0.911126
-0.916542
-0.914562
-0.907816
-0.893859
-0.916884
-0.92071
-0.918672
-0.915438
-0.916719
-0.914069
-0.921765
-0.915156
-0.91031
-0.906687
-0.919799
-0.920263
-0.921566
-0.920089
-0.921694
-0.915168
-0.91889
-0.87265
-0.891842
-0.908363
-0.905577
-0.911627
-0.914783
-0.909971
-0.915687
-0.925716
-0.914311
-0.92042
-0.919548
-0.920753
-0.923427
-0.915715
-0.92396
-0.917865
-0.919561
-0.91358
-0.919642
-0.92136
-0.91985
-0.917041
-0.920292
-0.922205
-0.920698
-0.920933
-0.922205
-0.924822
-0.917467
-0.915155
-0.916379
-0.918585
-0.918528
-0.921881
-0.920042
-0.912742
-0.914953
-0.920448
-0.913916
-0.908631
-0.913669
-0.919186
-0.922201
-0.921993
-0.918939
-0.921989
-0.91677
-0.917358
-0.905482
-0.865687
-0.83043
-0.85363
-0.867311
-0.867042
-0.855073
-0.856501
-0.863558
-0.857183
-0.857732
-0.853664
-0.853135
-0.853453
-0.854373
-0.855484
-0.855519
-0.856873
-0.857389
-0.857432
-0.855442
