-0.901733
-0.894328
-0.90344
-0.901341
-0.888183
-0.90305
-0.901225
-0.899575
-0.898313
-0.900177
-0.89059
-0.897385
-0.900052
-0.905616
-0.906397
-0.894356
-0.898225
-0.875512
-0.887973
-0.897036
-0.901544
-0.906075
-0.90433
-0.906063
-0.89434
-0.887746
-0.900451
-0.899938
-0.903412
-0.901496
-0.892921
-0.89915
-0.900243
-0.897114
-0.900122
-0.882965
-0.896254
-0.889942
-0.89544
-0.891128
-0.895555
-0.90106
-0.899694
-0.899431
-0.892091
-0.888252
-0.902013
-0.879905
-0.892727
-0.898682
-0.895591
-0.903515
-0.903346
-0.901872
-0.897053
-0.896309
-0.89835
-0.897057
-0.883667
-0.90561
-0.889561
-0.899767
-0.901258
-0.893203
-0.89956
-0.891391
-0.899932
-0.89425
-0.87636
-0.893093
-0.891907
-0.892738
-0.902063
-0.899535
-0.899893
-0.882731
-0.904939
-0.883313
-0.897234
-0.896147
-0.899069
-0.900488
-0.900454
-0.897183
-0.87741
-0.884777
-0.883195
-0.895909
-0.889247
-0.898709
-0.90282
-0.903281
-0.901992
-0.90258
-0.895594
-0.890376
-0.894207
-0.90727
-0.907898
-0.906351
-0.908525
-0.905323
-0.90819
-0.908195
-0.888788
-0.890667
-0.897841
-0.8917
-0.902233
-0.906981
-0.902673
-0.9039
-0.899602
-0.891254
-0.892136
-0.895214
-0.904713
-0.90343
-0.903923
-0.894441
-0.896338
-0.894376
-0.894575
-0.893541
-0.897448
-0.895714
-0.901938
-0.903148
-0.900778
-0.89676
-0.891989
-0.889339
-0.89949
-0.902552
-0.90656
-0.897279
-0.8905
-0.900743
-0.898417
-0.899381
-0.901417
-0.90159
-0.893891
-0.895304
-0.891594
-0.903932
-0.904135
-0.89908
-0.887412
-0.884341
-0.897799
-0.89087
-0.899716
-0.894118
-0.897923
-0.898553
-0.881176
-0.893345
-0.898133
-0.898424
-0.898571
-0.89002
-0.893339
-0.875993
-0.89138
-0.901055
-0.903188
-0.907603
-0.899729
-0.887142
-0.900489
-0.893487
-0.895268
-0.896195
-0.904223
-0.907935
-0.902403
-0.898611
-0.89694
-0.896921
-0.898086
-0.900371
-0.902155
-0.903421
-0.893952
-0.902567
-0.898497
-0.871331
-0.893759
-0.897535
-0.903732
-0.903904
-0.903337
-0.902579
-0.90035
-0.87593
-0.884529
-0.899135
-0.900985
-0.908999
-0.881264
-0.877236
-0.900895
-0.89983
-0.905112
-0.902155
-0.902167
-0.901257
-0.902316
-0.901568
-0.903005
-0.902132
-0.903339
-0.901565
-0.892613
-0.901738
-0.898286
-0.90492
-0.903788
-0.904926
-0.900577
-0.901358
-0.898823
-0.903917
-0.906125
-0.906042
-0.907768
-0.907097
-0.906227
-0.906014
-0.905381
-0.907051
-0.906148
-0.907086
-0.907214
-0.907562
-0.908335
-0.907184
-0.90906
-0.90678
-0.887696
-0.900137
-0.893561
-0.904105
-0.9078
-0.906035
-0.90734
-0.904411
-0.9078
-0.90734
-0.903914
-0.907427
-0.904493
-0.904145
-0.904656
-0.907265
-0.908409
-0.90642
-0.906624
-0.907997
-0.907489
-0.908361
-0.907008
-0.884719
-0.895678
-0.894432
-0.896944
-0.900351
-0.899369
-0.899029
-0.888215
-0.895327
-0.899595
-0.905509
-0.900045
-0.90385
-0.89068
-0.895002
-0.905935
-0.890376
-0.901862
-0.904669
-0.903021
-0.903052
-0.904968
-0.877733
-0.876413
-0.90152
-0.90414
-0.888345
-0.905124
-0.898544
-0.903275
-0.902429
-0.904237
-0.904122
-0.903613
-0.90795
-0.903445
-0.906627
-0.907577
-0.907432
-0.907286
-0.907181
-0.905677
-0.904678
-0.906652
-0.904159
-0.907388
-0.90587
-0.908109
-0.907631
-0.907271
-0.905736
-0.905612
-0.905233
-0.909084
-0.907627
-0.907609
-0.907267
-0.90699
-0.905426
-0.904249
-0.907432
-0.904495
-0.892822
-0.895945
-0.897442
-0.885202
-0.892898
-0.898439
-0.899175
-0.898127
-0.897975
-0.896789
-0.901878
-0.901928
-0.902695
-0.904428
-0.903612
-0.890594
-0.874611
-0.89885
-0.89099
-0.894951
-0.903715
-0.89397
-0.901423
-0.896036
-0.889148
-0.898469
-0.888959
-0.900174
-0.897669
-0.901125
-0.902452
-0.903635
-0.905302
-0.903538
-0.896469
-0.905818
-0.899953
-0.905645
-0.873939
-0.881751
-0.904793
-0.907245
-0.904934
-0.894774
-0.903596
-0.887484
-0.886669
-0.903597
-0.899329
-0.896581
-0.901928
-0.897179
-0.89472
-0.899534
-0.896395
-0.90117
-0.898255
-0.876791
-0.887067
-0.891636
-0.902814
-0.901979
-0.899767
-0.88951
-0.894872
-0.881952
-0.886332
-0.906168
-0.904801
-0.892838
-0.903705
-0.905235
-0.906839
-0.903295
-0.902619
-0.902408
-0.903559
-0.903281
-0.90459
-0.904819
-0.902678
-0.903636
-0.882709
-0.890441
-0.895212
-0.899489
-0.889698
-0.896759
-0.900263
-0.893797
-0.894821
-0.898645
-0.901789
-0.893868
-0.899838
-0.899412
-0.898369
-0.900642
-0.900176
-0.875375
-0.890122
-0.892688
-0.901307
-0.898539
-0.890883
-0.902699
-0.903967
-0.897113
-0.892741
-0.904575
-0.907018
-0.906612
-0.886197
-0.903945
-0.907368
-0.903815
-0.904379
-0.907012
-0.904486
-0.905205
-0.905532
-0.904395
-0.900557
-0.90608
-0.904596
-0.903035
-0.90335
-0.903776
-0.90196
-0.903408
-0.903027
-0.900174
-0.902314
-0.896655
-0.903853
-0.903665
-0.903384
-0.888906
-0.886257
-0.900229
-0.89172
-0.884454
-0.895305
-0.894223
-0.894167
-0.888763
-0.89396
-0.890257
-0.902132
-0.903368
-0.90095
-0.905768
-0.888027
-0.891005
-0.891273
-0.900655
-0.885682
-0.897544
-0.901848
-0.901915
-0.904875
-0.888787
-0.900304
-0.88088
-0.899658
-0.904099
-0.906707
-0.902968
-0.885035
-0.875504
-0.893324
-0.886368
-0.891948
-0.895788
-0.891771
-0.902772
-0.902455
-0.882136
-0.896695
-0.88071
-0.887755
-0.890995
-0.896442
-0.890153
-0.882246
-0.889499
-0.890864
-0.895841
-0.893629
-0.897522
-0.899257
-0.879447
-0.883713
-0.882553
-0.885121
-0.89051
-0.898473
-0.888775
-0.895914
-0.89168
-0.894486
-0.895594
-0.898268
-0.876101
-0.895309
-0.905666
-0.897743
-0.903887
-0.892466
-0.896773
-0.893113
-0.900049
-0.903731
-0.899771
-0.903318
-0.89292
-0.897646
-0.889152
-0.891617
-0.89369
-0.902574
-0.904065
-0.891275
-0.884599
-0.893547
-0.902473
-0.902778
-0.904402
-0.892438
-0.879743
-0.882165
-0.896805
-0.902486
-0.893148
-0.895197
-0.877222
-0.888828
-0.890973
-0.888303
-0.89564
-0.899503
-0.895589
-0.897491
-0.88957
-0.897779
-0.884595
-0.896211
-0.894156
-0.891868
-0.891022
-0.895561
-0.890067
-0.89248
-0.892771
-0.899171
-0.882003
-0.8933
-0.88415
-0.882476
-0.873233
-0.894983
-0.903942
-0.90281
-0.900742
-0.894428
-0.878358
-0.874573
-0.887836
-0.891392
-0.894893
-0.89097
-0.890446
-0.897379
-0.897184
-0.896688
-0.897475
-0.900194
-0.894681
-0.896307
-0.877008
-0.889832
-0.88864
-0.888586
-0.879397
-0.895192
-0.900617
-0.894992
-0.899165
-0.898655
-0.893284
-0.895655
-0.895156
-0.887558
-0.890602
-0.891609
-0.899403
-0.899144
-0.896306
-0.880251
-0.884598
-0.894706
-0.885895
-0.8961
-0.893395
-0.891038
-0.877727
-0.890532
-0.897726
-0.898564
-0.8921
-0.896073
-0.897208
-0.892994
-0.894989
-0.898204
-0.876887
-0.897884
-0.895541
-0.895445
-0.884679
-0.885399
-0.904018
-0.90288
-0.904458
-0.898676
-0.877713
-0.894071
-0.896588
-0.888561
-0.886882
-0.896421
-0.894059
-0.882553
-0.877224
-0.895057
-0.889874
-0.89618
-0.896028
-0.892301
-0.897243
-0.893292
-0.899032
-0.891064
-0.897248
-0.886145
-0.889524
-0.896749
-0.896741
-0.897154
-0.899317
-0.899917
-0.898744
-0.869635
-0.896383
-0.899263
-0.899865
-0.898233
-0.895594
-0.890097
-0.890281
-0.877762
-0.889435
-0.899219
-0.899146
-0.896205
-0.8909
-0.891215
-0.894539
-0.897213
-0.895555
-0.891407
-0.895255
-0.89348
-0.892408
-0.897452
-0.895856
-0.893274
-0.896228
-0.896631
-0.897795
-0.895226
-0.894854
-0.892829
-0.897004
-0.893505
-0.901943
-0.901395
-0.900449
-0.897329
-0.899704
-0.895879
-0.896275
-0.894499
-0.897286
-0.895209
-0.899315
-0.899557
-0.898363
-0.8968
-0.8982
-0.893021
-0.896246
-0.897462
-0.899762
-0.896713
-0.896938
-0.895996
-0.897045
-0.899405
-0.897572
-0.898453
-0.899925
-0.897673
-0.896833
-0.896144
-0.89961
-0.899701
-0.898442
-0.898709
-0.899459
-0.898792
-0.898052
-0.872642
-0.88538
-0.89649
-0.899447
-0.903037
-0.902919
-0.884365
-0.888167
-0.885724
-0.886315
-0.888761
-0.900878
-0.894539
-0.894176
-0.896144
-0.894914
-0.898933
-0.897153
-0.895065
-0.89524
-0.897292
-0.898489
-0.896185
-0.898989
-0.89398
-0.896554
-0.897681
-0.898361
-0.89742
-0.897119
-0.897249
-0.897131
-0.896445
-0.899451
-0.897901
-0.900264
-0.899769
-0.899431
-0.90123
-0.898707
-0.900529
-0.89914
-0.89937
-0.900274
-0.897539
-0.898572
-0.899646
-0.898715
-0.899609
-0.900299
-0.899352
-0.899281
-0.899897
-0.898435
-0.899774
-0.898252
-0.897685
-0.901105
-0.899764
-0.898992
-0.89723
-0.898749
-0.894689
-0.897077
-0.898675
-0.896048
-0.896564
-0.897874
-0.899285
-0.89845
-0.900102
-0.898759
-0.897978
-0.898374
-0.90157
-0.899965
-0.900679
-0.899533
-0.898394
-0.899655
-0.899936
-0.899007
-0.898316
-0.900247
-0.901399
-0.899843
-0.899935
-0.900524
-0.896555
-0.894618
-0.899312
-0.897339
-0.897003
-0.899815
-0.899538
-0.900174
-0.898121
-0.899668
-0.900464
-0.900099
-0.900246
-0.900055
-0.898672
-0.897934
-0.898847
-0.899668
-0.895697
-0.900006
-0.89866
-0.899303
-0.900608
-0.898953
-0.899232
-0.900079
-0.898815
-0.899022
-0.897895
-0.900095
-0.898789
-0.899486
-0.899154
-0.899731
-0.899431
-0.901072
-0.899076
-0.900477
-0.898295
-0.899439
-0.900306
-0.899018
-0.8975
-0.899505
-0.898526
-0.89936
-0.899814
-0.898469
-0.887051
-0.886173
-0.89405
-0.897109
-0.896248
-0.89868
-0.891307
-0.884868
-0.88226
-0.898033
-0.897762
-0.900479
-0.901151
-0.893175
-0.900903
-0.893178
-0.900335
-0.89764
-0.903002
-0.89454
-0.895372
-0.898584
-0.885346
-0.888293
-0.890923
-0.89924
-0.892283
-0.889341
-0.896283
-0.893884
-0.895947
-0.896453
-0.892734
-0.896696
-0.895654
-0.886144
-0.885092
-0.893091
-0.897012
-0.893957
-0.89002
-0.897507
-0.898215
-0.896638
-0.898093
-0.895901
-0.895661
-0.899647
-0.897754
-0.895948
-0.89729
-0.896118
-0.895136
-0.88256
-0.891811
-0.894647
-0.892108
-0.893907
-0.897177
-0.890769
-0.894366
-0.892169
-0.895349
-0.895151
-0.895822
-0.894567
-0.895576
-0.893255
-0.895559
-0.896202
-0.896398
-0.894474
-0.894623
-0.893821
-0.894992
-0.896671
-0.894774
-0.896706
-0.898289
-0.895485
-0.89718
-0.895233
-0.894362
-0.892042
-0.895083
-0.894476
-0.895389
-0.893598
-0.896121
-0.892489
-0.892879
-0.894697
-0.898498
-0.896571
-0.898085
-0.895871
-0.897963
-0.895294
-0.896116
-0.896112
-0.896424
-0.897784
-0.89657
-0.898523
-0.899013
-0.898839
-0.90002
-0.899296
-0.89888
-0.896921
-0.898428
-0.8985
-0.89651
-0.884967
-0.888891
-0.893535
-0.893757
-0.889764
-0.894529
-0.882355
-0.902956
-0.87599
-0.874195
-0.886076
-0.890612
-0.889288
-0.889974
-0.893852
-0.896777
-0.895122
-0.897032
-0.893708
-0.893061
-0.895378
-0.889129
-0.897129
-0.899095
-0.890798
-0.897453
-0.896091
-0.892822
-0.896781
-0.892512
-0.893271
-0.893819
-0.89637
-0.894021
-0.898147
-0.894079
-0.897646
-0.89605
-0.896521
-0.894921
-0.896161
-0.895436
-0.895454
-0.896876
-0.895836
-0.896432
-0.893742
-0.892222
-0.896275
-0.89704
-0.895031
-0.895847
-0.892556
-0.896109
-0.891892
-0.895698
-0.893186
-0.895508
-0.896776
-0.895994
-0.895403
-0.896412
-0.893803
-0.896323
-0.898232
-0.898257
-0.89917
-0.895662
-0.897083
-0.898489
-0.89743
-0.895134
-0.895283
-0.898987
-0.892745
-0.897776
-0.897962
-0.897069
-0.899392
-0.899274
-0.898665
-0.89852
-0.899018
-0.898787
-0.898436
-0.899984
-0.899055
-0.899183
-0.899671
-0.899343
-0.895574
-0.898251
-0.898022
-0.895606
-0.892316
-0.894118
-0.882447
-0.884898
-0.890321
-0.881084
-0.890181
-0.88818
-0.878357
-0.886759
-0.89366
-0.894643
-0.886737
-0.894454
-0.892642
-0.893573
-0.893387
-0.896816
-0.894546
-0.888029
-0.873978
-0.88805
-0.880026
-0.894286
-0.895759
-0.89777
-0.893689
-0.877069
-0.895348
-0.88948
-0.890547
-0.887431
-0.896071
-0.896597
-0.899006
-0.886653
-0.88863
-0.896621
-0.875466
-0.89175
-0.891616
-0.893523
-0.883544
-0.885522
-0.871217
-0.895362
-0.88945
-0.890582
-0.900802
-0.900529
-0.895382
-0.900374
-0.866282
-0.887811
-0.880923
-0.897488
-0.892052
-0.894688
-0.898283
-0.900253
-0.889315
-0.891193
-0.879961
-0.892379
-0.890647
-0.894041
-0.89647
-0.900661
-0.899046
-0.900281
-0.888223
-0.88944
-0.892672
-0.888249
-0.890496
-0.884062
-0.8865
-0.876347
-0.891327
-0.893711
-0.880338
-0.892555
-0.895426
-0.893414
-0.896184
-0.897031
-0.895607
-0.896888
-0.897579
-0.899737
-0.89643
-0.895639
-0.898845
-0.895371
-0.898648
-0.890194
-0.898628
-0.884266
-0.895101
-0.890083
-0.896487
-0.895625
-0.891894
-0.893228
-0.89662
-0.89603
-0.895694
-0.893466
-0.897345
-0.888309
-0.889821
-0.893493
-0.865985
-0.892082
-0.890623
-0.897429
-0.895555
-0.897191
-0.899004
-0.879998
-0.894327
-0.890185
-0.875631
-0.887444
-0.898784
-0.892677
-0.895401
-0.885623
-0.878386
-0.88463
-0.887914
-0.893337
-0.876673
-0.889362
-0.886669
-0.881329
-0.880522
-0.88778
-0.892865
-0.888286
-0.894562
-0.887898
-0.896881
-0.889734
-0.896017
-0.891979
-0.896394
-0.895118
-0.89438
-0.895314
-0.895607
-0.894403
-0.896659
-0.897836
-0.894977
-0.895109
-0.898011
-0.89747
-0.897557
-0.893974
-0.894951
-0.895662
-0.894154
-0.895675
-0.894939
-0.894843
-0.895907
-0.897338
-0.896422
-0.894305
-0.896261
-0.896847
-0.894055
-0.8969
-0.892198
-0.895755
-0.896701
-0.895105
-0.891692
-0.896772
-0.894872
-0.891477
-0.893088
-0.895046
-0.894422
-0.89227
-0.895234
-0.895751
-0.893804
-0.892524
-0.895632
-0.891968
-0.893796
-0.896572
-0.895499
-0.894131
-0.893304
-0.89462
-0.896107
-0.89311
-0.893445
-0.890045
-0.894615
-0.896379
-0.895044
-0.893567
-0.891779
-0.892593
-0.895966
-0.894753
-0.895721
-0.893858
-0.892886
-0.896479
-0.894465
-0.89327
-0.892521
-0.892187
-0.891058
-0.892978
-0.894927
-0.897123
-0.896941
-0.89276
-0.893393
-0.895604
-0.882822
-0.881746
-0.887021
-0.892326
-0.892927
-0.896194
-0.894451
-0.889366
-0.891378
-0.89463
-0.889281
-0.893997
-0.893198
-0.894566
-0.894166
-0.897326
-0.894676
-0.886809
-0.892932
-0.897249
-0.891078
-0.89301
-0.896353
-0.893683
-0.894748
-0.894224
-0.894956
-0.893795
-0.892412
-0.894136
-0.896297
-0.891069
-0.891718
-0.896103
-0.894632
-0.891279
-0.892992
-0.893658
-0.892826
-0.8958
-0.894219
-0.898011
-0.893603
-0.892172
-0.895965
-0.894908
-0.89451
-0.895107
-0.895796
-0.896628
-0.895297
-0.894939
-0.896254
-0.895299
-0.894748
-0.896977
-0.892912
-0.894457
-0.895796
-0.894916
-0.893412
-0.895553
-0.893423
-0.895523
-0.89315
-0.895744
-0.895939
-0.89546
-0.895833
-0.894609
-0.893287
-0.894537
-0.897285
-0.895162
-0.897345
-0.894726
-0.895186
-0.896269
-0.896466
-0.89529
-0.893209
-0.896046
-0.893818
-0.895694
-0.895936
-0.895227
-0.895337
-0.893663
-0.893892
-0.895446
-0.89694
-0.899014
-0.897884
-0.897294
-0.898484
-0.897844
-0.895877
-0.894124
-0.896301
-0.895085
-0.8945
-0.897039
-0.896099
-0.895667
-0.896082
-0.894794
-0.895437
-0.895479
-0.892893
-0.89469
-0.895006
-0.893431
-0.895115
-0.894969
-0.895063
-0.894534
-0.893776
-0.89601
-0.895448
-0.892122
-0.894267
-0.894297
-0.893677
-0.897725
-0.896013
-0.896539
-0.89618
-0.897242
-0.89657
-0.875583
-0.887469
-0.894222
-0.892936
-0.883902
-0.892808
-0.887993
-0.885116
-0.879181
-0.884468
-0.891099
-0.890298
-0.892744
-0.893189
-0.892634
-0.893188
-0.893701
-0.889268
-0.892842
-0.891687
-0.890079
-0.894594
-0.893024
-0.892332
-0.894148
-0.893307
-0.889538
-0.890755
-0.894308
-0.888405
-0.892414
-0.892844
-0.891455
-0.893604
-0.892662
-0.895634
-0.894808
-0.892849
-0.895459
-0.890336
-0.893428
-0.892949
-0.893033
-0.894721
-0.894272
-0.894685
-0.89256
-0.891085
-0.892281
-0.891835
-0.89378
-0.895495
-0.892451
-0.893416
-0.89319
-0.894445
-0.893488
-0.88991
-0.893743
-0.892832
-0.894781
-0.894643
-0.889701
-0.892603
-0.894195
-0.892321
-0.890999
-0.894298
-0.894492
-0.894947
-0.892191
-0.894169
-0.894035
-0.895534
-0.89479
-0.896071
-0.894748
-0.893089
-0.895072
-0.895412
-0.893354
-0.893288
-0.894098
-0.894369
-0.893715
-0.895447
-0.893816
-0.895316
-0.896744
-0.894765
-0.896583
-0.895527
-0.894773
-0.893687
-0.895254
-0.895013
-0.895894
-0.894341
-0.896846
-0.894695
-0.897676
-0.893915
-0.895681
-0.893022
-0.896697
-0.895922
-0.894869
-0.894085
-0.893966
-0.896468
-0.89647
-0.896205
-0.893798
-0.896955
-0.894423
-0.893505
-0.893936
-0.895031
-0.896368
-0.898031
-0.896093
-0.895548
-0.895539
-0.894733
-0.891756
-0.894594
-0.893774
-0.894609
-0.894344
-0.896406
-0.896479
-0.896658
-0.894617
-0.89441
-0.893894
-0.895061
-0.896185
-0.894685
-0.893727
-0.890909
-0.89514
-0.894061
-0.894868
-0.893804
-0.895107
-0.894488
-0.895037
-0.893898
-0.894007
-0.897502
-0.893766
-0.894903
-0.890819
-0.893308
-0.895704
-0.894095
-0.894546
-0.894656
-0.895771
-0.893707
-0.895681
-0.895217
-0.893503
-0.895766
-0.89183
-0.874466
-0.898349
-0.889867
-0.892633
-0.883582
-0.892585
-0.895662
-0.882995
-0.870055
-0.89689
-0.894798
-0.890112
-0.889251
-0.883639
-0.889552
-0.888529
-0.886763
-0.896739
-0.894753
-0.893789
-0.894328
-0.882528
-0.884586
-0.887777
-0.883076
-0.884534
-0.885027
-0.896977
-0.896997
-0.888097
-0.887326
-0.876673
-0.882518
-0.880051
-0.872997
-0.885056
-0.868985
-0.877734
-0.889334
-0.891019
-0.890622
-0.874401
-0.888336
-0.884052
-0.882705
-0.885567
-0.888028
-0.879309
-0.893081
-0.894163
-0.900908
-0.897859
-0.897072
-0.892961
-0.887579
-0.873136
-0.880924
-0.884178
-0.876001
-0.854883
-0.88639
-0.895457
-0.897366
-0.898439
-0.889504
-0.895172
-0.896909
-0.889581
-0.894367
-0.894469
-0.893928
-0.882863
-0.87552
-0.894906
-0.884695
-0.8931
-0.893289
-0.874906
-0.866926
-0.885197
-0.89301
-0.864472
-0.87611
-0.890165
-0.889897
-0.892493
-0.894192
-0.892377
-0.892216
-0.894584
-0.890982
-0.894305
-0.891933
-0.891877
-0.893457
-0.897071
-0.868129
-0.883132
-0.885622
-0.887675
-0.896903
-0.869367
-0.88763
-0.872593
-0.878791
-0.88458
-0.886779
-0.896103
-0.900806
-0.890071
-0.89653
-0.891253
-0.885716
-0.890166
-0.894237
-0.89443
-0.889931
-0.897487
-0.893529
-0.891307
-0.887907
-0.894974
-0.890298
-0.89426
-0.893136
-0.895215
-0.894447
-0.890663
-0.893505
-0.897329
-0.8947
-0.892416
-0.892348
-0.894646
-0.893532
-0.891337
-0.896325
-0.897497
-0.896069
-0.89617
-0.893021
-0.895961
-0.897218
-0.896374
-0.896154
-0.895501
-0.898138
-0.896107
-0.896194
-0.894052
-0.895633
-0.89634
-0.895022
-0.895021
-0.891873
-0.896272
-0.896496
-0.893721
-0.895485
-0.895755
-0.895757
-0.895622
-0.894881
-0.894371
-0.896737
-0.896783
-0.893785
-0.893848
-0.894253
-0.895828
-0.895061
-0.894937
-0.896395
-0.895749
-0.89509
-0.896359
-0.896739
-0.898205
-0.89722
-0.896796
-0.896315
-0.895525
-0.897945
-0.897226
-0.896604
-0.897742
-0.897626
-0.900553
-0.8981
-0.897899
-0.898359
-0.899456
-0.896823
-0.89604
-0.894945
-0.893876
-0.895912
-0.895946
-0.895509
-0.893314
-0.894234
-0.892797
-0.892391
-0.896218
-0.891772
-0.89344
-0.893453
-0.893892
-0.893825
-0.896845
-0.896556
-0.896148
-0.892907
-0.892403
-0.894562
-0.894417
-0.896335
-0.89406
-0.891029
-0.893206
-0.895208
-0.895207
-0.893354
-0.894544
-0.895772
-0.894635
-0.89368
-0.894533
-0.893903
-0.895628
-0.896261
-0.893985
-0.897897
-0.896664
-0.898419
-0.899466
-0.893655
-0.898717
-0.89805
-0.898091
-0.895096
-0.899245
-0.890848
-0.895763
-0.895616
-0.895132
-0.897756
-0.897609
-0.895332
-0.894677
-0.892712
-0.89301
-0.895067
-0.895175
-0.896965
-0.895697
-0.895983
-0.895268
-0.895645
-0.893006
-0.893099
-0.890169
-0.897081
-0.888889
-0.880208
-0.888215
-0.894848
-0.894961
-0.897652
-0.898674
-0.883597
-0.888884
-0.877959
-0.895333
-0.889472
-0.891338
-0.888913
-0.901406
-0.901102
-0.899698
-0.900654
-0.89762
-0.898389
-0.879663
-0.880539
-0.876475
-0.870941
-0.879307
-0.884931
-0.880499
-0.879309
-0.867467
-0.888271
-0.895584
-0.885574
-0.87653
-0.881371
-0.882705
-0.878183
-0.884061
-0.896827
-0.895752
-0.896315
-0.894245
-0.894134
-0.894734
-0.893724
-0.893568
-0.887983
-0.895531
-0.894205
-0.894767
-0.894088
-0.895482
-0.894395
-0.894292
-0.894533
-0.898996
-0.896648
-0.899125
-0.898405
-0.89865
-0.896984
-0.897576
-0.900236
-0.899259
-0.900251
-0.901019
-0.899038
-0.900393
-0.899701
-0.899375
-0.89968
-0.897829
-0.89966
-0.900454
-0.900741
-0.89963
-0.900856
-0.901085
-0.897463
-0.89466
-0.897523
-0.899846
-0.899022
-0.899879
-0.899018
-0.898873
-0.899708
-0.898836
-0.90002
-0.897095
-0.898797
-0.898848
-0.899934
-0.899638
-0.898196
-0.898995
-0.899551
-0.899064
-0.899349
-0.898447
-0.898202
-0.900317
-0.898029
-0.898509
-0.899004
-0.898705
-0.899379
-0.898007
-0.897267
-0.89812
-0.897505
-0.89701
-0.896613
-0.89835
-0.899873
-0.898552
-0.898983
-0.899248
-0.900885
-0.899136
-0.897755
-0.897922
-0.898212
-0.89622
-0.899741
-0.900911
-0.899033
-0.898834
-0.898743
-0.900462
-0.898996
-0.898338
-0.89835
-0.900288
-0.896007
-0.898059
-0.8987
-0.8975
-0.897968
-0.900557
-0.899789
-0.900283
-0.90041
-0.899287
-0.901391
-0.899234
-0.896675
-0.89987
-0.898398
-0.897213
-0.900536
-0.891211
-0.883608
-0.894734
-0.897982
-0.888387
-0.891832
-0.885103
-0.89417
-0.894329
-0.893963
-0.895391
-0.887785
-0.878887
-0.887498
-0.882042
-0.889257
-0.893247
-0.889769
-0.883026
-0.890068
-0.890153
-0.884347
-0.884256
-0.882995
-0.875595
-0.885498
-0.892848
-0.875126
-0.862663
-0.882984
-0.891523
-0.893719
-0.894647
-0.887864
-0.845102
-0.855719
-0.87235
-0.891625
-0.895466
-0.889776
-0.895003
-0.889832
-0.895842
-0.884399
-0.883146
-0.889368
-0.890349
-0.893017
-0.891877
-0.892445
-0.896152
-0.895289
-0.890389
-0.891707
-0.894119
-0.895681
-0.898064
-0.894909
-0.898605
-0.898076
-0.894373
-0.893605
-0.895275
-0.896384
-0.897557
-0.897999
-0.894989
-0.893616
-0.896315
-0.897663
-0.898224
-0.8938
-0.894474
-0.897666
-0.896731
-0.896468
-0.897004
-0.895973
-0.897662
-0.895895
-0.898045
-0.896853
-0.896329
-0.896443
-0.898293
-0.895433
-0.89574
-0.896359
-0.899785
-0.898588
-0.898744
-0.897625
-0.89983
-0.899111
-0.89801
-0.899503
-0.894854
-0.898843
-0.899128
-0.89859
-0.895391
-0.89664
-0.89511
-0.897206
-0.896763
-0.894213
-0.894565
-0.896164
-0.896992
-0.896924
-0.896972
-0.897475
-0.896979
-0.897706
-0.897461
-0.897558
-0.898137
-0.899255
-0.894223
-0.896298
-0.895085
-0.895498
-0.895338
-0.896605
-0.897745
-0.897506
-0.897628
-0.895084
-0.896608
-0.895833
-0.896648
-0.897695
-0.900117
-0.897157
-0.900734
-0.897409
-0.898089
-0.899244
-0.899641
-0.896139
-0.896849
-0.900248
-0.899906
-0.898493
-0.898758
-0.896214
-0.8952
-0.896434
-0.898452
-0.897769
-0.898507
-0.896435
-0.896064
-0.898476
-0.898091
-0.895866
-0.895546
-0.894223
-0.897443
-0.89611
-0.897716
-0.896768
-0.895273
-0.895351
-0.89916
-0.895674
-0.89484
-0.896318
-0.896405
-0.898257
-0.897514
-0.897385
-0.897854
-0.899492
-0.896448
-0.898635
-0.897117
-0.8969
-0.89765
-0.894778
-0.897779
-0.896699
-0.897629
-0.897653
-0.89547
-0.895538
-0.89735
-0.897333
-0.896604
-0.896114
-0.897502
-0.8991
-0.897224
-0.896078
-0.898471
-0.898195
-0.899903
-0.894943
-0.896357
-0.897052
-0.894856
-0.897399
-0.896537
-0.894929
-0.895381
-0.895272
-0.896938
-0.899062
-0.896453
-0.897434
-0.896889
-0.898699
-0.896525
-0.895234
-0.89793
-0.895969
-0.898618
-0.883101
-0.8863
-0.882391
-0.890206
-0.883969
-0.889321
-0.890187
-0.878466
-0.886526
-0.876154
-0.886335
-0.891402
-0.894334
-0.892605
-0.890867
-0.891655
-0.89452
-0.890483
-0.891041
-0.891135
-0.891886
-0.892297
-0.892746
-0.892017
-0.891526
-0.883516
-0.88172
-0.889555
-0.891858
-0.898187
-0.893226
-0.892055
-0.894388
-0.896378
-0.873793
-0.886902
-0.884302
-0.876542
-0.873058
-0.893621
-0.891611
-0.888703
-0.893453
-0.890479
-0.895344
-0.893106
-0.890729
-0.89548
-0.894433
-0.891897
-0.890275
-0.887838
-0.890854
-0.893562
-0.892395
-0.891454
-0.890656
-0.894516
-0.891025
-0.890301
-0.89488
-0.893865
-0.889123
-0.894777
-0.8968
-0.896157
-0.895829
-0.895902
-0.890365
-0.895235
-0.895246
-0.895049
-0.892451
-0.895394
-0.893206
-0.897747
-0.896223
-0.895376
-0.895767
-0.894774
-0.893879
-0.894912
-0.894692
-0.893386
-0.894348
-0.896839
-0.895721
-0.895832
-0.893577
-0.896562
-0.895463
-0.898281
-0.895697
-0.893748
-0.896625
-0.891713
-0.896917
-0.893041
-0.895598
-0.895315
-0.895355
-0.893576
-0.896154
-0.896571
-0.895522
-0.896386
-0.897268
-0.895857
-0.893676
-0.895796
-0.894314
-0.895523
-0.896194
-0.895824
-0.896524
-0.89711
-0.895508
-0.895339
-0.896595
-0.897031
-0.89435
-0.895695
-0.895133
-0.894984
-0.89199
-0.894958
-0.894922
-0.895729
-0.894721
-0.895884
-0.89418
-0.897446
-0.896437
-0.894335
-0.895093
-0.89332
-0.894891
-0.895824
-0.898461
-0.895194
-0.898819
-0.900011
-0.897381
-0.897876
-0.896475
-0.895209
-0.894065
-0.897045
-0.897218
-0.895896
-0.897297
-0.896628
-0.899621
-0.89667
-0.896476
-0.896214
-0.898867
-0.899227
-0.898659
-0.896851
-0.89721
-0.896389
-0.896924
-0.895464
-0.896005
-0.897144
-0.897434
-0.897119
-0.898014
-0.896597
-0.895802
-0.872117
-0.884242
-0.88808
-0.892232
-0.89112
-0.890722
-0.892405
-0.882502
-0.887196
-0.890249
-0.882159
-0.875903
-0.870153
-0.883311
-0.892365
-0.893861
-0.87384
-0.885277
-0.870495
-0.880838
-0.888314
-0.871328
-0.887219
-0.859334
-0.884172
-0.896034
-0.894605
-0.888765
-0.890725
-0.89273
-0.895487
-0.893129
-0.889413
-0.892684
-0.892147
-0.891157
-0.892432
-0.887798
-0.891452
-0.890588
-0.866996
-0.890028
-0.890127
-0.891972
-0.893493
-0.892949
-0.891725
-0.891883
-0.893438
-0.894382
-0.893943
-0.895871
-0.89147
-0.893514
-0.890755
-0.894167
-0.889197
-0.89202
-0.892631
-0.891113
-0.886332
-0.894367
-0.89642
-0.895078
-0.897425
-0.893146
-0.895517
-0.895469
-0.897283
-0.895286
-0.89365
-0.891577
-0.888895
-0.896547
-0.885969
-0.896195
-0.889872
-0.894898
-0.892307
-0.892923
-0.885312
-0.894578
-0.891557
-0.893105
-0.886902
-0.888793
-0.88965
-0.889995
-0.88698
-0.891461
-0.886396
-0.890756
-0.891876
-0.893918
-0.894198
-0.894474
-0.892362
-0.895816
-0.896808
-0.895363
-0.895295
-0.892516
-0.89109
-0.894084
-0.895534
-0.896291
-0.890588
-0.891856
-0.894108
-0.892867
-0.891593
-0.895357
-0.892383
-0.892743
-0.8953
-0.895243
-0.892295
-0.894902
-0.889973
-0.89503
-0.893088
-0.893684
-0.892695
-0.893778
-0.894209
-0.89303
-0.894704
-0.893535
-0.896226
-0.895481
-0.893075
-0.894983
-0.89525
-0.894336
-0.894489
-0.893701
-0.894077
-0.894128
-0.88911
-0.895623
-0.893918
-0.890623
-0.892631
-0.894245
-0.893591
-0.88318
-0.895849
-0.893701
-0.892084
-0.892654
-0.894901
-0.892123
-0.893833
-0.891963
-0.896556
-0.891222
-0.896421
-0.893846
-0.894239
-0.893812
-0.893451
-0.892506
-0.895739
-0.886705
-0.89007
-0.893558
-0.892726
-0.889151
-0.892039
-0.891002
-0.888847
-0.894262
-0.890476
-0.893438
-0.892294
-0.893076
-0.892906
-0.890674
-0.895252
-0.893907
-0.894862
-0.890395
-0.895215
-0.893965
-0.896029
-0.890791
-0.893149
-0.89477
-0.89372
-0.894145
-0.891852
-0.897876
-0.895249
-0.892355
-0.890445
-0.893259
-0.895978
-0.894789
-0.896647
-0.894395
-0.892518
-0.893322
-0.892265
-0.893498
-0.892763
-0.894423
-0.893616
-0.893347
-0.891978
-0.89576
-0.894395
-0.892982
-0.890871
-0.872218
-0.882519
-0.889485
-0.890479
-0.890985
-0.889931
-0.892906
-0.891619
-0.894505
-0.893882
-0.893787
-0.89448
-0.893675
-0.894239
-0.894185
-0.89653
-0.895586
-0.894702
-0.895411
-0.893677
