bad volumes, zero indexed (FSL style)
974
977
978
1860
1861
1862
1863
1864
1865
1866
1867
1880
1884
1886
1887
1888
1889
1890
1891
1892
1893
1894
1895
1896
1898
1899
1900
1901
1997
2007
2008
2009
2010
2011
2012
2030
2031
2032
2033
2034
2035
2036
2037
2038
2039
2040
2041
2042
2054
2055
2056
2057
2058
2059
2060
2069
2070
2071
2072
2073
2074
2139
2140
2141
2142
2143
2144
2145
2146
2413
2414
2425
2426
2427
2428
2429
2430
2431
2432
2433
2434
2435
2436
2437
2441
2442
2448
2449
2450
2451
2452
2453
2454
2455
2456
2488
