bad volumes, zero indexed (FSL style)
24
41
47
58
71
89
96
114
135
136
138
140
146
153
154
155
164
178
181
185
186
190
201
203
209
211
212
213
215
253
254
260
262
266
267
276
279
280
283
287
294
297
306
307
308
310
316
317
319
320
325
327
330
331
333
335
342
348
349
352
353
356
357
365
370
381
382
387
393
397
403
405
417
418
433
435
532
534
536
546
553
559
562
564
569
571
572
577
579
580
582
589
591
592
596
597
598
601
607
609
611
615
616
617
620
624
626
628
631
632
647
653
655
663
672
675
682
685
689
693
694
701
702
711
718
720
726
728
729
730
731
736
737
740
745
749
750
751
752
754
756
760
765
768
770
785
787
791
800
807
813
814
817
819
835
837
841
843
844
856
863
872
873
880
882
891
906
907
909
911
916
922
929
933
934
937
953
955
956
960
961
962
964
973
974
977
978
986
1364
1365
1860
1861
1866
1867
1879
1880
1884
1886
1888
1889
1890
1891
1892
1894
1896
1898
1899
1997
2000
2007
2009
2012
2013
2029
2032
2033
2036
2041
2042
2050
2054
2055
2056
2058
2059
2060
2061
2069
2070
2071
2073
2074
2075
2076
2139
2140
2141
2142
2143
2144
2145
2146
2147
2413
2414
2425
2426
2428
2429
2430
2431
2432
2433
2434
2435
2436
2441
2450
2452
2453
2454
2455
2456
2487
2488
2493
