-0.906183
-0.904015
-0.905841
-0.904871
-0.901242
-0.902277
-0.90549
-0.901803
-0.901991
-0.901699
-0.904252
-0.906562
-0.908006
-0.907068
-0.907497
-0.905679
-0.904642
-0.902876
-0.902749
-0.905538
-0.90689
-0.90293
-0.90133
-0.904345
-0.897114
-0.895503
-0.906896
-0.910041
-0.909263
-0.909382
-0.910457
-0.91036
-0.910214
-0.904568
-0.910818
-0.908052
-0.906901
-0.909007
-0.904355
-0.908624
-0.908134
-0.899468
-0.901025
-0.908092
-0.90943
-0.913549
-0.915394
-0.896383
-0.90651
-0.91245
-0.913445
-0.914906
-0.913642
-0.913503
-0.91324
-0.913927
-0.913638
-0.907059
-0.894286
-0.907512
-0.909824
-0.90015
-0.913018
-0.91568
-0.903775
-0.904798
-0.911419
-0.91212
-0.912973
-0.911003
-0.912468
-0.901547
-0.91136
-0.902976
-0.903315
-0.901226
-0.902986
-0.909836
-0.912217
-0.910546
-0.915465
-0.903855
-0.90186
-0.900775
-0.897187
-0.910297
-0.911825
-0.910395
-0.902617
-0.902497
-0.903358
-0.90738
-0.912159
-0.914063
-0.913595
-0.907285
-0.898434
-0.912503
-0.911149
-0.913754
-0.912764
-0.912977
-0.912731
-0.910748
-0.915001
-0.914189
-0.912615
-0.91354
-0.913822
-0.913574
-0.91293
-0.911525
-0.910974
-0.911893
-0.890572
-0.902481
-0.904223
-0.906261
-0.909504
-0.909259
-0.910058
-0.913568
-0.912812
-0.913163
-0.914551
-0.911845
-0.913298
-0.911987
-0.913458
-0.910946
-0.910821
-0.909972
-0.910453
-0.908296
-0.905623
-0.884389
-0.854079
-0.87268
-0.884491
-0.900508
-0.899971
-0.901754
-0.900178
-0.90968
-0.914045
-0.912091
-0.898086
-0.890938
-0.902076
-0.897688
-0.902575
-0.897496
-0.908758
-0.887005
-0.874803
-0.88677
-0.895929
-0.896052
-0.882079
-0.904511
-0.906342
-0.909219
-0.912022
-0.9129
-0.891523
-0.88405
-0.886785
-0.891465
-0.884506
-0.887845
-0.91227
-0.898427
-0.900414
-0.870302
-0.883767
-0.888179
-0.900741
-0.908675
-0.888938
-0.906249
-0.910823
-0.876081
-0.88819
-0.895247
-0.896917
-0.873412
-0.866716
-0.880084
-0.900048
-0.901199
-0.8763
-0.898548
-0.901533
-0.903911
-0.900579
-0.89962
-0.902466
-0.903759
-0.904739
-0.906806
-0.906434
-0.875769
-0.886248
-0.886667
-0.905201
-0.908425
-0.910381
-0.909455
-0.910128
-0.887371
-0.907675
-0.8869
-0.905956
-0.902512
-0.916292
-0.897889
-0.913169
-0.902004
-0.90223
-0.914631
-0.906327
-0.916763
-0.896416
-0.90993
-0.914011
-0.917932
-0.919982
-0.919658
-0.918542
-0.917914
-0.918065
-0.918154
-0.918591
-0.917913
-0.919282
-0.914546
-0.915561
-0.914873
-0.917706
-0.918029
-0.918062
-0.917449
-0.916628
-0.917662
-0.916963
-0.918301
-0.917724
-0.917315
-0.917318
-0.917473
-0.916944
-0.915105
-0.916614
-0.885602
-0.867282
-0.888833
-0.901744
-0.902352
-0.912876
-0.892448
-0.87487
-0.882564
-0.874305
-0.900681
-0.906441
-0.905071
-0.869007
-0.874324
-0.901939
-0.890555
-0.884312
-0.884
-0.877061
-0.899532
-0.902825
-0.891689
-0.903931
-0.897444
-0.893148
-0.859021
-0.859942
-0.869082
-0.886535
-0.8879
-0.895142
-0.893537
-0.887418
-0.891211
-0.871442
-0.871978
-0.872939
-0.888209
-0.900979
-0.902198
-0.877512
-0.902431
-0.906477
-0.871039
-0.881351
-0.895464
-0.89191
-0.89175
-0.885264
-0.883843
-0.897507
-0.899155
-0.879267
-0.891743
-0.877275
-0.873366
-0.886573
-0.8969
-0.902507
-0.902625
-0.902624
-0.889591
-0.847954
-0.870191
-0.904927
-0.879644
-0.874314
-0.879949
-0.889347
-0.898539
-0.892083
-0.891053
-0.885229
-0.875816
-0.887421
-0.896137
-0.883409
-0.848535
-0.882304
-0.89202
-0.911457
-0.882156
-0.90098
-0.904557
-0.90535
-0.902073
-0.90175
-0.891002
-0.867021
-0.874569
-0.887254
-0.888679
-0.893083
-0.898364
-0.89114
-0.893165
-0.908156
-0.904364
-0.882193
-0.898137
-0.906811
-0.910715
-0.871647
-0.880126
-0.903511
-0.888187
-0.890077
-0.901507
-0.90613
-0.90553
-0.904977
-0.898682
-0.917991
-0.91363
-0.917775
-0.918473
-0.882401
-0.909347
-0.916364
-0.919468
-0.91731
-0.918093
-0.917951
-0.915224
-0.914647
-0.917621
-0.906341
-0.873376
-0.852752
-0.888953
-0.881694
-0.889256
-0.909141
-0.866477
-0.891716
-0.888216
-0.8993
-0.887567
-0.90738
-0.8823
-0.908745
-0.916482
-0.915543
-0.877039
-0.898432
-0.90739
-0.912722
-0.909285
-0.910629
-0.871524
-0.912676
-0.899862
-0.914105
-0.910725
-0.912469
-0.916159
-0.913415
-0.916377
-0.916928
-0.915323
-0.916611
-0.917143
-0.916258
-0.896767
-0.907247
-0.908868
-0.915138
-0.915962
-0.915711
-0.916341
-0.915942
-0.915658
-0.915646
-0.916692
-0.916021
-0.908288
-0.903589
-0.912192
-0.91412
-0.901496
-0.903404
-0.901011
-0.896957
-0.915911
-0.916896
-0.917037
-0.915019
-0.913732
-0.917712
-0.917193
-0.914518
-0.914824
-0.913046
-0.913254
-0.913045
-0.91184
-0.912175
-0.914453
-0.914134
-0.912499
-0.911781
-0.91186
-0.912552
-0.912353
-0.910543
-0.910058
-0.909123
-0.909013
-0.909027
-0.909136
-0.909589
-0.909914
-0.910601
-0.912919
-0.914216
-0.913747
-0.916399
-0.915124
-0.915183
-0.912782
-0.913565
-0.913289
-0.912671
-0.912329
-0.912228
-0.913536
-0.913382
-0.912265
-0.911718
-0.910851
-0.912213
-0.912259
-0.911737
-0.910161
-0.909572
-0.910271
-0.911387
-0.911272
-0.912297
-0.913643
-0.912672
-0.911802
-0.912456
-0.911791
-0.912226
-0.913344
-0.9123
-0.910886
-0.910879
-0.910204
-0.908324
-0.911261
-0.91218
-0.914004
-0.912613
-0.911111
-0.913022
-0.913816
-0.915946
-0.914726
-0.915879
-0.915518
-0.913646
-0.915892
-0.916107
-0.915864
-0.915632
-0.914842
-0.915527
-0.915226
-0.916378
-0.917067
-0.916588
-0.915851
-0.914921
-0.914333
-0.913391
-0.913469
-0.879977
-0.89117
-0.886829
-0.907734
-0.904984
-0.907584
-0.910563
-0.908606
-0.907561
-0.908198
-0.909905
-0.910935
-0.909691
-0.911433
-0.855619
-0.904947
-0.913495
-0.913748
-0.916885
-0.916378
-0.914923
-0.877905
-0.875192
-0.878249
-0.902967
-0.901684
-0.90219
-0.904512
-0.907968
-0.896319
-0.886644
-0.887841
-0.881235
-0.877694
-0.891189
-0.910366
-0.915052
-0.894876
-0.913032
-0.864984
-0.905479
-0.904497
-0.902706
-0.908869
-0.90572
-0.882553
-0.907469
-0.886649
-0.872235
-0.894699
-0.862332
-0.88423
-0.898104
-0.897183
-0.891065
-0.904917
-0.910187
-0.860966
-0.9099
-0.905138
-0.896825
-0.904796
-0.914501
-0.915896
-0.891147
-0.892426
-0.884951
-0.898266
-0.881651
-0.881778
-0.912125
-0.882184
-0.894657
-0.889199
-0.885311
-0.89029
-0.906444
-0.881942
-0.883947
-0.848209
-0.86712
-0.883885
-0.88031
-0.866177
-0.872868
-0.891419
-0.880621
-0.89285
-0.877749
-0.901791
-0.904568
-0.904442
-0.887646
-0.905672
-0.90065
-0.884993
-0.901792
-0.909066
-0.911045
-0.864683
-0.89257
-0.914075
-0.909092
-0.913428
-0.915209
-0.912938
-0.908934
-0.914961
-0.914383
-0.913053
-0.912461
-0.911972
-0.912475
-0.912947
-0.911299
-0.867538
-0.908987
-0.914175
-0.913483
-0.91567
-0.914651
-0.899986
-0.915091
-0.907014
-0.915319
-0.915675
-0.913829
-0.912735
-0.914604
-0.915171
-0.916544
-0.868101
-0.9028
-0.909659
-0.909345
-0.906492
-0.903019
-0.902973
-0.906608
-0.911002
-0.884201
-0.879466
-0.892382
-0.88607
-0.899386
-0.903809
-0.907852
-0.91213
-0.909259
-0.89133
-0.884271
-0.90744
-0.908728
-0.905582
-0.909493
-0.909267
-0.906169
-0.886172
-0.911286
-0.907632
-0.916391
-0.8965
-0.889561
-0.902063
-0.912175
-0.910744
-0.91423
-0.913541
-0.910251
-0.883939
-0.895437
-0.911674
-0.907966
-0.909
-0.90949
-0.909885
-0.906089
-0.90887
-0.909655
-0.90655
-0.913298
-0.915608
-0.911727
-0.910361
-0.916454
-0.915197
-0.904915
-0.908953
-0.909467
-0.897181
-0.889676
-0.907353
-0.909904
-0.908941
-0.871044
-0.90123
-0.889691
-0.879558
-0.894994
-0.901452
-0.908895
-0.912998
-0.90268
-0.908961
-0.8738
-0.899851
-0.913029
-0.912423
-0.907635
-0.911194
-0.909152
-0.911795
-0.911466
-0.908995
-0.912273
-0.913121
-0.912746
-0.893709
-0.897445
-0.89358
-0.893225
-0.904993
-0.886539
-0.900487
-0.871917
-0.904913
-0.901912
-0.903641
-0.8709
-0.907697
-0.906391
-0.906668
-0.903572
-0.894997
-0.904635
-0.909925
-0.89519
-0.911514
-0.909416
-0.909103
-0.909873
-0.910333
-0.912005
-0.91085
-0.910412
-0.912617
-0.907387
-0.909644
-0.906976
-0.907837
-0.905902
-0.905142
-0.898357
-0.890299
-0.88728
-0.89176
-0.914115
-0.915337
-0.913448
-0.895715
-0.907341
-0.913446
-0.917336
-0.916427
-0.915819
-0.914178
-0.906547
-0.903171
-0.904684
-0.911148
-0.90906
-0.908528
-0.909154
-0.90929
-0.910493
-0.904756
-0.911521
-0.910949
-0.910564
-0.908454
-0.899917
-0.909373
-0.906377
-0.916727
-0.910918
-0.908675
-0.916431
-0.887809
-0.900995
-0.898075
-0.909894
-0.905809
-0.910625
-0.913009
-0.914134
-0.915075
-0.914024
-0.915767
-0.912786
-0.91385
-0.914443
-0.916445
-0.908575
-0.901293
-0.909147
-0.899293
-0.908876
-0.907587
-0.908386
-0.905224
-0.905258
-0.899669
-0.903173
-0.907058
-0.908502
-0.908324
-0.904962
-0.904049
-0.905791
-0.909202
-0.909583
-0.912884
-0.900848
-0.911799
-0.883472
-0.909706
-0.908017
-0.90676
-0.897729
-0.909161
-0.908407
-0.898696
-0.904405
-0.904163
-0.908384
-0.903743
-0.900777
-0.897188
-0.905965
-0.90425
-0.8574
-0.878991
-0.88538
-0.895246
-0.886738
-0.891004
-0.891478
-0.892916
-0.885962
-0.888423
-0.847374
-0.903065
-0.907395
-0.909306
-0.910981
-0.913352
-0.912892
-0.911156
-0.905895
-0.903338
-0.90746
-0.905773
-0.909162
-0.910634
-0.910221
-0.912953
-0.909527
-0.912292
-0.911681
-0.900386
-0.903699
-0.908102
-0.905941
-0.898747
-0.855127
-0.879285
-0.890719
-0.87243
-0.895016
-0.882546
-0.868541
-0.863416
-0.865568
-0.86285
-0.859258
-0.864191
-0.874796
-0.878791
-0.874894
-0.861592
-0.876733
-0.905516
-0.908616
-0.908049
-0.909348
-0.909504
-0.910041
-0.90149
-0.901009
-0.907914
-0.900253
-0.903162
-0.902754
-0.90774
-0.909026
-0.904584
-0.909136
-0.904898
-0.908354
-0.900188
-0.896839
-0.895363
-0.901069
-0.904744
-0.904421
-0.904214
-0.905396
-0.901096
-0.900246
-0.906159
-0.90543
-0.90221
-0.897386
-0.859654
-0.861715
-0.878974
-0.888736
-0.890278
-0.882636
-0.862697
-0.885096
-0.895576
-0.876479
-0.909338
-0.913142
-0.911762
-0.910038
-0.911323
-0.906587
-0.907589
-0.901557
-0.890091
-0.845268
-0.857932
-0.858618
-0.828658
-0.83197
-0.85442
-0.854799
-0.860247
-0.862004
-0.863932
-0.862001
-0.877493
-0.851243
-0.899287
-0.898981
-0.906279
-0.912401
-0.913321
-0.902508
-0.898261
-0.902565
-0.913187
-0.916534
-0.917347
-0.917442
-0.910769
-0.915683
-0.913877
-0.914734
-0.91197
-0.913517
-0.914968
-0.913788
-0.904684
-0.910054
-0.907445
-0.911806
-0.905217
-0.912342
-0.912801
-0.907748
-0.902185
-0.90251
-0.911623
-0.9141
-0.913433
-0.90931
-0.911176
-0.91313
-0.911237
-0.91108
-0.911669
-0.910815
-0.910032
-0.910192
-0.908484
-0.907603
-0.900051
-0.907196
-0.906672
-0.9085
-0.910551
-0.909608
-0.903971
-0.903966
-0.905287
-0.904407
-0.901913
-0.902521
-0.906387
-0.902343
-0.902715
-0.897481
-0.900396
-0.897826
-0.893722
-0.89234
-0.899391
-0.899035
-0.898461
-0.90029
-0.900126
-0.899438
-0.901865
-0.903895
-0.902984
-0.903411
-0.903134
-0.904841
-0.901874
-0.902299
-0.90381
-0.902633
-0.902599
-0.901527
-0.903743
-0.904705
-0.904178
-0.904034
-0.906488
-0.905796
-0.909873
-0.909143
-0.909154
-0.90853
-0.90989
-0.908995
-0.908615
-0.909015
-0.907544
-0.908698
-0.909047
-0.910237
-0.911114
-0.910948
-0.90667
-0.906615
-0.909195
-0.907318
-0.904319
-0.909901
-0.910251
-0.90946
-0.909993
-0.906739
-0.909491
-0.909974
-0.908926
-0.905979
-0.906581
-0.90943
-0.905858
-0.908727
-0.909217
-0.909611
-0.910432
-0.909288
-0.908569
-0.909376
-0.907959
-0.90748
-0.908714
-0.909647
-0.906743
-0.910818
-0.908884
-0.909328
-0.908507
-0.909928
-0.909347
-0.909853
-0.908615
-0.909066
-0.908236
-0.910681
-0.90839
-0.905951
-0.908989
-0.911485
-0.908861
-0.909368
-0.909965
-0.910921
-0.911029
-0.906763
-0.911823
-0.912648
-0.913981
-0.911657
-0.910132
-0.909985
-0.911404
-0.908927
-0.908787
-0.90696
-0.908335
-0.910688
-0.907655
-0.907809
-0.9065
-0.907984
-0.909729
-0.90921
-0.906435
-0.904581
-0.90659
-0.909515
-0.906785
-0.907064
-0.90961
-0.908883
-0.908107
-0.906997
-0.905982
-0.906026
-0.907868
-0.904925
-0.903542
-0.904272
-0.903585
-0.903002
-0.901472
-0.904378
-0.902637
-0.902919
-0.903948
-0.905485
-0.905464
-0.907251
-0.904902
-0.9059
-0.907254
-0.910052
-0.909801
-0.911015
-0.909269
-0.910717
-0.91016
-0.911231
-0.911644
-0.908373
-0.910927
-0.909894
-0.908245
-0.909744
-0.908101
-0.911245
-0.910553
-0.908229
-0.90796
-0.903393
-0.904267
-0.904612
-0.906763
-0.905949
-0.903642
-0.905077
-0.905975
-0.905403
-0.905149
-0.905555
-0.905816
-0.904682
-0.899445
-0.903914
-0.902534
-0.901761
-0.902364
-0.903835
-0.904718
-0.904447
-0.903583
-0.902008
-0.903002
-0.90406
-0.899488
-0.90091
-0.90212
-0.900072
-0.902392
-0.904545
-0.903243
-0.906524
-0.906733
-0.905703
-0.905613
-0.906608
-0.906426
-0.907495
-0.904653
-0.906333
-0.905951
-0.905399
-0.904975
-0.907336
-0.910259
-0.911606
-0.91164
-0.911535
-0.911647
-0.911538
-0.912694
-0.911509
-0.911783
-0.912929
-0.911738
-0.910192
-0.913058
-0.911976
-0.910996
-0.914082
-0.914374
-0.913632
-0.912399
-0.913186
-0.914587
-0.912048
-0.913727
-0.912736
-0.913636
-0.914321
-0.913226
-0.914279
-0.915264
-0.914847
-0.913535
-0.912476
-0.910252
-0.911988
-0.911762
-0.911712
-0.911399
-0.912026
-0.911347
-0.914771
-0.91212
-0.913672
-0.91379
-0.915343
-0.915186
-0.91377
-0.912772
-0.914744
-0.915725
-0.914708
-0.914209
-0.915211
-0.913619
-0.910182
-0.914632
-0.912166
-0.912021
-0.912018
-0.911435
-0.909985
-0.909164
-0.912058
-0.911667
-0.911715
-0.912461
-0.910676
-0.913544
-0.911612
-0.913299
-0.914479
-0.914333
-0.914703
-0.912567
-0.913678
-0.913326
-0.912343
-0.912062
-0.913783
-0.915148
-0.913759
-0.916139
-0.912924
-0.914588
-0.912261
-0.911257
-0.910593
-0.911883
-0.910681
-0.909628
-0.909844
-0.910509
-0.911723
-0.910408
-0.908943
-0.90912
-0.90992
-0.910275
-0.908453
-0.909515
-0.911432
-0.911391
-0.911496
-0.910877
-0.911682
-0.910488
-0.909665
-0.910325
-0.910926
-0.910651
-0.911718
-0.914406
-0.916883
-0.915805
-0.915944
-0.915734
-0.874033
-0.848656
-0.902907
-0.901509
-0.903818
-0.911652
-0.912723
-0.907001
-0.903791
-0.91143
-0.909441
-0.909692
-0.914496
-0.914149
-0.912181
-0.911704
-0.916624
-0.9146
-0.913715
-0.914778
-0.913569
-0.914586
-0.915586
-0.912628
-0.912494
-0.913171
-0.914635
-0.912643
-0.91133
-0.908632
-0.91126
-0.914699
-0.915897
-0.915296
-0.915391
-0.914106
-0.917543
-0.918336
-0.916889
-0.917656
-0.916369
-0.917185
-0.916627
-0.916011
-0.918112
-0.919412
-0.918112
-0.9174
-0.916955
-0.918184
-0.916923
-0.920174
-0.918442
-0.919762
-0.920301
-0.91704
-0.91867
-0.920674
-0.921042
-0.919244
-0.920184
-0.919981
-0.920561
-0.920861
-0.923226
-0.92241
-0.921555
-0.923274
-0.918756
-0.920324
-0.920315
-0.922737
-0.92345
-0.921839
-0.922884
-0.922775
-0.922354
-0.92435
-0.923763
-0.923464
-0.923337
-0.923661
-0.92391
-0.924077
-0.922851
-0.923875
-0.92357
-0.922457
-0.924138
-0.923098
-0.922918
-0.923963
-0.924603
-0.922394
-0.923283
-0.921593
-0.92056
-0.919133
-0.91965
-0.917087
-0.919193
-0.921049
-0.921959
-0.924096
-0.922203
-0.923822
-0.924896
-0.923234
-0.92363
-0.922951
-0.923698
-0.923838
-0.924242
-0.925207
-0.925477
-0.923902
-0.924644
-0.92329
-0.923872
-0.923781
-0.92379
-0.923573
-0.922834
-0.923802
-0.92461
-0.922683
-0.924332
-0.924379
-0.922532
-0.921521
-0.922301
-0.920548
-0.923348
-0.919803
-0.920512
-0.920847
-0.922711
-0.921381
-0.919737
-0.921291
-0.921491
-0.92345
-0.922879
-0.924246
-0.9208
-0.919646
-0.918141
-0.919683
-0.921834
-0.924442
-0.925632
-0.925102
-0.92428
-0.923468
-0.923144
-0.92421
-0.924688
-0.923196
-0.922473
-0.922906
-0.924066
-0.922819
-0.923268
-0.923701
-0.921667
-0.923684
-0.921916
-0.920089
-0.917282
-0.916032
-0.919468
-0.915946
-0.919845
-0.91847
-0.920196
-0.923468
-0.921541
-0.922473
-0.9222
-0.922156
-0.922364
-0.920941
-0.92036
-0.920121
-0.91752
-0.916058
-0.920744
-0.920832
-0.917498
-0.921841
-0.917711
-0.919001
-0.920102
-0.919607
-0.920886
-0.921596
-0.92225
-0.924898
-0.92284
-0.924047
-0.923766
-0.922371
-0.921707
-0.924038
-0.923333
-0.919646
-0.922164
-0.923776
-0.922319
-0.922841
-0.922368
-0.919475
-0.921437
-0.923444
-0.923366
-0.922853
-0.922153
-0.92258
-0.922009
-0.923331
-0.922283
-0.92301
-0.922717
-0.921382
-0.922887
-0.925023
-0.920614
-0.921737
-0.91851
-0.91703
-0.920571
-0.921899
-0.923287
-0.923149
-0.924111
-0.922051
-0.924137
-0.923259
-0.92168
-0.923065
-0.92266
-0.924635
-0.922592
-0.920642
-0.917566
-0.918117
-0.919705
-0.920843
-0.922157
-0.923479
-0.924876
-0.922678
-0.91768
-0.918175
-0.916249
-0.921794
-0.921594
-0.918864
-0.920687
-0.920699
-0.920747
-0.920404
-0.921221
-0.920801
-0.921025
-0.922569
-0.922168
-0.921321
-0.921439
-0.921983
-0.918775
-0.921283
-0.921166
-0.920507
-0.921409
-0.921748
-0.922267
-0.920492
-0.920961
-0.922991
-0.921207
-0.922176
-0.92102
-0.921041
-0.919208
-0.920122
-0.922023
-0.921197
-0.920878
-0.922899
-0.922547
-0.920742
-0.917041
-0.918522
-0.92041
-0.918626
-0.920816
-0.921826
-0.919603
-0.919309
-0.92208
-0.921875
-0.920141
-0.921926
-0.920939
-0.921896
-0.920761
-0.920712
-0.922063
-0.92159
-0.919424
-0.919766
-0.920435
-0.922078
-0.920193
-0.92253
-0.923487
-0.921803
-0.921246
-0.922107
-0.918089
-0.919614
-0.922743
-0.921058
-0.924113
-0.919457
-0.917622
-0.919711
-0.924064
-0.924247
-0.922239
-0.922052
-0.92047
-0.922873
-0.922512
-0.922189
-0.92373
-0.923978
-0.922381
-0.923532
-0.924595
-0.921683
-0.916921
-0.916753
-0.91875
-0.920041
-0.921583
-0.923583
-0.919305
-0.919266
-0.919504
-0.919287
-0.919811
-0.921207
-0.920513
-0.923202
-0.922252
-0.92053
-0.922692
-0.920751
-0.923628
-0.92201
-0.921435
-0.922177
-0.919182
-0.921656
-0.919763
-0.919818
-0.917218
-0.920825
-0.920385
-0.920894
-0.921002
-0.923812
-0.922727
-0.92315
-0.922447
-0.922368
-0.921981
-0.922573
-0.922999
-0.923006
-0.920941
-0.919929
-0.921203
-0.919371
-0.920781
-0.919148
-0.918278
-0.916396
-0.915801
-0.915035
-0.916052
-0.917609
-0.91699
-0.917116
-0.916795
-0.914129
-0.915303
-0.918254
-0.922589
-0.923636
-0.921902
-0.922056
-0.919636
-0.920557
-0.916151
-0.918743
-0.923473
-0.922396
-0.917522
-0.922103
-0.922663
-0.922554
-0.921837
-0.921984
-0.923994
-0.923588
-0.923708
-0.925257
-0.923255
-0.922946
-0.920197
-0.919684
-0.921056
-0.920491
-0.923343
-0.924231
-0.923488
-0.924506
-0.922539
-0.921628
-0.923848
-0.922624
-0.922455
-0.923388
-0.923481
-0.922749
-0.922478
-0.919247
-0.921841
-0.921115
-0.921526
-0.921876
-0.921991
-0.923487
-0.921156
-0.922032
-0.923311
-0.921459
-0.922298
-0.921344
-0.921144
-0.916513
-0.918682
-0.92377
-0.922279
-0.922189
-0.922938
-0.921253
-0.921647
-0.922055
-0.923001
-0.921392
-0.922199
-0.918752
-0.917468
-0.922847
-0.919587
-0.919927
-0.918275
-0.922008
-0.920808
-0.923734
-0.92259
-0.922308
-0.922565
-0.925048
-0.922524
-0.917818
-0.924202
-0.922596
-0.924617
-0.92303
-0.923441
-0.922545
-0.922664
-0.923815
-0.92109
-0.922175
-0.920852
-0.923416
-0.918778
-0.919767
-0.91888
-0.920978
-0.833718
-0.797732
-0.812812
-0.81583
-0.817062
-0.835228
-0.825062
-0.812094
-0.889195
-0.894267
-0.906966
-0.907765
-0.908316
-0.905179
-0.906043
-0.909076
-0.907977
-0.900391
-0.899572
-0.894455
-0.840949
-0.874166
-0.873505
-0.884145
-0.831121
-0.849413
-0.839169
-0.842884
-0.830249
-0.752765
-0.810103
-0.800829
-0.76254
-0.784169
-0.7895
-0.837121
-0.834118
-0.857804
-0.841088
-0.783321
-0.843337
-0.84482
-0.861678
-0.877415
-0.878618
-0.877671
-0.880854
-0.887063
-0.899256
-0.90319
-0.900656
-0.902588
-0.902199
-0.905295
-0.900072
-0.895718
-0.89819
-0.893745
-0.895129
-0.891526
-0.891601
-0.894168
-0.903598
-0.914557
-0.910383
-0.911064
-0.911326
-0.909072
-0.911054
-0.913648
-0.916383
-0.916217
-0.914475
-0.917759
-0.916843
-0.916049
-0.914773
-0.916904
-0.916103
-0.913986
-0.905332
-0.916462
-0.914122
-0.913367
-0.910838
-0.902379
-0.900399
-0.899743
-0.897031
-0.907553
-0.902863
-0.902776
-0.899787
-0.901595
-0.89973
-0.897636
-0.904246
-0.910991
-0.906941
-0.905807
-0.905178
-0.911929
-0.91196
-0.904415
-0.902153
-0.900932
-0.902899
-0.898144
-0.901236
-0.89591
-0.904045
-0.903472
-0.904549
-0.908713
-0.913575
-0.905213
-0.910715
-0.913062
-0.915031
-0.910207
-0.906521
-0.90829
-0.913037
-0.915177
-0.910242
-0.91496
-0.910063
-0.908539
-0.908637
-0.908827
-0.909664
-0.909959
-0.907013
-0.915606
-0.905851
-0.907539
-0.901111
-0.844283
-0.856171
-0.859522
-0.865352
-0.856021
-0.873209
-0.886938
-0.895248
-0.894879
-0.890946
-0.797607
-0.812603
-0.830815
-0.842603
-0.841243
-0.795648
-0.859785
-0.880757
-0.900187
-0.901805
-0.902739
-0.903011
-0.901552
-0.910964
-0.918529
-0.916483
-0.919831
-0.91136
-0.909883
-0.912269
-0.918167
-0.907838
-0.891291
-0.83544
-0.833367
-0.836198
-0.764557
-0.748209
-0.75653
-0.772861
-0.829226
-0.827725
-0.831439
-0.825659
-0.726729
-0.753119
-0.858352
-0.876133
-0.876316
-0.877654
-0.891139
-0.881389
-0.884038
-0.866616
-0.87123
-0.875539
-0.87448
-0.840689
-0.741274
-0.799498
-0.810213
-0.821067
-0.765085
-0.744923
-0.86575
-0.881313
-0.889828
-0.891591
-0.899048
-0.899752
-0.898148
-0.854957
-0.822246
-0.77229
-0.824811
-0.810746
-0.69634
-0.750205
-0.850882
-0.870645
-0.895007
-0.91312
-0.915768
-0.915471
-0.917673
-0.914617
-0.911442
-0.91921
-0.913605
-0.916556
-0.920937
-0.920508
-0.917651
-0.918534
-0.9167
-0.919581
-0.920649
-0.919112
-0.915617
-0.913836
-0.915514
-0.916168
-0.919051
-0.915641
-0.909803
-0.912999
-0.912829
-0.916272
-0.918088
-0.918416
-0.918742
-0.919205
-0.919217
-0.915587
-0.917849
-0.918251
-0.91997
-0.919016
-0.917875
-0.914807
-0.910464
-0.918097
-0.916801
-0.91468
-0.915384
-0.913086
-0.915119
-0.909775
-0.909446
-0.9131
-0.918314
-0.912398
-0.909438
-0.913539
-0.920281
-0.919956
-0.915652
-0.914045
-0.885007
-0.902313
-0.900403
-0.895894
-0.787135
-0.782404
-0.787187
-0.800278
-0.786589
-0.68897
-0.693519
-0.805528
-0.860114
-0.898964
-0.902136
-0.905195
-0.909493
-0.912372
-0.912457
-0.913647
-0.916265
-0.91746
-0.919413
-0.918338
-0.918917
-0.920123
-0.920326
-0.921806
-0.919398
-0.918979
-0.920894
-0.920647
-0.920379
-0.920311
-0.920404
-0.92242
-0.922718
-0.922478
-0.921974
-0.919895
-0.9199
-0.920622
-0.918234
-0.918015
-0.914215
-0.916545
-0.920224
-0.919053
-0.920519
-0.922532
-0.919724
-0.919303
-0.919175
-0.915537
-0.9175
-0.917797
-0.917325
-0.918245
-0.919648
-0.918693
-0.921505
-0.922065
-0.918798
-0.918671
-0.919998
-0.919324
-0.919182
-0.919208
-0.919099
-0.921012
-0.918971
-0.92171
-0.916311
-0.920563
-0.922623
-0.918183
-0.920945
-0.92104
-0.920237
-0.920678
-0.921625
-0.920792
-0.921651
-0.922304
-0.920345
-0.921301
-0.920889
-0.91832
-0.917477
-0.918557
-0.918833
-0.914399
-0.917364
-0.918055
-0.920361
-0.917808
-0.91963
-0.919214
-0.921615
-0.922549
-0.921786
-0.921199
-0.921076
-0.922173
-0.921566
-0.921599
-0.921682
-0.921589
-0.919731
-0.918434
-0.915683
-0.916254
-0.916274
-0.918171
-0.913774
-0.915195
-0.915582
-0.919445
-0.919151
-0.920726
-0.917314
-0.918424
-0.921214
-0.922227
-0.9196
-0.916183
-0.914955
-0.91875
-0.920878
-0.921648
-0.921913
-0.921225
-0.92188
-0.92158
-0.92141
-0.921109
-0.920051
-0.920938
-0.921751
-0.923549
-0.922882
-0.922806
-0.921661
-0.922077
-0.92274
-0.921491
-0.921861
-0.92095
-0.922537
-0.921341
-0.92115
-0.920849
-0.917173
-0.917204
-0.91762
-0.917799
-0.919975
-0.919744
-0.920659
-0.919456
-0.918611
-0.920368
-0.918391
-0.917288
-0.918702
-0.910896
-0.906309
-0.907107
-0.907676
-0.904002
-0.909889
-0.915483
-0.91728
-0.914275
-0.913618
-0.921157
-0.918105
-0.918726
-0.919943
-0.919699
-0.917687
-0.914012
-0.915043
-0.913559
-0.917937
-0.917843
-0.916909
-0.918841
-0.918822
-0.91608
-0.917108
-0.919047
-0.918207
-0.920741
-0.915848
-0.917113
-0.919919
-0.918752
-0.91863
-0.916539
-0.912224
-0.909328
-0.915326
-0.917868
-0.920967
-0.918942
-0.917493
-0.919428
-0.918713
-0.917545
-0.918476
-0.91669
-0.916694
-0.917884
-0.918634
-0.917587
-0.920037
-0.920068
-0.92057
-0.918171
-0.916922
-0.915748
-0.918382
-0.921198
-0.919341
-0.915743
-0.916203
-0.911164
-0.917342
-0.91486
-0.915395
-0.916864
-0.917102
-0.918249
-0.915678
-0.91876
-0.917877
-0.919706
-0.918691
-0.92003
-0.921341
-0.921554
-0.919995
-0.915273
-0.921937
-0.921058
-0.919896
-0.92122
-0.921746
-0.91579
-0.916263
-0.915234
-0.917851
-0.916775
-0.919216
-0.915787
-0.919657
-0.919088
-0.920863
-0.919892
-0.919042
-0.918676
-0.915405
-0.917153
-0.917546
-0.915838
-0.912564
-0.911864
-0.913363
-0.911435
-0.909997
-0.909685
-0.910639
-0.910533
-0.907923
-0.910402
-0.908002
-0.913039
-0.776996
-0.817628
-0.880027
-0.887058
-0.903984
-0.90863
-0.907838
-0.913858
-0.911377
-0.904623
-0.909974
-0.895136
-0.783586
-0.758442
-0.799567
-0.792225
-0.810963
-0.807017
-0.713035
-0.729829
-0.765842
-0.707789
-0.795527
-0.82822
-0.844415
-0.856168
-0.890445
-0.894538
-0.810021
-0.842737
-0.849834
-0.859531
-0.857592
-0.857159
-0.855536
-0.840696
-0.83695
-0.776652
-0.779196
-0.779687
-0.684454
-0.723931
-0.716038
-0.805879
-0.876247
-0.89557
-0.900844
-0.903229
-0.899366
-0.90005
-0.898515
-0.894382
-0.897938
-0.899412
-0.900176
-0.900556
-0.898753
-0.897264
-0.900239
-0.903669
-0.898199
-0.901511
-0.900145
-0.899188
-0.901117
-0.897733
-0.899416
-0.90136
-0.900102
-0.901193
-0.906536
-0.905415
-0.914328
-0.911191
-0.850695
-0.823656
-0.864192
-0.855725
-0.859962
-0.852302
-0.850769
-0.881497
-0.896314
-0.898013
-0.900616
-0.906295
-0.905202
-0.891181
-0.888631
