-0.905356
-0.897754
-0.894051
-0.900295
-0.902638
-0.897371
-0.900041
-0.903901
-0.901855
-0.901163
-0.899769
-0.903413
-0.907192
-0.906151
-0.90514
-0.905841
-0.906176
-0.904544
-0.90408
-0.905427
-0.905531
-0.90371
-0.905661
-0.906399
-0.878076
-0.891296
-0.901624
-0.899621
-0.904521
-0.904117
-0.903258
-0.898705
-0.895488
-0.891036
-0.893564
-0.902944
-0.904822
-0.897352
-0.889195
-0.895913
-0.896849
-0.887183
-0.895584
-0.898492
-0.903724
-0.902396
-0.903888
-0.88658
-0.904047
-0.903049
-0.90368
-0.904761
-0.905121
-0.90578
-0.903397
-0.905418
-0.903879
-0.896145
-0.881212
-0.902533
-0.896978
-0.889086
-0.904304
-0.90295
-0.888992
-0.896885
-0.901691
-0.903801
-0.897342
-0.898486
-0.895005
-0.886737
-0.897655
-0.892027
-0.894532
-0.891587
-0.899977
-0.900809
-0.89856
-0.898001
-0.903493
-0.890728
-0.894984
-0.891449
-0.893707
-0.900558
-0.899632
-0.896788
-0.894964
-0.887132
-0.892482
-0.889683
-0.901924
-0.904061
-0.904628
-0.894133
-0.88175
-0.903733
-0.904887
-0.905253
-0.906526
-0.903952
-0.905491
-0.903963
-0.900672
-0.905223
-0.905976
-0.905735
-0.905198
-0.904732
-0.90583
-0.905571
-0.90611
-0.906896
-0.868932
-0.890152
-0.89448
-0.895325
-0.896956
-0.902761
-0.901222
-0.902109
-0.902619
-0.904014
-0.905361
-0.903873
-0.901757
-0.903605
-0.904762
-0.905096
-0.904515
-0.905836
-0.905093
-0.905195
-0.893206
-0.887639
-0.886875
-0.889037
-0.882956
-0.898057
-0.884607
-0.888613
-0.889444
-0.89753
-0.898317
-0.900683
-0.882777
-0.897562
-0.898801
-0.897663
-0.897759
-0.89413
-0.90157
-0.874855
-0.865429
-0.886969
-0.895611
-0.897122
-0.894564
-0.897478
-0.888856
-0.890847
-0.894946
-0.895053
-0.884929
-0.896655
-0.894546
-0.890844
-0.897995
-0.89332
-0.900311
-0.895726
-0.89386
-0.892679
-0.896438
-0.896012
-0.896277
-0.899377
-0.880262
-0.892837
-0.89933
-0.872304
-0.892346
-0.890522
-0.895674
-0.87209
-0.882434
-0.88911
-0.898332
-0.898738
-0.87868
-0.899994
-0.900114
-0.900206
-0.899919
-0.900888
-0.899744
-0.899005
-0.901574
-0.90204
-0.897936
-0.884004
-0.894002
-0.884551
-0.893592
-0.898453
-0.90235
-0.900554
-0.900809
-0.877379
-0.895674
-0.883509
-0.88443
-0.885243
-0.895769
-0.881566
-0.892241
-0.890785
-0.893338
-0.903615
-0.891072
-0.898942
-0.891392
-0.887808
-0.893753
-0.902144
-0.902883
-0.903221
-0.90309
-0.90245
-0.902417
-0.902099
-0.902532
-0.902889
-0.904808
-0.891963
-0.899956
-0.898601
-0.902318
-0.903704
-0.904722
-0.903874
-0.902928
-0.903756
-0.903144
-0.902356
-0.903939
-0.90384
-0.904867
-0.905427
-0.905043
-0.90475
-0.905734
-0.8673
-0.878458
-0.893864
-0.891096
-0.890182
-0.891729
-0.889202
-0.881982
-0.8899
-0.887546
-0.892872
-0.897947
-0.899704
-0.877385
-0.886606
-0.893682
-0.88874
-0.889989
-0.894632
-0.891617
-0.897242
-0.899235
-0.893186
-0.885162
-0.890392
-0.896408
-0.882891
-0.872612
-0.896559
-0.894896
-0.884197
-0.888709
-0.895959
-0.888845
-0.885127
-0.895668
-0.895905
-0.891936
-0.889502
-0.899435
-0.901371
-0.884012
-0.889586
-0.892948
-0.885004
-0.891547
-0.900723
-0.896551
-0.900058
-0.888808
-0.888325
-0.902064
-0.902217
-0.879889
-0.885017
-0.878073
-0.895713
-0.886338
-0.894454
-0.89906
-0.898485
-0.899218
-0.894843
-0.880475
-0.881639
-0.8922
-0.883788
-0.886204
-0.891949
-0.895279
-0.897928
-0.89092
-0.878541
-0.898108
-0.880564
-0.889095
-0.893381
-0.877931
-0.882543
-0.897962
-0.882293
-0.901042
-0.886967
-0.8982
-0.898396
-0.899375
-0.900101
-0.900868
-0.892287
-0.878171
-0.894506
-0.898923
-0.899852
-0.899557
-0.898599
-0.884266
-0.886415
-0.890638
-0.896908
-0.88022
-0.880378
-0.889651
-0.900117
-0.879704
-0.872826
-0.889545
-0.893923
-0.894141
-0.899715
-0.899637
-0.899198
-0.895134
-0.884819
-0.892877
-0.895812
-0.903581
-0.902237
-0.869534
-0.889658
-0.899743
-0.903118
-0.903501
-0.904015
-0.903175
-0.896997
-0.900059
-0.903978
-0.894432
-0.878227
-0.870584
-0.895507
-0.888528
-0.896659
-0.89975
-0.879986
-0.890173
-0.896206
-0.895292
-0.890883
-0.895579
-0.881863
-0.890679
-0.900627
-0.900801
-0.881039
-0.896155
-0.900795
-0.900449
-0.898433
-0.898122
-0.87848
-0.898453
-0.885942
-0.900457
-0.889571
-0.900594
-0.901182
-0.897455
-0.900303
-0.9026
-0.902002
-0.902151
-0.901613
-0.902375
-0.880091
-0.884537
-0.895569
-0.899765
-0.90325
-0.902834
-0.905381
-0.905445
-0.902173
-0.904401
-0.89952
-0.905535
-0.889223
-0.888781
-0.893308
-0.905199
-0.887494
-0.893567
-0.887604
-0.888865
-0.900596
-0.899345
-0.903379
-0.906321
-0.895409
-0.905286
-0.905792
-0.903762
-0.904637
-0.903675
-0.904403
-0.902787
-0.903366
-0.902324
-0.901789
-0.903649
-0.904231
-0.901547
-0.902981
-0.903403
-0.902592
-0.902155
-0.902019
-0.901868
-0.901847
-0.901834
-0.901314
-0.900988
-0.899249
-0.900435
-0.901736
-0.903683
-0.902947
-0.903273
-0.903778
-0.90523
-0.904083
-0.903466
-0.903065
-0.903262
-0.903863
-0.904755
-0.903471
-0.895566
-0.901644
-0.897614
-0.903135
-0.902691
-0.903104
-0.902528
-0.900663
-0.900285
-0.900624
-0.901753
-0.89785
-0.90272
-0.904319
-0.902438
-0.902039
-0.902368
-0.902865
-0.902017
-0.902118
-0.902004
-0.901474
-0.901746
-0.901622
-0.899628
-0.900902
-0.901974
-0.902383
-0.901552
-0.890384
-0.897699
-0.902343
-0.904642
-0.903501
-0.905163
-0.903291
-0.898974
-0.905278
-0.906269
-0.905478
-0.90475
-0.903925
-0.904501
-0.904585
-0.905327
-0.90548
-0.903702
-0.904988
-0.904655
-0.904597
-0.903751
-0.902532
-0.881692
-0.892726
-0.882689
-0.899337
-0.887365
-0.890362
-0.895397
-0.895219
-0.898317
-0.901687
-0.901695
-0.902762
-0.901556
-0.904234
-0.86499
-0.889622
-0.900319
-0.894334
-0.902318
-0.904905
-0.897123
-0.863697
-0.889789
-0.892498
-0.894125
-0.899026
-0.901269
-0.887044
-0.898594
-0.89525
-0.887234
-0.894789
-0.884397
-0.891105
-0.894361
-0.893655
-0.90145
-0.884645
-0.900845
-0.870297
-0.88716
-0.896706
-0.894768
-0.899144
-0.89836
-0.884361
-0.899588
-0.884247
-0.880947
-0.887888
-0.883528
-0.893518
-0.898643
-0.896965
-0.896287
-0.888816
-0.900587
-0.878679
-0.896685
-0.886309
-0.878739
-0.895864
-0.898713
-0.904887
-0.876574
-0.886971
-0.88605
-0.897323
-0.896882
-0.877359
-0.897705
-0.887933
-0.896088
-0.894168
-0.898219
-0.881665
-0.891974
-0.878462
-0.895638
-0.876939
-0.891827
-0.897417
-0.897067
-0.883052
-0.878707
-0.881343
-0.888024
-0.897891
-0.884318
-0.89397
-0.899578
-0.897425
-0.885314
-0.895441
-0.886808
-0.891021
-0.887624
-0.899307
-0.89888
-0.86698
-0.883126
-0.903228
-0.898495
-0.899136
-0.901757
-0.900218
-0.890759
-0.901387
-0.902212
-0.902587
-0.900334
-0.898036
-0.898955
-0.899279
-0.899306
-0.868924
-0.89434
-0.892079
-0.899212
-0.901668
-0.901786
-0.883554
-0.897099
-0.88416
-0.903082
-0.902421
-0.900251
-0.89835
-0.903728
-0.900432
-0.90539
-0.85957
-0.888407
-0.894833
-0.894417
-0.895398
-0.893114
-0.894664
-0.890127
-0.898186
-0.868724
-0.887848
-0.891157
-0.886778
-0.90042
-0.894825
-0.897122
-0.900383
-0.898456
-0.888172
-0.876069
-0.893899
-0.894711
-0.884837
-0.896947
-0.889585
-0.893641
-0.879814
-0.889714
-0.893558
-0.904225
-0.87812
-0.883508
-0.895994
-0.901596
-0.901157
-0.902167
-0.902211
-0.900842
-0.887066
-0.879688
-0.893512
-0.890738
-0.89513
-0.892632
-0.897948
-0.891494
-0.889717
-0.891227
-0.883563
-0.896232
-0.901847
-0.890779
-0.888755
-0.90216
-0.90187
-0.884731
-0.893336
-0.886389
-0.890153
-0.894571
-0.897048
-0.901606
-0.901736
-0.869281
-0.893966
-0.879561
-0.882652
-0.886617
-0.887578
-0.898505
-0.901798
-0.894037
-0.901104
-0.866833
-0.878251
-0.899831
-0.9032
-0.886094
-0.895451
-0.891313
-0.89545
-0.889445
-0.886124
-0.901244
-0.901302
-0.902312
-0.884465
-0.88623
-0.880936
-0.886791
-0.899547
-0.884704
-0.894278
-0.878926
-0.9033
-0.902813
-0.903758
-0.878127
-0.888781
-0.896286
-0.89716
-0.892666
-0.882505
-0.892785
-0.900335
-0.883417
-0.897305
-0.887103
-0.894249
-0.892465
-0.901975
-0.903963
-0.893668
-0.888963
-0.900025
-0.889148
-0.88934
-0.893075
-0.896237
-0.897774
-0.898288
-0.893051
-0.886146
-0.889106
-0.874765
-0.895211
-0.899419
-0.89287
-0.871364
-0.894095
-0.89881
-0.905829
-0.905302
-0.89827
-0.894587
-0.889977
-0.894069
-0.88755
-0.895327
-0.89654
-0.899967
-0.893492
-0.89008
-0.889692
-0.88673
-0.891917
-0.900281
-0.898117
-0.903001
-0.898317
-0.885808
-0.88502
-0.905526
-0.895255
-0.886192
-0.904275
-0.86768
-0.89381
-0.892926
-0.893834
-0.892621
-0.90322
-0.899259
-0.894246
-0.901475
-0.900948
-0.904905
-0.898756
-0.898247
-0.892487
-0.904816
-0.891556
-0.88565
-0.888987
-0.880373
-0.890584
-0.897775
-0.899123
-0.887062
-0.892507
-0.887425
-0.885745
-0.891973
-0.896117
-0.897352
-0.897796
-0.900938
-0.892233
-0.888099
-0.900892
-0.896628
-0.889343
-0.892273
-0.862671
-0.896948
-0.898935
-0.900996
-0.889217
-0.893433
-0.888879
-0.881911
-0.888369
-0.888092
-0.899379
-0.899161
-0.90221
-0.889405
-0.893018
-0.89439
-0.879342
-0.884712
-0.889946
-0.899348
-0.890106
-0.89771
-0.899867
-0.899157
-0.883501
-0.89915
-0.868151
-0.891859
-0.888667
-0.898686
-0.900242
-0.900458
-0.894203
-0.897921
-0.891361
-0.886529
-0.898091
-0.891961
-0.901533
-0.900968
-0.900817
-0.905119
-0.898916
-0.902485
-0.902237
-0.89041
-0.894431
-0.900213
-0.903403
-0.893216
-0.87701
-0.886259
-0.896039
-0.883365
-0.892871
-0.885016
-0.892769
-0.894254
-0.896341
-0.895773
-0.886771
-0.890916
-0.89557
-0.894825
-0.898147
-0.892735
-0.875942
-0.895586
-0.890279
-0.89318
-0.892564
-0.897323
-0.904325
-0.882701
-0.893507
-0.893655
-0.896544
-0.884716
-0.883374
-0.894853
-0.899391
-0.887284
-0.896261
-0.89386
-0.893387
-0.897331
-0.895538
-0.893251
-0.890641
-0.895459
-0.88841
-0.890458
-0.896087
-0.893922
-0.891266
-0.898705
-0.890714
-0.88608
-0.891001
-0.87997
-0.885322
-0.894448
-0.899738
-0.896722
-0.88326
-0.882067
-0.886751
-0.896569
-0.880849
-0.897226
-0.898509
-0.895391
-0.898016
-0.896348
-0.893158
-0.896147
-0.895039
-0.88626
-0.884638
-0.893525
-0.898976
-0.874425
-0.884517
-0.894199
-0.89801
-0.897719
-0.896936
-0.896848
-0.891606
-0.897918
-0.876099
-0.890543
-0.891006
-0.89932
-0.901233
-0.897596
-0.897037
-0.889193
-0.896395
-0.894554
-0.901384
-0.901292
-0.903173
-0.894104
-0.900218
-0.900493
-0.899676
-0.895092
-0.894844
-0.899616
-0.898763
-0.89809
-0.891387
-0.898479
-0.897324
-0.89143
-0.90242
-0.899123
-0.896341
-0.89127
-0.891724
-0.901374
-0.904397
-0.903513
-0.898025
-0.895916
-0.900678
-0.901601
-0.901206
-0.901149
-0.898306
-0.903619
-0.901753
-0.901897
-0.90022
-0.890922
-0.897108
-0.897178
-0.898445
-0.898721
-0.897011
-0.89748
-0.894409
-0.895709
-0.893467
-0.894436
-0.896489
-0.896326
-0.894694
-0.898104
-0.897367
-0.898664
-0.899011
-0.896423
-0.898383
-0.896561
-0.898719
-0.897278
-0.898672
-0.897784
-0.895738
-0.899015
-0.89884
-0.897232
-0.896269
-0.897149
-0.898057
-0.894114
-0.896184
-0.898425
-0.895073
-0.897299
-0.898626
-0.90008
-0.898584
-0.897166
-0.89818
-0.898485
-0.895821
-0.89819
-0.895385
-0.895268
-0.895321
-0.896372
-0.896176
-0.894276
-0.897707
-0.897626
-0.89491
-0.898736
-0.897039
-0.898147
-0.89763
-0.89612
-0.896865
-0.896347
-0.895764
-0.895137
-0.897029
-0.896775
-0.894517
-0.895913
-0.893197
-0.89721
-0.895685
-0.895221
-0.892344
-0.895364
-0.897003
-0.894254
-0.89506
-0.897211
-0.897108
-0.897505
-0.896315
-0.897265
-0.898275
-0.895751
-0.89599
-0.89673
-0.899094
-0.897467
-0.89874
-0.895505
-0.897041
-0.89537
-0.897031
-0.896824
-0.898449
-0.897347
-0.897395
-0.8957
-0.898192
-0.895279
-0.895607
-0.897263
-0.897343
-0.896187
-0.896317
-0.896845
-0.898492
-0.895423
-0.89486
-0.896845
-0.896772
-0.899736
-0.896789
-0.895419
-0.896885
-0.898651
-0.898113
-0.896754
-0.896394
-0.896493
-0.896501
-0.89655
-0.896031
-0.89524
-0.895658
-0.89678
-0.896185
-0.895677
-0.898136
-0.896993
-0.898188
-0.893811
-0.896223
-0.896959
-0.896313
-0.896525
-0.897877
-0.897747
-0.898129
-0.900096
-0.894138
-0.896262
-0.897259
-0.896318
-0.898351
-0.897351
-0.896475
-0.896318
-0.89625
-0.896937
-0.896932
-0.895288
-0.897187
-0.897061
-0.897148
-0.894609
-0.896982
-0.896501
-0.896651
-0.895994
-0.896709
-0.896167
-0.898687
-0.899056
-0.895098
-0.898275
-0.900125
-0.899275
-0.899043
-0.897699
-0.899931
-0.897973
-0.896374
-0.898495
-0.894968
-0.89532
-0.896227
-0.898508
-0.896479
-0.896581
-0.895868
-0.898541
-0.895456
-0.896575
-0.896941
-0.89567
-0.897004
-0.895695
-0.898206
-0.897518
-0.898864
-0.897331
-0.896747
-0.89701
-0.897849
-0.898084
-0.896742
-0.897583
-0.898025
-0.897369
-0.895345
-0.898496
-0.895907
-0.897893
-0.899629
-0.897257
-0.897959
-0.898133
-0.897078
-0.898178
-0.899456
-0.898123
-0.900115
-0.897042
-0.897231
-0.897196
-0.898714
-0.896161
-0.896695
-0.897372
-0.898701
-0.897934
-0.897911
-0.896766
-0.897761
-0.897665
-0.896642
-0.897454
-0.899315
-0.898227
-0.89611
-0.898749
-0.896584
-0.898846
-0.897401
-0.897176
-0.897783
-0.894857
-0.898042
-0.899137
-0.898
-0.898497
-0.89617
-0.894864
-0.898694
-0.895561
-0.895876
-0.897432
-0.898595
-0.897904
-0.896744
-0.897552
-0.898987
-0.897765
-0.898244
-0.898308
-0.894717
-0.89535
-0.897895
-0.897422
-0.896667
-0.896392
-0.897364
-0.897182
-0.896843
-0.89615
-0.896245
-0.897721
-0.898854
-0.896792
-0.898023
-0.897438
-0.897516
-0.898729
-0.899294
-0.896754
-0.896871
-0.897012
-0.897681
-0.896229
-0.8973
-0.895825
-0.897323
-0.897615
-0.895273
-0.897041
-0.896854
-0.896163
-0.897249
-0.899874
-0.899067
-0.897486
-0.898101
-0.898316
-0.898399
-0.89871
-0.899197
-0.898326
-0.896748
-0.898166
-0.89716
-0.898122
-0.896107
-0.898238
-0.899225
-0.896962
-0.898267
-0.897391
-0.896849
-0.896814
-0.899422
-0.896316
-0.897244
-0.897571
-0.900239
-0.896894
-0.894916
-0.897849
-0.897434
-0.896356
-0.896969
-0.896564
-0.897763
-0.897661
-0.896532
-0.896256
-0.896681
-0.89629
-0.896734
-0.897524
-0.898002
-0.897837
-0.896786
-0.897534
-0.864193
-0.883673
-0.893652
-0.895319
-0.894148
-0.894843
-0.89106
-0.896134
-0.890434
-0.892797
-0.897755
-0.896218
-0.897128
-0.898421
-0.89617
-0.897249
-0.899347
-0.897795
-0.896073
-0.899947
-0.898552
-0.896907
-0.899827
-0.897202
-0.894667
-0.897427
-0.897687
-0.89692
-0.894915
-0.89853
-0.895682
-0.898071
-0.896719
-0.896049
-0.896677
-0.898174
-0.899536
-0.899199
-0.898102
-0.898266
-0.897245
-0.897727
-0.898363
-0.897829
-0.898365
-0.899149
-0.898612
-0.897304
-0.899445
-0.900381
-0.898788
-0.901017
-0.897072
-0.900231
-0.898779
-0.89824
-0.89808
-0.898071
-0.900051
-0.897847
-0.898432
-0.89927
-0.899814
-0.897249
-0.898755
-0.898342
-0.9
-0.900845
-0.896211
-0.899009
-0.89782
-0.897913
-0.898431
-0.897993
-0.897623
-0.8998
-0.896842
-0.900176
-0.898834
-0.898354
-0.899429
-0.899545
-0.898894
-0.899792
-0.898179
-0.899946
-0.900101
-0.898302
-0.898926
-0.899586
-0.898089
-0.899882
-0.899327
-0.899428
-0.898213
-0.896811
-0.89586
-0.896591
-0.899672
-0.896919
-0.896305
-0.900668
-0.899942
-0.900896
-0.899761
-0.898296
-0.898826
-0.897553
-0.896722
-0.898742
-0.898556
-0.897686
-0.899204
-0.898401
-0.89876
-0.898154
-0.900241
-0.897427
-0.899474
-0.897921
-0.896028
-0.899513
-0.897939
-0.897321
-0.900252
-0.898821
-0.898924
-0.898912
-0.897615
-0.897156
-0.899781
-0.896465
-0.901456
-0.898219
-0.897011
-0.899249
-0.900829
-0.898916
-0.898852
-0.90044
-0.900668
-0.901169
-0.89948
-0.901297
-0.899774
-0.897892
-0.897486
-0.89464
-0.89845
-0.899043
-0.897625
-0.896729
-0.896629
-0.898049
-0.897481
-0.899549
-0.89829
-0.898395
-0.897775
-0.897301
-0.898563
-0.898756
-0.898237
-0.898254
-0.898659
-0.898611
-0.898186
-0.899209
-0.895574
-0.897177
-0.897784
-0.893751
-0.897486
-0.897133
-0.89751
-0.89915
-0.897183
-0.899767
-0.898761
-0.897259
-0.899566
-0.897698
-0.902674
-0.899166
-0.896451
-0.897727
-0.896897
-0.897098
-0.89601
-0.898807
-0.895202
-0.898662
-0.898982
-0.899037
-0.899749
-0.898432
-0.897653
-0.900688
-0.899063
-0.898596
-0.896913
-0.897903
-0.898356
-0.899598
-0.900657
-0.89856
-0.899716
-0.900095
-0.898716
-0.900455
-0.899746
-0.896342
-0.897364
-0.897808
-0.897846
-0.89806
-0.898268
-0.897762
-0.898486
-0.896986
-0.897098
-0.898421
-0.897713
-0.898268
-0.898216
-0.899508
-0.898439
-0.89838
-0.897199
-0.895959
-0.898682
-0.896903
-0.897443
-0.897159
-0.897681
-0.899904
-0.898721
-0.898726
-0.897128
-0.897062
-0.895403
-0.896
-0.896965
-0.897541
-0.896947
-0.897759
-0.900255
-0.898419
-0.898569
-0.898955
-0.900175
-0.899146
-0.898773
-0.89893
-0.894759
-0.898155
-0.895907
-0.897637
-0.895819
-0.897201
-0.898572
-0.898363
-0.898216
-0.896147
-0.895632
-0.897833
-0.89811
-0.89673
-0.899728
-0.898298
-0.897358
-0.898663
-0.895953
-0.89714
-0.89724
-0.897738
-0.897694
-0.897696
-0.89943
-0.89821
-0.898559
-0.896389
-0.896829
-0.898291
-0.897163
-0.895598
-0.899341
-0.897766
-0.897571
-0.899614
-0.895937
-0.897878
-0.896457
-0.898632
-0.897954
-0.894647
-0.897406
-0.895772
-0.89665
-0.8956
-0.897835
-0.8947
-0.896499
-0.898589
-0.895955
-0.89725
-0.895914
-0.896867
-0.896813
-0.8982
-0.898429
-0.896888
-0.89481
-0.897567
-0.895153
-0.90153
-0.89866
-0.898293
-0.896298
-0.89822
-0.895359
-0.8975
-0.8972
-0.896334
-0.896792
-0.895503
-0.893971
-0.896395
-0.897197
-0.897782
-0.895108
-0.894858
-0.896655
-0.896061
-0.895419
-0.896276
-0.8976
-0.895755
-0.8955
-0.897081
-0.89975
-0.895935
-0.8971
-0.898099
-0.895988
-0.898446
-0.898576
-0.897282
-0.89766
-0.897439
-0.899324
-0.898607
-0.89713
-0.894985
-0.897151
-0.898151
-0.895531
-0.897284
-0.898645
-0.894917
-0.899003
-0.896932
-0.898999
-0.898507
-0.897923
-0.896794
-0.893533
-0.89932
-0.898301
-0.896389
-0.897343
-0.897503
-0.896713
-0.896753
-0.898288
-0.897214
-0.895518
-0.895028
-0.895764
-0.896137
-0.897881
-0.895938
-0.89742
-0.895986
-0.896583
-0.896388
-0.898651
-0.897996
-0.899065
-0.897949
-0.897822
-0.900949
-0.899684
-0.901076
-0.900351
-0.898222
-0.895472
-0.898245
-0.899862
-0.897718
-0.897404
-0.89964
-0.898977
-0.898567
-0.896332
-0.896034
-0.895163
-0.897989
-0.897596
-0.895962
-0.89471
-0.896434
-0.897614
-0.89657
-0.896641
-0.895975
-0.898441
-0.899327
-0.897259
-0.899182
-0.897539
-0.89699
-0.896624
-0.896339
-0.898264
-0.896717
-0.895389
-0.900773
-0.897985
-0.897957
-0.895787
-0.895339
-0.897275
-0.896821
-0.895657
-0.897869
-0.897636
-0.897349
-0.896822
-0.894549
-0.896741
-0.895619
-0.897609
-0.895904
-0.896273
-0.897794
-0.896502
-0.897084
-0.898182
-0.895679
-0.89555
-0.896084
-0.896626
-0.896959
-0.89389
-0.898884
-0.896163
-0.897328
-0.897236
-0.895652
-0.896481
-0.897713
-0.897339
-0.897667
-0.897711
-0.8992
-0.894882
-0.898967
-0.896966
-0.899471
-0.897724
-0.896876
-0.897757
-0.897083
-0.898066
-0.897469
-0.895318
-0.896903
-0.897693
-0.897196
-0.896222
-0.89651
-0.896959
-0.89817
-0.897207
-0.898594
-0.895606
-0.897202
-0.897194
-0.897413
-0.896501
-0.895823
-0.897882
-0.897534
-0.895337
-0.893504
-0.84551
-0.885606
-0.893982
-0.897116
-0.893235
-0.888494
-0.879931
-0.880372
-0.890983
-0.893935
-0.894139
-0.898839
-0.895473
-0.897876
-0.894619
-0.896151
-0.896479
-0.892437
-0.896067
-0.887509
-0.876952
-0.896342
-0.890965
-0.893689
-0.882142
-0.892101
-0.885303
-0.889646
-0.882626
-0.881033
-0.883353
-0.872292
-0.886523
-0.890393
-0.882945
-0.891583
-0.88585
-0.892318
-0.87438
-0.881073
-0.89536
-0.891178
-0.900798
-0.902958
-0.899954
-0.89606
-0.894055
-0.897485
-0.901983
-0.902734
-0.902854
-0.90081
-0.90012
-0.899962
-0.895174
-0.900231
-0.899561
-0.900789
-0.899914
-0.898945
-0.899607
-0.901244
-0.894588
-0.900652
-0.900869
-0.90043
-0.897557
-0.897187
-0.899461
-0.899199
-0.900272
-0.900746
-0.89743
-0.900387
-0.900512
-0.89984
-0.898866
-0.900053
-0.898427
-0.89742
-0.897313
-0.898352
-0.899212
-0.899298
-0.902525
-0.902454
-0.898579
-0.898629
-0.901075
-0.896665
-0.896194
-0.899418
-0.900745
-0.900509
-0.898563
-0.898694
-0.896941
-0.899854
-0.901068
-0.899204
-0.897667
-0.897299
-0.900603
-0.895965
-0.896637
-0.898454
-0.896786
-0.89901
-0.894431
-0.897946
-0.899639
-0.900653
-0.897595
-0.899684
-0.900429
-0.897053
-0.899862
-0.897438
-0.894517
-0.897127
-0.900178
-0.897352
-0.896741
-0.897162
-0.897025
-0.898141
-0.898691
-0.90104
-0.900425
-0.898298
-0.897875
-0.898693
-0.898578
-0.898529
-0.898248
-0.899771
-0.894292
-0.886919
-0.89499
-0.898985
-0.886178
-0.892648
-0.893095
-0.895745
-0.897161
-0.897852
-0.89292
-0.884498
-0.890484
-0.886581
-0.896647
-0.889366
-0.874381
-0.885448
-0.890811
-0.897717
-0.900416
-0.898858
-0.897275
-0.896197
-0.898001
-0.89978
-0.897754
-0.898779
-0.894777
-0.898024
-0.900801
-0.901818
-0.897206
-0.884654
-0.892054
-0.891256
-0.881178
-0.8781
-0.892332
-0.898003
-0.881273
-0.89255
-0.896037
-0.892561
-0.892444
-0.875168
-0.866395
-0.888416
-0.895647
-0.892455
-0.897934
-0.895466
-0.891926
-0.896267
-0.884976
-0.897473
-0.900721
-0.900679
-0.87441
-0.883832
-0.881659
-0.894336
-0.885715
-0.877904
-0.871488
-0.886719
-0.88878
-0.899843
-0.895865
-0.902089
-0.900705
-0.898682
-0.888186
-0.869647
-0.879175
-0.885939
-0.887895
-0.879223
-0.87782
-0.885886
-0.884987
-0.897366
-0.897094
-0.899624
-0.896524
-0.897534
-0.894915
-0.893839
-0.900571
-0.897264
-0.896347
-0.898315
-0.896295
-0.896633
-0.897068
-0.894223
-0.896163
-0.896216
-0.896629
-0.896044
-0.895045
-0.893701
-0.895483
-0.896767
-0.898443
-0.894512
-0.895407
-0.894434
-0.89566
-0.896192
-0.899182
-0.894316
-0.895523
-0.897521
-0.897019
-0.893968
-0.895742
-0.895208
-0.896455
-0.895543
-0.896022
-0.898537
-0.897431
-0.898431
-0.897336
-0.896621
-0.89678
-0.89763
-0.896012
-0.896104
-0.889783
-0.898031
-0.898051
-0.896935
-0.896581
-0.896316
-0.897237
-0.898881
-0.890704
-0.887863
-0.894414
-0.893744
-0.898213
-0.858109
-0.870374
-0.884635
-0.87876
-0.882187
-0.882993
-0.870027
-0.881138
-0.886286
-0.900487
-0.894641
-0.899472
-0.897397
-0.897335
-0.896377
-0.895917
-0.896913
-0.897032
-0.897615
-0.898441
-0.895218
-0.898381
-0.89901
-0.89872
-0.89664
-0.89716
-0.897657
-0.896674
-0.896048
-0.895571
-0.897883
-0.896582
-0.899291
-0.898864
-0.898343
-0.895617
-0.895591
-0.895832
-0.894592
-0.896258
-0.896326
-0.897558
-0.896621
-0.89711
-0.895878
-0.896488
-0.897129
-0.894074
-0.898689
-0.896396
-0.895949
-0.897557
-0.89426
-0.896238
-0.896259
-0.894039
-0.897436
-0.895829
-0.897089
-0.895528
-0.896711
-0.896073
-0.895191
-0.897004
-0.896773
-0.894852
-0.894334
-0.897905
-0.894408
-0.897471
-0.896986
-0.894461
-0.899125
-0.895736
-0.897436
-0.894746
-0.896945
-0.896822
-0.896974
-0.897611
-0.896988
-0.898464
-0.895302
-0.897979
-0.893145
-0.895414
-0.894462
-0.896215
-0.895752
-0.895011
-0.896186
-0.897997
-0.896426
-0.896298
-0.896259
-0.895216
-0.896394
-0.896665
-0.896201
-0.895832
-0.897308
-0.896798
-0.896116
-0.896392
-0.896237
-0.896365
-0.896062
-0.895076
-0.897912
-0.896708
-0.89568
-0.897751
-0.895973
-0.896538
-0.895805
-0.895525
-0.894821
-0.896315
-0.896823
-0.895083
-0.895746
-0.895591
-0.894264
-0.892788
-0.895564
-0.89687
-0.894868
-0.897781
-0.896966
-0.895651
-0.893729
-0.89637
-0.894282
-0.897376
-0.896488
-0.895306
-0.895968
-0.895234
-0.894925
-0.894029
-0.896714
-0.894934
-0.894857
-0.896468
-0.895547
-0.893655
-0.896554
-0.896102
-0.898031
-0.894986
-0.896211
-0.892771
-0.897643
-0.898661
-0.897624
-0.896289
-0.896768
-0.894573
-0.895987
-0.897466
-0.895152
-0.896169
-0.89745
-0.897543
-0.897219
-0.895932
-0.899476
-0.896554
-0.894376
-0.894035
-0.89503
-0.896619
-0.892612
-0.893462
-0.895293
-0.897582
-0.8946
-0.895796
-0.895838
-0.894619
-0.893635
-0.896765
-0.893924
-0.895773
-0.896849
-0.89634
-0.893693
-0.896534
-0.895015
-0.895342
-0.893533
-0.896637
-0.895807
-0.897272
-0.897161
-0.896294
-0.897662
-0.89818
-0.895205
-0.895353
-0.896928
-0.89696
-0.895901
-0.896462
-0.89632
-0.895373
-0.895334
-0.895616
-0.895788
-0.896051
-0.893689
-0.894456
-0.897416
-0.899281
-0.896256
-0.89717
-0.894136
-0.894129
-0.897048
-0.897945
-0.89683
-0.894717
-0.897444
-0.894435
-0.897654
-0.892262
-0.895044
-0.895074
-0.895132
-0.895254
-0.896448
-0.894314
-0.894604
-0.894249
-0.895814
-0.896255
-0.895597
-0.896427
-0.897136
-0.894718
-0.897547
-0.89659
-0.897313
-0.894837
-0.897366
-0.894213
-0.894074
-0.894817
-0.892296
-0.89721
-0.896316
-0.895456
-0.897052
-0.894382
-0.89666
-0.897946
-0.898966
-0.898736
-0.896623
-0.897613
-0.8939
-0.896211
-0.896978
-0.898099
-0.898014
-0.897804
-0.897448
-0.897873
-0.897424
-0.897862
-0.898495
-0.89838
-0.898673
-0.895792
-0.861672
-0.875183
-0.895983
-0.892867
-0.892015
-0.895325
-0.8965
-0.894892
-0.897163
-0.892978
-0.895327
-0.893968
-0.859378
-0.879515
-0.88796
-0.886895
-0.88596
-0.883427
-0.87613
-0.876366
-0.88172
-0.865645
-0.883796
-0.880915
-0.894208
-0.892386
-0.891595
-0.889938
-0.886709
-0.898835
-0.896896
-0.899275
-0.903937
-0.899373
-0.888664
-0.890141
-0.891963
-0.873729
-0.891156
-0.882816
-0.870218
-0.883853
-0.867722
-0.883832
-0.89073
-0.897328
-0.897729
-0.8971
-0.895272
-0.895711
-0.897224
-0.894461
-0.900715
-0.898763
-0.896392
-0.89682
-0.898063
-0.896654
-0.894845
-0.898036
-0.894368
-0.894852
-0.897645
-0.899744
-0.897315
-0.894424
-0.897836
-0.892987
-0.896096
-0.89741
-0.89762
-0.895067
-0.89991
-0.896521
-0.870099
-0.883717
-0.902497
-0.89532
-0.897875
-0.891954
-0.88211
-0.897725
-0.899032
-0.897908
-0.897929
-0.89984
-0.899182
-0.893296
-0.89795
