bad volumes, zero indexed (FSL style)
711
712
768
781
782
786
787
788
789
790
808
809
810
831
841
842
843
864
865
870
881
882
883
884
885
909
910
911
912
1006
1007
1008
1009
1018
1019
1061
1062
1064
1100
1101
1102
1104
1105
1127
1128
1129
1131
1160
1161
1162
1163
1164
1191
1192
1193
1194
1196
1362
1363
1364
1365
1382
1383
1384
1385
1386
1512
1513
1514
1515
1516
1517
1518
1519
1528
1529
1530
1542
1543
1545
1546
1548
1549
1550
1551
1552
1553
1554
1555
1556
1557
1558
1559
1831
1832
1833
1834
1835
1836
1837
1838
1839
1840
1841
1842
1843
1844
1845
1846
1847
1850
1851
1852
1853
1854
1855
1856
1857
1859
1860
1861
1862
1863
1868
1869
1870
1871
1872
1873
1874
1875
1877
1878
1879
1880
1881
1882
1883
1884
1885
1886
1964
1965
1966
1967
1968
1969
1970
1971
1972
1973
1974
1975
1976
1977
1978
1979
1980
1981
1982
1985
1989
1990
1991
1992
1993
1994
1995
1996
1997
1998
1999
2000
2135
2136
