bad volumes, zero indexed (FSL style)
54
55
58
72
99
102
113
120
136
137
150
174
183
189
191
192
211
215
225
227
267
268
270
286
296
317
329
330
334
350
361
363
375
376
389
392
393
406
407
410
411
459
462
465
466
484
566
698
768
786
787
788
789
790
791
792
805
808
809
810
811
812
829
841
842
843
844
850
867
871
881
882
883
884
885
886
887
907
908
909
910
911
912
913
914
1005
1006
1007
1008
1009
1011
1018
1019
1020
1021
1022
1024
1059
1061
1062
1063
1064
1065
1066
1093
1099
1100
1101
1102
1103
1104
1105
1106
1117
1127
1128
1129
1131
1132
1149
1159
1160
1161
1162
1163
1164
1165
1166
1183
1191
1192
1193
1194
1195
1196
1197
1345
1361
1362
1363
1364
1365
1366
1367
1368
1380
1381
1382
1383
1384
1385
1386
1387
1512
1515
1516
1517
1518
1519
1520
1526
1528
1529
1530
1531
1541
1542
1554
1555
1556
1557
1558
1559
1560
1824
1829
1844
1845
1846
1847
1849
1850
1858
1859
1860
1861
1862
1863
1864
1868
1881
1882
1883
1884
1885
1886
1887
1964
1965
1971
1972
1973
1977
1978
1979
1980
1981
1982
1983
1984
1985
1992
1994
1995
1996
1997
1998
1999
2000
2120
