-0.854143
-0.854795
-0.84862
-0.844218
-0.846897
-0.84737
-0.845337
-0.828348
-0.819086
-0.813147
-0.819333
-0.850029
-0.848761
-0.835039
-0.818945
-0.815108
-0.813047
-0.782864
-0.824862
-0.824266
-0.84151
-0.851607
-0.85128
-0.838731
-0.839363
-0.844265
-0.824128
-0.823435
-0.824323
-0.84469
-0.851727
-0.841134
-0.843371
-0.853795
-0.83078
-0.859573
-0.833328
-0.832831
-0.847095
-0.861045
-0.819872
-0.844656
-0.867059
-0.868862
-0.828442
-0.835433
-0.856773
-0.856189
-0.824574
-0.852941
-0.844531
-0.846911
-0.850348
-0.858903
-0.812223
-0.824941
-0.851537
-0.828243
-0.825132
-0.818662
-0.805456
-0.830519
-0.789863
-0.840675
-0.857569
-0.806156
-0.829693
-0.837428
-0.799414
-0.832218
-0.84267
-0.813486
-0.834572
-0.858073
-0.85791
-0.860892
-0.842852
-0.85012
-0.847966
-0.847369
-0.847348
-0.85075
-0.833478
-0.84925
-0.842069
-0.858985
-0.846363
-0.838739
-0.81752
-0.855762
-0.849685
-0.805643
-0.828141
-0.771803
-0.75834
-0.760899
-0.801554
-0.849153
-0.850097
-0.779977
-0.836018
-0.846686
-0.821229
-0.798309
-0.794416
-0.806388
-0.847807
-0.848676
-0.825275
-0.835462
-0.838663
-0.82269
-0.798455
-0.81401
-0.847609
-0.850316
-0.821589
-0.787132
-0.778258
-0.7576
-0.82775
-0.853084
-0.84178
-0.844177
-0.840237
-0.845714
-0.860435
-0.856531
-0.837398
-0.831545
-0.837193
-0.848265
-0.814465
-0.836977
-0.834555
-0.7884
-0.818617
-0.807282
-0.826773
-0.848717
-0.835725
-0.814642
-0.782908
-0.834718
-0.843143
-0.817179
-0.854369
-0.856186
-0.857651
-0.853557
-0.78763
-0.853868
-0.846932
-0.8424
-0.840305
-0.857846
-0.84936
-0.799147
-0.835241
-0.849689
-0.814553
-0.844192
-0.822172
-0.829227
-0.858107
-0.85087
-0.836525
-0.854524
-0.835995
-0.845941
-0.854155
-0.857081
-0.84945
-0.777262
-0.82068
-0.849189
-0.834092
-0.845395
-0.843629
-0.845133
-0.78415
-0.769023
-0.751196
-0.821844
-0.834729
-0.828369
-0.794502
-0.802141
-0.771137
-0.830437
-0.849033
-0.780541
-0.816829
-0.850385
-0.864312
-0.805476
-0.834437
-0.84658
-0.849552
-0.849234
-0.85271
-0.832891
-0.823676
-0.855722
-0.859755
-0.856837
-0.859542
-0.818313
-0.850986
-0.81954
-0.836074
-0.777852
-0.817404
-0.830264
-0.826455
-0.773645
-0.848246
-0.853148
-0.85048
-0.832745
-0.840416
-0.844801
-0.84104
-0.81371
-0.793533
-0.815133
-0.846945
-0.802052
-0.833631
-0.851566
-0.844413
-0.828283
-0.825887
-0.854573
-0.81905
-0.841529
-0.849281
-0.84791
-0.810739
-0.807488
-0.811399
-0.786159
-0.840727
-0.847394
-0.74931
-0.848293
-0.829972
-0.852838
-0.852995
-0.819788
-0.852938
-0.825496
-0.842304
-0.830912
-0.855254
-0.853177
-0.85506
-0.845113
-0.8588
-0.816997
-0.833557
-0.835462
-0.850307
-0.832495
-0.836033
-0.844798
-0.84724
-0.773936
-0.783889
-0.848514
-0.817028
-0.839937
-0.822355
-0.846342
-0.843228
-0.820508
-0.81484
-0.801865
-0.838247
-0.836283
-0.847124
-0.847978
-0.843355
-0.816327
-0.835996
-0.816706
-0.795787
-0.84504
-0.82863
-0.854481
-0.857573
-0.801452
-0.841432
-0.848515
-0.850279
-0.815679
-0.826529
-0.84827
-0.838745
-0.826852
-0.827965
-0.851309
-0.862869
-0.865154
-0.866977
-0.864737
-0.799315
-0.844957
-0.84769
-0.85534
-0.86305
-0.864658
-0.864013
-0.864458
-0.866207
-0.86713
-0.864212
-0.82528
-0.845325
-0.834299
-0.856323
-0.855343
-0.855297
-0.860242
-0.863331
-0.86088
-0.862325
-0.858794
-0.859549
-0.803536
-0.816512
-0.859673
-0.862128
-0.856795
-0.839489
-0.853802
-0.858727
-0.813724
-0.860954
-0.867594
-0.863986
-0.855042
-0.853958
-0.852414
-0.851612
-0.819466
-0.850505
-0.836294
-0.830595
-0.808621
-0.831053
-0.847669
-0.827558
-0.830572
-0.837369
-0.810507
-0.839088
-0.82738
-0.824852
-0.800514
-0.84262
-0.795856
-0.823743
-0.80903
-0.833443
-0.803816
-0.797633
-0.788804
-0.826176
-0.842499
-0.840458
-0.817217
-0.831799
-0.851941
-0.856287
-0.786222
-0.806565
-0.847813
-0.843651
-0.845389
-0.837477
-0.844342
-0.840627
-0.841514
-0.849374
-0.849882
-0.834594
-0.855723
-0.826896
-0.829298
-0.85504
-0.851414
-0.789063
-0.82812
-0.80266
-0.868841
-0.849475
-0.858469
-0.849309
-0.842984
-0.80922
-0.823225
-0.833139
-0.818907
-0.801358
-0.812615
-0.764352
-0.819428
-0.864694
-0.86522
-0.826042
-0.787852
-0.757583
-0.766236
-0.765737
-0.817638
-0.826169
-0.822828
-0.833108
-0.822368
-0.794953
-0.789284
-0.789897
-0.767928
-0.811394
-0.852339
-0.809058
-0.830231
-0.833188
-0.846151
-0.856393
-0.830707
-0.854753
-0.842719
-0.81509
-0.840107
-0.812675
-0.794165
-0.784495
-0.783414
-0.782139
-0.835814
-0.861896
-0.836992
-0.843501
-0.832383
-0.817207
-0.832867
-0.815855
-0.805927
-0.789676
-0.820112
-0.822347
-0.823009
-0.829922
-0.822299
-0.791858
-0.780839
-0.782932
-0.781539
-0.846214
-0.85237
-0.800289
-0.824019
-0.857678
-0.776923
-0.800693
-0.82889
-0.831187
-0.833142
-0.832243
-0.834208
-0.834707
-0.834995
-0.837376
-0.833404
-0.836772
-0.836625
-0.831028
-0.836885
-0.83265
-0.830037
-0.832563
-0.835897
-0.822124
-0.826992
-0.836387
-0.838922
-0.843367
-0.840582
-0.840421
-0.83807
-0.836548
-0.839849
-0.837933
-0.837589
-0.836893
-0.836376
-0.836538
-0.837919
-0.840997
-0.835404
-0.8345
-0.838015
-0.838564
-0.835526
-0.841272
-0.837696
-0.839799
-0.836456
-0.842117
-0.840828
-0.839567
-0.840452
-0.841281
-0.838868
-0.840207
-0.838013
-0.839991
-0.839581
-0.841812
-0.834753
-0.839569
-0.837252
-0.835679
-0.835525
-0.836386
-0.833103
-0.822464
-0.832468
-0.835025
-0.840081
-0.834911
-0.842305
-0.836895
-0.836168
-0.833652
-0.835383
-0.838876
-0.838491
-0.8365
-0.838985
-0.839214
-0.841102
-0.835971
-0.838462
-0.838483
-0.839461
-0.834133
-0.829617
-0.834413
-0.835879
-0.831787
-0.836557
-0.838601
-0.838516
-0.83876
-0.840171
-0.830669
-0.844767
-0.848606
-0.843526
-0.846109
-0.842403
-0.842273
-0.845524
-0.829318
-0.831709
-0.842309
-0.838901
-0.839975
-0.842881
-0.841527
-0.84069
-0.838919
-0.840957
-0.841711
-0.839743
-0.838456
-0.838227
-0.836341
-0.837237
-0.838787
-0.842481
-0.84054
-0.846316
-0.809562
-0.838258
-0.84074
-0.838144
-0.83638
-0.83837
-0.839203
-0.838312
-0.838625
-0.8436
-0.844169
-0.840838
-0.842135
-0.843579
-0.84081
-0.838676
-0.843678
-0.84172
-0.8417
-0.844531
-0.844023
-0.844438
-0.840383
-0.84417
-0.841557
-0.842232
-0.84148
-0.841843
-0.841149
-0.838526
-0.839229
-0.838246
-0.82481
-0.834219
-0.837315
-0.832913
-0.835599
-0.83245
-0.833391
-0.838648
-0.842321
-0.840472
-0.843082
-0.845855
-0.843509
-0.833445
-0.835394
-0.837254
-0.837607
-0.841143
-0.841697
-0.844728
-0.840962
-0.845729
-0.842884
-0.843013
-0.841281
-0.839973
-0.844642
-0.84158
-0.84358
-0.841469
-0.846987
-0.841347
-0.842924
-0.840802
-0.840639
-0.844233
-0.841579
-0.847307
-0.847336
-0.844345
-0.832242
-0.840973
-0.840843
-0.837961
-0.836282
-0.838963
-0.835378
-0.830065
-0.830601
-0.816761
-0.837916
-0.830201
-0.838175
-0.834042
-0.836117
-0.835347
-0.833094
-0.834745
-0.831728
-0.817222
-0.834645
-0.842414
-0.838669
-0.84002
-0.836361
-0.839925
-0.837727
-0.836596
-0.847075
-0.816797
-0.767638
-0.766612
-0.765951
-0.792903
-0.832095
-0.83833
-0.771863
-0.795807
-0.82974
-0.842198
-0.750932
-0.831445
-0.833489
-0.792561
-0.834542
-0.816687
-0.796126
-0.781607
-0.782651
-0.800306
-0.830193
-0.839081
-0.774431
-0.735762
-0.730805
-0.743901
-0.787283
-0.800119
-0.820274
-0.772176
-0.806459
-0.78666
-0.799459
-0.796574
-0.81672
-0.837949
-0.832272
-0.827405
-0.822019
-0.833322
-0.807898
-0.776214
-0.793527
-0.806441
-0.820894
-0.828931
-0.82125
-0.837152
-0.837865
-0.833553
-0.839189
-0.835519
-0.837712
-0.833675
-0.832075
-0.824826
-0.832696
-0.831134
-0.833039
-0.832255
-0.835626
-0.834851
-0.840852
-0.838003
-0.836914
-0.829248
-0.787182
-0.829768
-0.799557
-0.833966
-0.845854
-0.836447
-0.796918
-0.828139
-0.826175
-0.806634
-0.804679
-0.81136
-0.784584
-0.796542
-0.738911
-0.82306
-0.805917
-0.816156
-0.791053
-0.788924
-0.747104
-0.752089
-0.768348
-0.785447
-0.815464
-0.793652
-0.739431
-0.735022
-0.728733
-0.742236
-0.783252
-0.819576
-0.727208
-0.730674
-0.7142
-0.715895
-0.729533
-0.749427
-0.744366
-0.8016
-0.816739
-0.815361
-0.82333
-0.826784
-0.818941
-0.815201
-0.818331
-0.816758
-0.813523
-0.808077
-0.8151
-0.795982
-0.816391
-0.764392
-0.701615
-0.700228
-0.727086
-0.743572
-0.800468
-0.820287
-0.832329
-0.833587
-0.827649
-0.823567
-0.825412
-0.832938
-0.827776
-0.824882
-0.828576
-0.829634
-0.827419
-0.827589
-0.827616
-0.814411
-0.820241
-0.800972
-0.78753
-0.729393
-0.741345
-0.741919
-0.801368
-0.824639
-0.826639
-0.818181
-0.799969
-0.82102
-0.797087
-0.738905
-0.719889
-0.708853
-0.754975
-0.813798
-0.828791
-0.818718
-0.830986
-0.83961
-0.800564
-0.804943
-0.826286
-0.830667
-0.819685
-0.809281
-0.805759
-0.800904
-0.771815
-0.758143
-0.772618
-0.804684
-0.821685
-0.764859
-0.726896
-0.726151
-0.754769
-0.760945
-0.795909
-0.817392
-0.73674
-0.775064
-0.831426
-0.827774
-0.76442
-0.74937
-0.749643
-0.771522
-0.789674
-0.775243
-0.768229
-0.739134
-0.702936
-0.699141
-0.708611
-0.718339
-0.742852
-0.783307
-0.822317
-0.836164
-0.832264
-0.830755
-0.828369
-0.823043
-0.828364
-0.834338
-0.833898
-0.834555
-0.827966
-0.826107
-0.829209
-0.832541
-0.837292
-0.832544
-0.829975
-0.828883
-0.82569
-0.791218
-0.764722
-0.708318
-0.71146
-0.7133
-0.724722
-0.750562
-0.775046
-0.82427
-0.822993
-0.824759
-0.828872
-0.831204
-0.830592
-0.831739
-0.835292
-0.829376
-0.8283
-0.833872
-0.82897
-0.830802
-0.837669
-0.843119
-0.831864
-0.831937
-0.823605
-0.830631
-0.821922
-0.815554
-0.819994
-0.822026
-0.817069
-0.823671
-0.818336
-0.822418
-0.823461
-0.829797
-0.822406
-0.825212
-0.82879
-0.820734
-0.832019
-0.823743
-0.831051
-0.830618
-0.828597
-0.834897
-0.830449
-0.831345
-0.828225
-0.825495
-0.832498
-0.829828
-0.835719
-0.832345
-0.830066
-0.82653
-0.833076
-0.830858
-0.822545
-0.82994
-0.827116
-0.826528
-0.826318
-0.82582
-0.829617
-0.830321
-0.837956
-0.834651
-0.831823
-0.826214
-0.826618
-0.82067
-0.82525
-0.824247
-0.82347
-0.823997
-0.821977
-0.820987
-0.816684
-0.824343
-0.824776
-0.82379
-0.826337
-0.831757
-0.834211
-0.832323
-0.829233
-0.830974
-0.824246
-0.826117
-0.828867
-0.833235
-0.829155
-0.831816
-0.822778
-0.826472
-0.796343
-0.740223
-0.723847
-0.71921
-0.738762
-0.724434
-0.758548
-0.786552
-0.807663
-0.790719
-0.782615
-0.784805
-0.784753
-0.779274
-0.727278
-0.725471
-0.747666
-0.764378
-0.773548
-0.788948
-0.797206
-0.830855
-0.825301
-0.832005
-0.826174
-0.838994
-0.850938
-0.845999
-0.844534
-0.831957
-0.826767
-0.830283
-0.832261
-0.828319
-0.818559
-0.801753
-0.813592
-0.812292
-0.79975
-0.800693
-0.807725
-0.81529
-0.809428
-0.803206
-0.792367
-0.785396
-0.777164
-0.744197
-0.758716
-0.798883
-0.805438
-0.778425
-0.76482
-0.763005
-0.759229
-0.773808
-0.758444
-0.713693
-0.710297
-0.742573
-0.721957
-0.753181
-0.747217
-0.771292
-0.80438
-0.815386
-0.820949
-0.825447
-0.824879
-0.823511
-0.823103
-0.820931
-0.82406
-0.824784
-0.818095
-0.824124
-0.828795
-0.827026
-0.822364
-0.823188
-0.825881
-0.826962
-0.827771
-0.826054
-0.822817
-0.827044
-0.825978
-0.818078
-0.817962
-0.792084
-0.762789
-0.768566
-0.806778
-0.823747
-0.815352
-0.74697
-0.710514
-0.719811
-0.705203
-0.739882
-0.715659
-0.728745
-0.796726
-0.826645
-0.837214
-0.837548
-0.843702
-0.837056
-0.834764
-0.841716
-0.847372
-0.845925
-0.845031
-0.796236
-0.785578
-0.786898
-0.786615
-0.792067
-0.799402
-0.802829
-0.7977
-0.819323
-0.788197
-0.721436
-0.726051
-0.731451
-0.767455
-0.738974
-0.7462
-0.817212
-0.838602
-0.844659
-0.84772
-0.840089
-0.839517
-0.842883
-0.847911
-0.842736
-0.834407
-0.843779
-0.843286
-0.841031
-0.840083
-0.833354
-0.838985
-0.784541
-0.76496
-0.773032
-0.767793
-0.75771
-0.802982
-0.798015
-0.772783
-0.770738
-0.777176
-0.763158
-0.730505
-0.725959
-0.716087
-0.723202
-0.733112
-0.762661
-0.800421
-0.835322
-0.845976
-0.843229
-0.848079
-0.840612
-0.841633
-0.847772
-0.839431
-0.836774
-0.838522
-0.836849
-0.829956
-0.826834
-0.838507
-0.837646
-0.830774
-0.803632
-0.803395
-0.793673
-0.787361
-0.798595
-0.796972
-0.780497
-0.797825
-0.717487
-0.717837
-0.712884
-0.712901
-0.755138
-0.698101
-0.764913
-0.814602
-0.827712
-0.833126
-0.840684
-0.8331
-0.840959
-0.838565
-0.840986
-0.8405
-0.840042
-0.83942
-0.839735
-0.845595
-0.839113
-0.845839
-0.84793
-0.846087
-0.840319
-0.836132
-0.847723
-0.845727
-0.847509
-0.848884
-0.844947
-0.846399
-0.843516
-0.841662
-0.84492
-0.846821
-0.849979
-0.846925
-0.847984
-0.847642
-0.845572
-0.848087
-0.849694
-0.845955
-0.848764
-0.851166
-0.853597
-0.847931
-0.844543
-0.843484
-0.846518
-0.841757
-0.848969
-0.846309
-0.847459
-0.84613
-0.849262
-0.84616
-0.846199
-0.846781
-0.8484
-0.848154
-0.85133
-0.844322
-0.847937
-0.848881
-0.85057
-0.847945
-0.84776
-0.844024
-0.847906
-0.849527
-0.840876
-0.844746
-0.847151
-0.840217
-0.841261
-0.842998
-0.838956
-0.842402
-0.848068
-0.847623
-0.844631
-0.851052
-0.845458
-0.847428
-0.857497
-0.85264
-0.853314
-0.852911
-0.849074
-0.851073
-0.845846
-0.847269
-0.845885
-0.849648
-0.847969
-0.845283
-0.841187
-0.846489
-0.848337
-0.84662
-0.850615
-0.848109
-0.84995
-0.85312
-0.850007
-0.851146
-0.852427
-0.849097
-0.84691
-0.845591
-0.84752
-0.847711
-0.848013
-0.847278
-0.846686
-0.851101
-0.853859
-0.846905
-0.843124
-0.847703
-0.844674
-0.850791
-0.844165
-0.845097
-0.843609
-0.848916
-0.844057
-0.84197
-0.844416
-0.84226
-0.845094
-0.843849
-0.844323
-0.850427
-0.85551
-0.847724
-0.845907
-0.846207
-0.846384
-0.847024
-0.846647
-0.852704
-0.853724
-0.855334
-0.854863
-0.851181
-0.852966
-0.854828
-0.848079
-0.841938
-0.842772
-0.838642
-0.808946
-0.766099
-0.767125
-0.758882
-0.759366
-0.793215
-0.803759
-0.804003
-0.801196
-0.797461
-0.779813
-0.771999
-0.765668
-0.772953
-0.798393
-0.78505
-0.742453
-0.675851
-0.713295
-0.70026
-0.723037
-0.741928
-0.741887
-0.801058
-0.830252
-0.827965
-0.832709
-0.82804
-0.831246
-0.815656
-0.832646
-0.84041
-0.820019
-0.799569
-0.799803
-0.780849
-0.745502
-0.693924
-0.709792
-0.674855
-0.692569
-0.698662
-0.769897
-0.84244
-0.831601
-0.817597
-0.828694
-0.84326
-0.838648
-0.829893
-0.833924
-0.833098
-0.833298
-0.833976
-0.833263
-0.84115
-0.829081
-0.835218
-0.838023
-0.836385
-0.829398
-0.8287
-0.830095
-0.833776
-0.830373
-0.834304
-0.830626
-0.835658
-0.829643
-0.836116
-0.83439
-0.835665
-0.832044
-0.836054
-0.8309
-0.841095
-0.833361
-0.833449
-0.838095
-0.835555
-0.838219
-0.836914
-0.837277
-0.834494
-0.828204
-0.831273
-0.828425
-0.834332
-0.831808
-0.836336
-0.830784
-0.826221
-0.829805
-0.834786
-0.838329
-0.836568
-0.839939
-0.857349
-0.85196
-0.850015
-0.845157
-0.851408
-0.846903
-0.844181
-0.843666
-0.84857
-0.848972
-0.843067
-0.85531
-0.854252
-0.855832
-0.853036
-0.851301
-0.855934
-0.851707
-0.855002
-0.847058
-0.847401
-0.852294
-0.847843
-0.847916
-0.847223
-0.846012
-0.852487
-0.854803
-0.855109
-0.852738
-0.851806
-0.852201
-0.849615
-0.852416
-0.853062
-0.850651
-0.845971
-0.850986
-0.856633
-0.856906
-0.853578
-0.858989
-0.858112
-0.844015
-0.845436
-0.846224
-0.850902
-0.842826
-0.847665
-0.845937
-0.837527
-0.841094
-0.84251
-0.8445
-0.845429
-0.858523
-0.849856
-0.851115
-0.858263
-0.851589
-0.853392
-0.85289
-0.855732
-0.856364
-0.860214
-0.856145
-0.857376
-0.854865
-0.852265
-0.833265
-0.688832
-0.698447
-0.645929
-0.737624
-0.70272
-0.695835
-0.732243
-0.67299
-0.764514
-0.812815
-0.810426
-0.812724
-0.809229
-0.770656
-0.740497
-0.7516
-0.694782
-0.721257
-0.701477
-0.745634
-0.813524
-0.824402
-0.826629
-0.838244
-0.830648
-0.823264
-0.809967
-0.78736
-0.785089
-0.750348
-0.520769
-0.720878
-0.746441
-0.727872
-0.709993
-0.753043
-0.719014
-0.696265
-0.689799
-0.695794
-0.701693
-0.708112
-0.717574
-0.70711
-0.69471
-0.710471
-0.707212
-0.729486
-0.765012
-0.837661
-0.827727
-0.831773
-0.837086
-0.828873
-0.842223
-0.841414
-0.843191
-0.835267
-0.842835
-0.838995
-0.8409
-0.843738
-0.845503
-0.842344
-0.841675
-0.845154
-0.837935
-0.842495
-0.841991
-0.838812
-0.835978
-0.842358
-0.845834
-0.838514
-0.839928
-0.834569
-0.84355
-0.836324
-0.838433
-0.83613
-0.843105
-0.842666
-0.838621
-0.83566
-0.841813
-0.842135
-0.838146
-0.840305
-0.837997
-0.844416
-0.840827
-0.836261
-0.840214
-0.834369
-0.830407
-0.829831
-0.840835
-0.840264
-0.839715
-0.83511
-0.838459
-0.845098
-0.844588
-0.83243
-0.835765
-0.826732
-0.838375
-0.840909
-0.845097
-0.842628
-0.840933
-0.844839
-0.83567
-0.837566
-0.834652
-0.841974
-0.835545
-0.835716
-0.845573
-0.841752
-0.843935
-0.835232
-0.835089
-0.839534
-0.833603
-0.847256
-0.840489
-0.83797
-0.83918
-0.84141
-0.834813
-0.835819
-0.841335
-0.837544
-0.835432
-0.83342
-0.837423
-0.836985
-0.832112
-0.836557
-0.836614
-0.835023
-0.83572
-0.8344
-0.824531
-0.812709
-0.807955
-0.796583
-0.805702
-0.807687
-0.812196
-0.80801
-0.797418
-0.797736
-0.802261
-0.79435
-0.802791
-0.795544
-0.81363
-0.81936
-0.81315
-0.81887
-0.825835
-0.829485
-0.827967
-0.837849
-0.831761
-0.8265
-0.833384
-0.83226
-0.832161
-0.839049
-0.836983
-0.833999
-0.830874
-0.831831
-0.83223
-0.831619
-0.828164
-0.828003
-0.831015
-0.829733
-0.834422
-0.831552
-0.833142
-0.834628
-0.829574
-0.830001
-0.831163
-0.824969
-0.82682
-0.825469
-0.829561
-0.828152
-0.822894
-0.826667
-0.827451
-0.833533
-0.832245
-0.831891
-0.830516
-0.831071
-0.838134
-0.835229
-0.83279
-0.832382
-0.824602
-0.829371
-0.832582
-0.835586
-0.838444
-0.82934
-0.828512
-0.829384
-0.82511
-0.82881
-0.824769
-0.826211
-0.824331
-0.825408
-0.827457
-0.827955
-0.829593
-0.834522
-0.828916
-0.833555
-0.823654
-0.832755
-0.835126
-0.828367
-0.832007
-0.830762
-0.836949
-0.827588
-0.835445
-0.829866
-0.833806
-0.827054
-0.833126
-0.827364
-0.827167
-0.829137
-0.825764
-0.82727
-0.828495
-0.829746
-0.825086
-0.827972
-0.831183
-0.835529
-0.821186
-0.820382
-0.828134
-0.826408
-0.823041
-0.829897
-0.824865
-0.825235
-0.821773
-0.822156
-0.827333
-0.82609
-0.834907
-0.824776
-0.835021
-0.83273
-0.837106
-0.829992
-0.82786
-0.83739
-0.832733
-0.828439
-0.831062
-0.828485
-0.829215
-0.834055
-0.826818
-0.831366
-0.837886
-0.819965
-0.82992
-0.828312
-0.834868
-0.837784
-0.828696
-0.831097
-0.834352
-0.837425
-0.83273
-0.832761
-0.835894
-0.831102
-0.834017
-0.83159
-0.835887
-0.831889
-0.829985
-0.826919
-0.828128
-0.828309
-0.825468
-0.822703
-0.831866
-0.83222
-0.824593
-0.831183
-0.83088
-0.832922
-0.829464
-0.832512
-0.822169
-0.814243
-0.742678
-0.757316
-0.767049
-0.771501
-0.773023
-0.762103
-0.750546
-0.734945
-0.731486
-0.736546
-0.726294
-0.718992
-0.713625
-0.724154
-0.733048
-0.687726
-0.72014
-0.695618
-0.675773
-0.671989
-0.390852
-0.65043
-0.715239
-0.72904
-0.808262
-0.783926
-0.651171
-0.681715
-0.685773
-0.696341
-0.710419
-0.716239
-0.719033
-0.700782
-0.777428
-0.679436
-0.671146
-0.674525
-0.651339
-0.642655
-0.741891
-0.786782
-0.774181
-0.785566
-0.686474
-0.716374
-0.721226
-0.716229
-0.724526
-0.729336
-0.707757
-0.712614
-0.757384
-0.705047
-0.718119
-0.711726
-0.72482
-0.724738
-0.699462
-0.695589
-0.674884
-0.657044
-0.663673
-0.75327
-0.815058
-0.817108
-0.798983
-0.803624
-0.792706
-0.785214
-0.7945
-0.805357
-0.813148
-0.811714
-0.809908
-0.820391
-0.813219
-0.812411
-0.805856
-0.799478
-0.800402
-0.806851
-0.795022
-0.79823
-0.797114
-0.788049
-0.786236
-0.808813
-0.811405
-0.811302
-0.809888
-0.799215
-0.804869
-0.801608
-0.801691
-0.801993
-0.808608
-0.799257
-0.80213
-0.809157
-0.812714
-0.804816
-0.801026
-0.794252
-0.801382
-0.804489
-0.789445
-0.789062
-0.778668
-0.801328
-0.798901
-0.808085
-0.805868
-0.808379
-0.800784
-0.805548
-0.814922
-0.813844
-0.805563
-0.812573
-0.819107
-0.811919
-0.810203
-0.806588
-0.818357
-0.806248
-0.824338
-0.804952
-0.822734
-0.815165
-0.815388
-0.810334
-0.820619
-0.805268
-0.821999
-0.817119
-0.820497
-0.794039
-0.796049
-0.777364
-0.592272
-0.648602
-0.697224
-0.692156
-0.680236
-0.699132
-0.702515
-0.698756
-0.709539
-0.704374
-0.711601
-0.694293
-0.697051
-0.715831
-0.692056
-0.724634
-0.67327
-0.675899
-0.662814
-0.768373
-0.76473
-0.73474
-0.782037
-0.811795
-0.763084
-0.723802
-0.717332
-0.71198
-0.674464
-0.699955
-0.583697
-0.700694
-0.671703
-0.654171
-0.690546
-0.65983
-0.701534
-0.81575
-0.835486
-0.839927
-0.845093
-0.849352
-0.847848
-0.841888
-0.846413
-0.851673
-0.822766
-0.82381
-0.837759
-0.843061
-0.855043
-0.852725
-0.842173
-0.841496
-0.840205
-0.847936
-0.847384
-0.850918
-0.83972
-0.842655
-0.850707
-0.850262
-0.853496
-0.859154
-0.856578
-0.85609
-0.84533
-0.849118
-0.846365
-0.852137
-0.847952
-0.84911
-0.84968
-0.854716
-0.843286
-0.845979
-0.844391
-0.847131
-0.845915
-0.846244
-0.849514
-0.844157
-0.839889
-0.84263
-0.847172
-0.844869
-0.843969
-0.847826
-0.847127
-0.846544
-0.84579
-0.84934
-0.851542
-0.853995
-0.847624
-0.847404
-0.845987
-0.851961
-0.855966
-0.848084
-0.84777
-0.849397
-0.854976
-0.850608
-0.84931
-0.853119
-0.851858
-0.854083
-0.856576
-0.856542
-0.853672
-0.853242
-0.853123
-0.860155
-0.858338
-0.851998
-0.854526
-0.854612
-0.849537
-0.855652
-0.848199
-0.856671
-0.855944
-0.85132
-0.854094
-0.857761
-0.858243
-0.854059
-0.854991
-0.849588
-0.85451
-0.853606
-0.856088
-0.850895
-0.853608
-0.85279
-0.84905
-0.84531
-0.841787
-0.849259
-0.853884
-0.850254
-0.849337
-0.852884
-0.855357
-0.851144
-0.859075
-0.857575
-0.851862
-0.849596
-0.852145
-0.844803
-0.853592
-0.855552
-0.844627
-0.848125
-0.784239
-0.75104
-0.747024
-0.747118
-0.755587
-0.755813
-0.754544
-0.762864
-0.75666
-0.775757
-0.769653
-0.760414
-0.774503
-0.767773
-0.755538
-0.725183
-0.735405
-0.768145
-0.779075
-0.77497
-0.782721
-0.755508
-0.771579
-0.778221
-0.783658
-0.782898
-0.785814
-0.788329
-0.783308
-0.784441
-0.783413
-0.785926
-0.78326
