-0.881893
-0.87768
-0.852933
-0.872524
-0.888944
-0.884534
-0.867687
-0.873555
-0.876797
-0.881241
-0.884427
-0.876531
-0.883178
-0.861525
-0.864574
-0.845122
-0.856301
-0.879178
-0.857478
-0.841749
-0.864908
-0.862951
-0.876613
-0.869708
-0.867328
-0.868086
-0.87312
-0.876116
-0.883095
-0.858657
-0.883031
-0.868972
-0.871538
-0.867878
-0.861123
-0.878004
-0.861853
-0.837728
-0.878544
-0.887597
-0.848147
-0.854648
-0.882948
-0.888849
-0.855414
-0.843988
-0.86617
-0.872549
-0.847827
-0.883441
-0.875634
-0.86592
-0.85433
-0.887515
-0.827618
-0.835096
-0.877228
-0.848199
-0.829442
-0.851359
-0.86759
-0.845727
-0.84306
-0.862672
-0.883888
-0.847566
-0.858046
-0.860045
-0.860354
-0.88113
-0.877892
-0.869856
-0.832707
-0.860031
-0.85765
-0.876406
-0.878769
-0.878575
-0.858719
-0.850278
-0.858072
-0.854866
-0.854312
-0.865665
-0.868578
-0.886009
-0.876378
-0.883568
-0.842522
-0.865279
-0.875103
-0.841717
-0.866964
-0.853196
-0.879673
-0.881862
-0.841114
-0.860651
-0.872394
-0.835257
-0.855377
-0.87224
-0.836819
-0.872744
-0.87865
-0.872206
-0.862595
-0.877054
-0.848202
-0.855229
-0.855906
-0.874691
-0.849367
-0.7978
-0.858332
-0.864084
-0.866835
-0.867785
-0.877979
-0.876229
-0.827742
-0.87241
-0.866742
-0.877239
-0.862005
-0.850795
-0.87209
-0.870703
-0.862342
-0.85307
-0.854106
-0.876768
-0.84776
-0.878134
-0.879012
-0.870088
-0.818165
-0.820953
-0.839208
-0.86928
-0.848873
-0.842162
-0.866771
-0.840971
-0.857075
-0.845729
-0.864061
-0.883793
-0.883513
-0.879685
-0.835418
-0.86131
-0.850788
-0.856706
-0.853175
-0.884912
-0.886785
-0.86145
-0.848548
-0.860147
-0.843786
-0.851727
-0.868892
-0.868486
-0.866901
-0.881867
-0.84278
-0.859267
-0.853362
-0.869396
-0.871552
-0.883964
-0.876637
-0.853196
-0.815349
-0.87319
-0.864955
-0.859858
-0.856978
-0.855032
-0.875304
-0.865954
-0.865076
-0.835493
-0.868182
-0.861654
-0.869678
-0.872277
-0.871414
-0.830111
-0.872263
-0.817746
-0.800938
-0.859086
-0.881723
-0.852112
-0.859634
-0.865899
-0.884026
-0.861324
-0.882
-0.865367
-0.855361
-0.871805
-0.888293
-0.881078
-0.869212
-0.849649
-0.86386
-0.852186
-0.867302
-0.827617
-0.88479
-0.880552
-0.88835
-0.830401
-0.848374
-0.872076
-0.880841
-0.854984
-0.864385
-0.861465
-0.871018
-0.88183
-0.846782
-0.832341
-0.857929
-0.834919
-0.846338
-0.883655
-0.884962
-0.880057
-0.845553
-0.854791
-0.850392
-0.849597
-0.862402
-0.864019
-0.864156
-0.881981
-0.886638
-0.876208
-0.84574
-0.876972
-0.838922
-0.860244
-0.86542
-0.867616
-0.880497
-0.846724
-0.860213
-0.849628
-0.860997
-0.854095
-0.876993
-0.8634
-0.864952
-0.865015
-0.877722
-0.840101
-0.8431
-0.855617
-0.851781
-0.851255
-0.866141
-0.876603
-0.874417
-0.812234
-0.773914
-0.880751
-0.816976
-0.849103
-0.853631
-0.849483
-0.867
-0.878671
-0.887037
-0.887663
-0.852577
-0.865563
-0.867753
-0.882126
-0.885807
-0.873581
-0.846937
-0.855942
-0.829607
-0.871053
-0.86802
-0.878303
-0.861163
-0.842122
-0.846763
-0.866272
-0.877414
-0.84235
-0.826877
-0.862985
-0.863989
-0.846104
-0.847321
-0.869144
-0.879682
-0.885351
-0.883941
-0.882535
-0.852557
-0.864802
-0.874389
-0.881287
-0.886615
-0.888474
-0.887472
-0.885913
-0.887096
-0.888235
-0.888967
-0.828007
-0.855391
-0.858143
-0.864236
-0.851805
-0.882209
-0.889332
-0.887755
-0.876114
-0.888227
-0.891672
-0.892598
-0.812947
-0.812085
-0.875753
-0.889925
-0.889623
-0.835593
-0.867828
-0.888728
-0.849377
-0.873536
-0.883808
-0.883815
-0.852072
-0.878958
-0.884576
-0.885536
-0.83711
-0.871145
-0.874226
-0.88058
-0.859395
-0.835467
-0.873707
-0.845272
-0.856058
-0.871244
-0.855431
-0.876644
-0.88099
-0.87699
-0.851527
-0.843468
-0.815852
-0.855788
-0.828345
-0.873462
-0.873144
-0.885047
-0.882419
-0.842971
-0.855573
-0.87858
-0.854586
-0.844344
-0.870461
-0.874812
-0.818755
-0.807471
-0.875658
-0.867511
-0.860171
-0.867122
-0.87121
-0.845303
-0.866304
-0.859395
-0.87082
-0.858787
-0.872861
-0.863658
-0.834766
-0.861827
-0.862935
-0.810825
-0.833192
-0.845323
-0.884617
-0.862104
-0.879917
-0.872944
-0.853923
-0.859751
-0.86054
-0.841879
-0.851757
-0.868602
-0.853901
-0.792032
-0.804911
-0.883568
-0.885609
-0.835622
-0.83647
-0.870787
-0.882643
-0.858967
-0.856074
-0.854832
-0.840884
-0.852708
-0.857368
-0.876716
-0.877483
-0.882441
-0.851303
-0.843158
-0.872871
-0.849175
-0.869652
-0.85613
-0.856552
-0.876102
-0.842837
-0.879667
-0.875401
-0.847682
-0.8384
-0.843341
-0.873347
-0.878299
-0.886436
-0.855344
-0.843328
-0.885321
-0.870017
-0.862395
-0.869447
-0.84461
-0.859968
-0.873703
-0.885342
-0.857237
-0.852923
-0.867326
-0.863615
-0.854393
-0.860329
-0.878985
-0.882276
-0.883707
-0.832758
-0.859084
-0.867711
-0.826195
-0.854941
-0.880997
-0.812879
-0.798284
-0.863574
-0.862106
-0.874228
-0.87626
-0.874397
-0.879162
-0.874709
-0.878013
-0.873286
-0.87749
-0.879862
-0.877348
-0.873814
-0.85903
-0.861013
-0.862175
-0.875467
-0.834254
-0.864306
-0.873709
-0.87835
-0.881369
-0.877689
-0.873904
-0.874092
-0.874046
-0.876674
-0.876824
-0.879387
-0.878008
-0.878733
-0.873589
-0.870231
-0.866366
-0.877165
-0.875812
-0.874388
-0.87826
-0.875071
-0.877856
-0.876126
-0.874408
-0.869942
-0.876264
-0.876195
-0.874625
-0.875816
-0.873801
-0.878399
-0.87941
-0.87767
-0.877495
-0.878192
-0.877311
-0.878527
-0.877676
-0.880569
-0.876636
-0.867058
-0.861435
-0.87462
-0.863559
-0.867807
-0.87465
-0.867816
-0.878239
-0.879436
-0.875815
-0.874151
-0.878135
-0.876679
-0.881516
-0.876675
-0.876743
-0.879944
-0.879654
-0.878711
-0.876853
-0.877458
-0.878733
-0.879088
-0.878534
-0.876506
-0.876725
-0.879724
-0.878915
-0.878086
-0.880843
-0.882354
-0.875831
-0.878142
-0.847845
-0.871272
-0.867741
-0.878369
-0.856468
-0.877224
-0.878796
-0.881764
-0.830258
-0.862274
-0.876143
-0.877602
-0.876042
-0.864505
-0.873927
-0.879158
-0.875355
-0.877743
-0.878094
-0.877757
-0.875389
-0.847669
-0.861958
-0.877716
-0.879626
-0.879431
-0.878623
-0.87773
-0.839143
-0.873196
-0.877084
-0.877341
-0.863981
-0.867134
-0.87162
-0.877492
-0.873841
-0.86606
-0.874012
-0.877358
-0.877491
-0.877922
-0.874078
-0.87758
-0.878517
-0.876593
-0.877624
-0.877064
-0.880713
-0.880236
-0.87525
-0.875109
-0.878935
-0.87908
-0.877613
-0.874573
-0.87207
-0.875111
-0.869253
-0.853207
-0.853833
-0.869738
-0.871753
-0.869047
-0.863833
-0.87123
-0.865647
-0.856333
-0.878264
-0.879069
-0.87004
-0.879273
-0.879881
-0.839124
-0.844189
-0.855103
-0.877072
-0.872726
-0.87726
-0.877257
-0.875577
-0.879755
-0.881163
-0.879337
-0.879629
-0.875981
-0.877677
-0.882332
-0.878399
-0.870102
-0.877522
-0.872702
-0.866787
-0.87139
-0.87288
-0.870516
-0.874836
-0.879255
-0.876928
-0.876868
-0.850441
-0.85812
-0.866071
-0.864228
-0.867564
-0.875027
-0.86885
-0.846802
-0.864623
-0.8393
-0.868084
-0.860778
-0.871302
-0.873272
-0.876629
-0.863421
-0.871659
-0.856496
-0.858987
-0.841866
-0.845828
-0.868905
-0.872566
-0.877085
-0.860359
-0.858961
-0.868437
-0.8543
-0.86895
-0.866028
-0.872819
-0.870289
-0.874365
-0.853383
-0.864681
-0.862564
-0.852942
-0.865862
-0.860812
-0.858818
-0.829153
-0.860348
-0.849067
-0.845312
-0.848669
-0.847565
-0.864358
-0.866111
-0.870404
-0.861197
-0.85207
-0.871502
-0.852613
-0.875187
-0.871318
-0.876257
-0.84513
-0.853693
-0.865968
-0.846902
-0.858712
-0.865372
-0.86622
-0.842294
-0.851627
-0.869137
-0.853364
-0.872693
-0.854831
-0.867979
-0.839265
-0.858323
-0.85689
-0.860085
-0.846685
-0.862091
-0.868667
-0.858087
-0.864091
-0.872371
-0.869972
-0.870977
-0.875815
-0.858582
-0.859251
-0.843011
-0.871479
-0.875483
-0.870419
-0.87674
-0.877257
-0.87154
-0.879734
-0.878177
-0.87416
-0.863815
-0.838068
-0.872907
-0.852231
-0.875553
-0.881241
-0.87003
-0.849036
-0.859058
-0.861301
-0.875415
-0.869991
-0.865123
-0.863193
-0.861944
-0.834732
-0.840167
-0.84854
-0.874328
-0.872291
-0.873199
-0.843971
-0.864214
-0.859939
-0.860274
-0.856658
-0.870577
-0.871384
-0.87561
-0.875846
-0.856391
-0.8461
-0.862035
-0.817265
-0.83545
-0.827617
-0.787472
-0.78467
-0.811924
-0.816552
-0.850684
-0.868029
-0.876496
-0.877865
-0.879018
-0.872129
-0.872148
-0.87165
-0.873256
-0.847028
-0.852143
-0.869531
-0.81863
-0.852943
-0.844089
-0.788229
-0.798359
-0.814161
-0.805782
-0.831916
-0.851026
-0.877306
-0.873118
-0.875989
-0.875652
-0.872903
-0.875042
-0.868476
-0.87505
-0.873308
-0.876973
-0.87192
-0.872235
-0.872862
-0.869586
-0.853612
-0.836042
-0.84805
-0.86296
-0.870604
-0.878529
-0.84116
-0.863767
-0.853136
-0.860678
-0.867657
-0.854339
-0.837891
-0.827235
-0.795555
-0.780951
-0.797266
-0.841808
-0.872057
-0.876013
-0.858988
-0.872602
-0.835518
-0.855055
-0.856646
-0.871877
-0.855565
-0.866071
-0.861358
-0.861691
-0.851906
-0.872333
-0.856044
-0.847009
-0.855058
-0.865011
-0.867254
-0.865958
-0.838134
-0.832401
-0.854469
-0.864498
-0.848801
-0.78788
-0.860535
-0.866544
-0.85199
-0.871043
-0.87071
-0.858525
-0.859815
-0.852993
-0.864029
-0.834389
-0.805693
-0.781279
-0.776184
-0.792147
-0.812722
-0.830936
-0.84309
-0.862724
-0.857241
-0.873542
-0.876682
-0.870143
-0.865027
-0.87522
-0.8701
-0.872113
-0.862912
-0.858155
-0.868204
-0.867322
-0.875705
-0.874969
-0.872267
-0.871441
-0.870393
-0.823754
-0.822942
-0.810843
-0.786109
-0.79202
-0.805867
-0.818096
-0.812201
-0.845168
-0.866565
-0.871183
-0.872578
-0.871615
-0.875819
-0.871567
-0.878884
-0.874399
-0.873255
-0.873389
-0.871971
-0.870028
-0.861724
-0.867283
-0.868418
-0.866367
-0.866135
-0.875006
-0.868602
-0.865183
-0.866471
-0.871599
-0.869648
-0.870999
-0.870597
-0.871236
-0.872051
-0.874496
-0.866722
-0.873397
-0.868393
-0.858338
-0.874124
-0.870916
-0.868721
-0.872234
-0.867531
-0.871165
-0.8719
-0.870981
-0.871711
-0.870277
-0.875156
-0.873504
-0.873973
-0.872364
-0.87176
-0.869881
-0.872354
-0.872678
-0.86521
-0.869773
-0.873387
-0.869729
-0.86484
-0.870005
-0.870788
-0.868842
-0.873726
-0.869503
-0.868393
-0.868984
-0.861782
-0.869223
-0.873349
-0.869583
-0.868351
-0.87265
-0.873288
-0.871766
-0.870111
-0.868492
-0.871316
-0.871107
-0.866387
-0.870818
-0.87224
-0.868347
-0.869058
-0.872593
-0.871894
-0.871011
-0.869264
-0.872598
-0.863221
-0.87193
-0.86095
-0.861688
-0.852002
-0.827259
-0.822408
-0.797277
-0.797523
-0.810461
-0.840888
-0.8357
-0.863054
-0.865187
-0.877625
-0.877888
-0.881615
-0.844758
-0.82343
-0.802575
-0.816852
-0.833585
-0.828137
-0.84328
-0.821093
-0.865622
-0.868123
-0.874211
-0.872891
-0.866068
-0.867028
-0.861846
-0.858948
-0.861767
-0.867245
-0.857091
-0.853062
-0.847303
-0.868217
-0.845725
-0.872064
-0.869813
-0.873684
-0.874768
-0.87014
-0.864802
-0.852204
-0.862612
-0.867348
-0.860586
-0.857452
-0.864817
-0.856301
-0.858797
-0.853898
-0.863874
-0.869472
-0.869732
-0.863051
-0.833254
-0.837809
-0.807257
-0.799478
-0.820323
-0.808839
-0.8224
-0.809762
-0.839327
-0.857085
-0.873868
-0.871697
-0.872877
-0.87223
-0.872396
-0.864999
-0.869301
-0.869832
-0.872017
-0.870849
-0.872408
-0.874815
-0.87213
-0.871081
-0.87072
-0.870736
-0.873167
-0.872124
-0.872442
-0.871931
-0.87075
-0.870875
-0.862454
-0.866626
-0.814338
-0.852061
-0.850018
-0.859362
-0.882116
-0.876669
-0.830105
-0.817214
-0.791044
-0.779707
-0.80986
-0.813672
-0.823254
-0.835591
-0.844167
-0.862307
-0.870416
-0.875678
-0.873773
-0.873305
-0.864277
-0.872546
-0.869777
-0.863952
-0.806506
-0.853963
-0.867781
-0.868368
-0.866427
-0.858407
-0.857231
-0.852868
-0.868258
-0.838648
-0.822139
-0.809552
-0.803212
-0.837035
-0.817292
-0.80255
-0.847638
-0.872294
-0.87655
-0.870716
-0.860997
-0.868896
-0.87063
-0.86371
-0.867707
-0.866131
-0.868657
-0.873246
-0.866817
-0.863641
-0.866675
-0.870374
-0.809885
-0.853893
-0.868625
-0.857742
-0.858077
-0.838943
-0.845829
-0.858477
-0.86194
-0.859177
-0.825496
-0.816417
-0.821655
-0.809252
-0.810499
-0.81272
-0.818723
-0.821973
-0.8655
-0.876592
-0.868462
-0.873735
-0.868442
-0.870682
-0.866697
-0.871739
-0.870486
-0.871987
-0.873106
-0.86953
-0.856303
-0.870392
-0.869962
-0.868138
-0.814257
-0.844812
-0.869254
-0.862992
-0.860779
-0.847658
-0.860538
-0.842987
-0.824656
-0.80219
-0.797459
-0.796979
-0.818014
-0.834308
-0.819334
-0.852213
-0.860987
-0.870239
-0.873057
-0.867576
-0.875003
-0.872261
-0.872376
-0.870558
-0.871062
-0.869493
-0.869333
-0.870654
-0.866193
-0.871317
-0.860238
-0.866733
-0.856053
-0.859344
-0.870889
-0.872122
-0.872115
-0.869807
-0.862213
-0.868502
-0.865562
-0.865759
-0.864667
-0.866739
-0.871317
-0.869435
-0.869768
-0.866761
-0.867221
-0.86556
-0.867543
-0.865174
-0.868909
-0.866636
-0.869242
-0.869798
-0.865714
-0.859901
-0.864455
-0.862814
-0.868744
-0.866834
-0.86444
-0.869648
-0.86344
-0.86423
-0.865997
-0.867356
-0.872298
-0.869109
-0.867331
-0.865858
-0.867322
-0.867419
-0.870715
-0.867094
-0.862913
-0.867445
-0.867571
-0.867445
-0.862395
-0.865235
-0.867061
-0.861199
-0.863467
-0.863768
-0.86107
-0.863088
-0.868388
-0.869231
-0.870793
-0.867805
-0.868325
-0.868768
-0.87265
-0.869997
-0.871192
-0.867814
-0.867629
-0.868903
-0.864873
-0.868755
-0.866098
-0.868573
-0.867961
-0.866553
-0.865214
-0.865242
-0.867504
-0.869814
-0.868087
-0.865563
-0.873614
-0.874511
-0.869814
-0.867551
-0.872782
-0.869668
-0.867569
-0.862798
-0.868403
-0.868938
-0.863234
-0.864212
-0.870704
-0.870856
-0.869347
-0.861158
-0.859891
-0.862641
-0.861666
-0.867774
-0.862674
-0.863263
-0.864457
-0.86699
-0.86332
-0.861063
-0.866306
-0.862238
-0.863434
-0.860532
-0.865794
-0.864844
-0.873434
-0.865018
-0.865068
-0.863446
-0.860972
-0.863832
-0.864056
-0.867896
-0.866715
-0.866642
-0.865891
-0.865209
-0.866153
-0.866722
-0.863073
-0.854726
-0.857132
-0.850291
-0.827245
-0.848423
-0.868274
-0.86674
-0.872457
-0.85757
-0.865921
-0.875915
-0.874896
-0.857513
-0.876088
-0.868099
-0.869099
-0.861542
-0.856115
-0.839383
-0.83565
-0.814479
-0.802555
-0.818501
-0.830337
-0.836152
-0.812365
-0.825888
-0.868547
-0.869162
-0.87116
-0.871307
-0.86795
-0.85178
-0.854125
-0.867874
-0.85785
-0.859981
-0.8666
-0.83106
-0.810809
-0.8035
-0.815393
-0.78919
-0.809362
-0.820611
-0.822659
-0.866253
-0.85336
-0.858804
-0.853885
-0.864736
-0.855367
-0.864509
-0.870922
-0.868788
-0.869604
-0.867337
-0.871098
-0.870189
-0.859673
-0.867752
-0.870082
-0.871213
-0.863246
-0.860597
-0.860362
-0.866301
-0.864272
-0.870614
-0.861886
-0.866144
-0.862091
-0.864116
-0.861133
-0.866063
-0.864099
-0.866488
-0.862223
-0.868801
-0.860268
-0.86451
-0.86697
-0.864549
-0.863588
-0.863114
-0.865278
-0.863941
-0.859034
-0.865211
-0.861254
-0.865757
-0.862414
-0.864691
-0.866879
-0.861422
-0.865278
-0.864784
-0.86877
-0.864719
-0.853887
-0.865334
-0.867171
-0.86384
-0.86515
-0.863627
-0.860585
-0.861804
-0.857278
-0.862797
-0.857428
-0.862404
-0.865492
-0.868258
-0.864908
-0.866532
-0.865004
-0.870467
-0.864819
-0.869336
-0.865495
-0.863037
-0.867001
-0.86633
-0.863699
-0.866133
-0.859833
-0.865593
-0.866129
-0.866516
-0.866187
-0.862064
-0.864147
-0.860382
-0.864192
-0.865751
-0.862847
-0.864126
-0.862651
-0.866905
-0.866562
-0.864074
-0.864099
-0.866493
-0.862477
-0.86117
-0.863525
-0.862763
-0.860893
-0.862746
-0.863009
-0.860794
-0.860855
-0.861933
-0.861887
-0.866137
-0.865235
-0.860902
-0.863569
-0.870432
-0.86709
-0.860481
-0.867429
-0.866028
-0.868451
-0.86666
-0.867017
-0.866754
-0.866851
-0.864413
-0.846128
-0.82385
-0.865219
-0.860774
-0.822866
-0.819446
-0.807087
-0.818698
-0.783798
-0.826433
-0.871875
-0.869328
-0.871241
-0.872413
-0.854646
-0.820486
-0.839812
-0.82454
-0.835084
-0.815789
-0.808306
-0.844283
-0.85728
-0.85415
-0.871987
-0.867122
-0.858581
-0.854685
-0.845412
-0.86836
-0.833952
-0.754732
-0.852746
-0.866546
-0.862795
-0.848276
-0.855555
-0.856578
-0.864031
-0.861215
-0.867375
-0.855753
-0.859805
-0.807036
-0.813949
-0.805954
-0.825726
-0.816549
-0.82795
-0.836849
-0.856191
-0.863989
-0.866188
-0.863154
-0.861522
-0.866127
-0.86555
-0.867486
-0.857643
-0.867578
-0.862814
-0.865239
-0.860793
-0.864423
-0.863089
-0.864978
-0.863719
-0.862344
-0.868511
-0.866915
-0.869635
-0.863818
-0.864252
-0.867454
-0.864013
-0.861754
-0.86417
-0.867526
-0.864941
-0.863441
-0.863683
-0.863248
-0.865848
-0.866521
-0.862755
-0.864496
-0.865392
-0.864802
-0.861778
-0.86051
-0.868724
-0.86262
-0.861434
-0.865689
-0.862728
-0.860295
-0.859753
-0.867344
-0.864162
-0.859332
-0.859903
-0.864084
-0.869481
-0.864822
-0.861391
-0.86743
-0.861742
-0.864495
-0.864985
-0.869928
-0.865793
-0.865426
-0.864578
-0.86184
-0.863485
-0.860596
-0.860773
-0.86496
-0.863235
-0.866061
-0.861693
-0.865362
-0.855717
-0.861388
-0.865998
-0.859232
-0.867405
-0.863323
-0.860838
-0.862306
-0.861904
-0.860513
-0.863957
-0.863205
-0.862382
-0.860295
-0.859769
-0.862233
-0.863369
-0.861614
-0.86388
-0.862429
-0.860798
-0.864358
-0.860345
-0.861842
-0.857676
-0.864315
-0.863731
-0.864049
-0.869885
-0.867374
-0.865249
-0.865141
-0.860661
-0.861808
-0.860023
-0.865902
-0.86068
-0.867923
-0.861676
-0.860602
-0.864079
-0.867252
-0.864014
-0.864916
-0.866957
-0.86645
-0.865944
-0.864994
-0.861978
-0.86395
-0.865893
-0.865227
-0.863882
-0.860372
-0.864463
-0.859324
-0.861814
-0.862763
-0.866072
-0.86172
-0.865678
-0.866337
-0.86002
-0.865461
-0.861464
-0.862138
-0.855544
-0.864583
-0.864353
-0.866238
-0.863731
-0.862149
-0.866519
-0.862039
-0.863429
-0.862959
-0.86647
-0.863254
-0.871971
-0.866881
-0.85881
-0.868486
-0.866212
-0.859826
-0.864875
-0.85799
-0.866794
-0.864572
-0.869396
-0.866847
-0.865402
-0.863418
-0.868156
-0.862987
-0.861579
-0.863525
-0.86583
-0.861332
-0.862025
-0.862352
-0.857434
-0.861123
-0.865251
-0.864697
-0.866961
-0.861486
-0.863134
-0.86425
-0.860776
-0.860603
-0.868222
-0.861856
-0.86255
-0.867274
-0.865238
-0.866844
-0.861092
-0.865509
-0.869073
-0.8654
-0.868641
-0.867394
-0.861955
-0.862965
-0.865563
-0.863622
-0.867671
-0.870247
-0.867406
-0.863673
-0.857959
-0.865387
-0.864865
-0.862125
-0.864705
-0.8629
-0.869739
-0.868343
-0.864785
-0.869832
-0.864314
-0.870002
-0.858961
-0.868186
-0.867622
-0.868612
-0.868925
-0.863666
-0.863881
-0.867252
-0.866141
-0.869572
-0.864775
-0.86904
-0.862113
-0.865671
-0.866892
-0.868601
-0.864154
-0.865475
-0.861371
-0.863567
-0.867796
-0.8587
-0.857964
-0.870192
-0.863536
-0.861191
-0.862815
-0.866947
-0.862411
-0.867036
-0.867545
-0.866446
-0.865891
-0.864902
-0.863145
-0.863246
-0.866597
-0.862862
-0.865883
-0.866243
-0.867321
-0.865498
-0.864036
-0.86728
-0.864604
-0.866864
-0.867001
-0.855154
-0.841004
-0.834461
-0.838153
-0.86569
-0.861212
-0.864366
-0.832769
-0.845645
-0.854508
-0.848138
-0.852923
-0.862689
-0.862749
-0.865318
-0.839798
-0.841298
-0.848609
-0.849024
-0.858784
-0.863181
-0.857767
-0.805296
-0.804239
-0.831219
-0.816335
-0.846002
-0.825844
-0.826056
-0.858086
-0.865445
-0.866887
-0.853852
-0.859248
-0.862047
-0.840554
-0.836545
-0.807648
-0.798342
-0.784414
-0.78042
-0.770276
-0.818957
-0.84059
-0.855108
-0.845165
-0.836818
-0.86596
-0.84365
-0.86153
-0.857203
-0.861486
-0.859105
-0.84741
-0.845506
-0.858315
-0.85491
-0.860959
-0.841407
-0.820784
-0.793876
-0.78688
-0.801817
-0.781816
-0.814262
-0.830407
-0.86283
-0.861721
-0.845444
-0.848585
-0.839619
-0.850955
-0.856031
-0.864526
-0.863476
-0.85941
-0.85842
-0.865539
-0.859468
-0.861489
-0.862561
-0.863851
-0.862454
-0.867989
-0.865835
-0.864068
-0.865038
-0.858441
-0.860747
-0.864462
-0.8622
-0.864524
-0.86799
-0.863473
-0.86244
-0.860295
-0.867669
-0.865931
-0.870517
-0.865765
-0.861535
-0.864441
-0.864084
-0.863153
-0.863917
-0.865697
-0.867054
-0.869132
-0.856385
-0.859722
-0.856561
-0.853358
-0.860238
-0.863949
-0.864034
-0.860626
-0.86368
-0.862007
-0.866838
-0.864456
-0.855961
-0.859658
-0.862545
-0.860359
-0.861354
-0.863195
-0.864917
-0.862856
-0.865059
-0.855017
-0.863178
-0.860438
-0.859049
-0.858057
-0.859774
-0.857386
-0.863954
-0.865183
-0.865473
-0.855915
-0.856724
-0.844785
-0.808956
-0.821861
-0.852335
-0.859985
-0.861243
-0.843437
-0.85029
-0.830931
-0.829759
-0.817029
-0.845516
-0.853484
-0.860792
-0.834245
-0.809885
-0.82292
-0.785207
-0.799693
-0.768051
-0.827801
-0.821035
-0.83295
-0.851922
-0.847443
-0.848407
-0.862343
-0.858408
-0.863617
-0.83481
-0.855298
-0.772205
-0.812301
-0.790928
-0.76335
-0.824807
-0.785254
-0.805094
-0.849302
-0.861766
-0.861305
-0.858665
-0.860503
-0.859661
-0.854767
-0.856364
-0.860194
-0.845442
-0.853444
-0.858647
-0.857399
-0.861229
-0.859033
-0.855916
-0.858842
-0.852981
-0.858288
-0.858519
-0.865435
-0.854228
-0.860197
-0.863148
-0.853002
-0.861594
-0.859753
-0.859668
-0.857128
-0.857573
-0.863568
-0.863611
-0.865678
-0.863451
-0.862756
-0.863401
-0.857167
-0.857749
-0.860812
-0.858172
-0.861002
-0.859693
-0.860996
-0.86075
-0.854735
-0.854149
-0.855288
-0.857339
-0.857664
-0.860583
-0.859179
-0.860535
-0.85691
-0.853233
-0.857015
-0.86103
-0.86483
-0.863598
-0.866262
-0.860555
-0.85897
-0.86414
-0.859237
-0.855856
-0.858765
-0.857956
-0.860601
-0.863205
-0.857516
-0.863399
-0.860371
-0.863728
-0.866939
-0.864807
-0.861856
-0.861057
-0.869869
-0.865896
-0.862904
-0.864934
-0.865936
-0.858185
-0.862206
-0.861884
-0.862929
-0.866048
-0.863317
-0.86505
-0.863619
-0.863026
-0.863929
-0.861342
-0.863251
-0.867625
-0.862807
-0.864347
-0.864208
-0.866103
-0.869808
-0.861909
-0.86028
-0.86248
-0.862083
-0.867047
-0.863024
-0.864078
-0.865034
-0.86439
-0.861468
-0.867612
-0.864058
-0.863485
-0.861038
-0.861611
-0.855796
-0.866335
-0.864023
-0.866376
-0.867585
-0.824127
-0.841113
-0.849935
-0.837353
-0.863107
-0.863128
-0.864909
-0.857669
-0.851157
-0.85031
-0.856121
-0.84346
-0.843287
-0.856537
-0.839001
-0.857498
-0.84533
-0.846387
-0.854442
-0.857702
-0.873082
-0.837506
-0.859664
-0.862395
-0.866577
-0.864307
-0.865109
-0.86598
-0.864099
-0.862795
-0.864718
-0.864178
-0.863063
